geo_id,year,deped_id,total_teacher_male,total_teacher_female,total_teachers,total_student_male,total_student_female,total_student_enrollment
KHM-000000,2014,1020101005.0,2,0,2,26,21,47
KHM-000001,2014,1020103001.0,5,15,20,283,279,562
KHM-000002,2014,1020105008.0,0,1,1,17,6,23
KHM-000003,2014,1020106006.0,2,1,3,82,73,155
KHM-000004,2014,1020107084.0,3,2,5,93,93,186
KHM-000005,2014,1020109003.0,6,2,8,124,135,259
KHM-000006,2014,1020112002.0,5,2,7,110,108,218
KHM-000007,2014,1020115007.0,1,1,2,154,157,311
KHM-000008,2014,1020118004.0,2,2,4,247,199,446
KHM-000009,2014,1020203009.0,9,8,17,217,204,421
KHM-000010,2014,1020209010.0,9,6,15,156,135,291
KHM-000011,2014,1020303078.0,3,0,3,142,128,270
KHM-000012,2014,1020305012.0,2,8,10,187,206,393
KHM-000013,2014,1020309016.0,6,9,15,388,332,720
KHM-000014,2014,1020311013.0,0,3,3,68,58,126
KHM-000015,2014,1020312011.0,4,1,5,74,43,117
KHM-000016,2014,1020313014.0,4,1,5,173,160,333
KHM-000017,2014,1020317015.0,2,3,5,196,213,409
KHM-000018,2014,1020318080.0,4,1,5,70,80,150
KHM-000019,2014,1020402019.0,1,4,5,149,175,324
KHM-000020,2014,1020404018.0,0,3,3,113,116,229
KHM-000021,2014,1020406017.0,4,2,6,151,134,285
KHM-000022,2014,1020408020.0,1,0,1,66,40,106
KHM-000023,2014,1020501022.0,3,4,7,120,139,259
KHM-000024,2014,1020503023.0,2,5,7,88,61,149
KHM-000025,2014,1020506021.0,3,1,4,92,78,170
KHM-000026,2014,1020508024.0,4,2,6,102,95,197
KHM-000027,2014,1020602028.0,9,3,12,355,351,706
KHM-000028,2014,1020605029.0,2,6,8,145,130,275
KHM-000029,2014,1020608026.0,0,2,2,23,21,44
KHM-000030,2014,1020609027.0,3,3,6,212,219,431
KHM-000031,2014,1020611025.0,3,4,7,129,142,271
KHM-000032,2014,1020612079.0,1,1,2,55,45,100
KHM-000033,2014,1020613030.0,2,2,4,75,62,137
KHM-000034,2014,1020614031.0,2,1,3,89,107,196
KHM-000035,2014,1020701034.0,5,6,11,221,189,410
KHM-000036,2014,1020704033.0,3,1,4,105,94,199
KHM-000037,2014,1020705032.0,2,1,3,58,58,116
KHM-000038,2014,1020707035.0,1,1,2,58,52,110
KHM-000039,2014,1020708036.0,4,0,4,94,96,190
KHM-000040,2014,1020710037.0,3,7,10,273,227,500
KHM-000041,2014,1020801043.0,0,3,3,46,54,100
KHM-000042,2014,1020803045.0,3,8,11,216,248,464
KHM-000043,2014,1020808044.0,2,0,2,26,22,48
KHM-000044,2014,1020809042.0,1,0,1,52,53,105
KHM-000045,2014,1020810038.0,2,1,3,151,162,313
KHM-000046,2014,1020811041.0,3,1,4,22,21,43
KHM-000047,2014,1020812040.0,4,0,4,41,22,63
KHM-000048,2014,1020813039.0,4,4,8,111,141,252
KHM-000049,2014,1020901046.0,4,3,7,91,95,186
KHM-000050,2014,1020902052.0,3,6,9,110,97,207
KHM-000051,2014,1020903054.0,1,2,3,19,12,31
KHM-000052,2014,1020905057.0,1,6,7,83,80,163
KHM-000053,2014,1020906047.0,3,7,10,109,99,208
KHM-000054,2014,1020908048.0,3,0,3,19,15,34
KHM-000055,2014,1020909051.0,3,4,7,52,70,122
KHM-000056,2014,1020913050.0,0,6,6,46,41,87
KHM-000057,2014,1020914053.0,3,4,7,44,55,99
KHM-000058,2014,1020916049.0,2,5,7,42,32,74
KHM-000059,2014,1020917055.0,6,16,22,305,337,642
KHM-000060,2014,1020917056.0,6,19,25,390,390,780
KHM-000061,2014,1021003059.0,2,2,4,145,153,298
KHM-000062,2014,1021005060.0,4,1,5,94,104,198
KHM-000063,2014,1021008061.0,3,1,4,154,148,302
KHM-000064,2014,1021010058.0,1,0,1,6,13,19
KHM-000065,2014,1021011062.0,1,2,3,92,95,187
KHM-000066,2014,1021103066.0,3,4,7,208,189,397
KHM-000067,2014,1021106065.0,9,7,16,528,502,1030
KHM-000068,2014,1021109064.0,3,3,6,171,153,324
KHM-000069,2014,1021111063.0,0,3,3,71,61,132
KHM-000070,2014,1021112081.0,0,0,0,51,46,97
KHM-000071,2014,1021113082.0,1,0,1,78,94,172
KHM-000072,2014,1021114083.0,1,0,1,33,29,62
KHM-000073,2014,1021202070.0,0,4,4,160,162,322
KHM-000074,2014,1021205069.0,2,3,5,168,158,326
KHM-000075,2014,1021207068.0,1,1,2,75,69,144
KHM-000076,2014,1021209067.0,0,1,1,90,65,155
KHM-000077,2014,1021301076.0,1,7,8,88,93,181
KHM-000078,2014,1021302077.0,3,5,8,124,108,232
KHM-000079,2014,1021304072.0,2,2,4,80,79,159
KHM-000080,2014,1021305074.0,2,3,5,94,89,183
KHM-000081,2014,1021306071.0,2,0,2,43,38,81
KHM-000082,2014,1021307075.0,0,1,1,39,38,77
KHM-000083,2014,1021308073.0,1,3,4,33,34,67
KHM-000084,2014,1030101003.0,5,1,6,42,41,83
KHM-000085,2014,1030103005.0,4,0,4,151,154,305
KHM-000086,2014,1030108001.0,4,0,4,104,95,199
KHM-000087,2014,1030110030.0,4,0,4,52,36,88
KHM-000088,2014,1030111032.0,4,1,5,50,37,87
KHM-000089,2014,1030113027.0,5,0,5,83,103,186
KHM-000090,2014,1030114004.0,2,3,5,30,40,70
KHM-000091,2014,1030115028.0,3,3,6,83,83,166
KHM-000092,2014,1030115038.0,4,1,5,32,39,71
KHM-000093,2014,1030201006.0,7,3,10,101,82,183
KHM-000094,2014,1030202039.0,4,5,9,75,81,156
KHM-000095,2014,1030203008.0,11,11,22,197,188,385
KHM-000096,2014,1030206026.0,4,7,11,78,82,160
KHM-000097,2014,1030207007.0,6,2,8,28,34,62
KHM-000098,2014,1030208031.0,11,3,14,71,80,151
KHM-000099,2014,1030209033.0,1,3,4,57,56,113
KHM-000100,2014,1030210034.0,4,0,4,29,20,49
KHM-000101,2014,1030211035.0,1,2,3,30,29,59
KHM-000102,2014,1030212036.0,5,0,5,27,20,47
KHM-000103,2014,1030301011.0,10,5,15,186,168,354
KHM-000104,2014,1030303014.0,12,0,12,185,165,350
KHM-000105,2014,1030304013.0,6,0,6,104,67,171
KHM-000106,2014,1030305009.0,4,3,7,66,75,141
KHM-000107,2014,1030306010.0,5,1,6,77,69,146
KHM-000108,2014,1030307012.0,10,5,15,171,184,355
KHM-000109,2014,1030308041.0,3,0,3,19,22,41
KHM-000110,2014,1030401017.0,4,9,13,129,108,237
KHM-000111,2014,1030402040.0,2,4,6,34,35,69
KHM-000112,2014,1030403016.0,6,6,12,137,128,265
KHM-000113,2014,1030406002.0,2,6,8,79,83,162
KHM-000114,2014,1030501024.0,3,14,17,178,181,359
KHM-000115,2014,1030507020.0,4,4,8,63,70,133
KHM-000116,2014,1030508029.0,5,3,8,51,56,107
KHM-000117,2014,1030516022.0,4,10,14,146,159,305
KHM-000118,2014,1030601015.0,5,5,10,85,60,145
KHM-000119,2014,1030602025.0,6,4,10,91,87,178
KHM-000120,2014,1030603019.0,6,8,14,148,172,320
KHM-000121,2014,1030604018.0,6,1,7,74,62,136
KHM-000122,2014,1030606021.0,8,1,9,87,77,164
KHM-000123,2014,1030608023.0,1,2,3,39,29,68
KHM-000124,2014,1030610037.0,6,0,6,36,39,75
KHM-000125,2014,1040107001.0,1,1,2,102,105,207
KHM-000126,2014,1040108002.0,2,1,3,46,56,102
KHM-000127,2014,1040110049.0,5,0,5,133,188,321
KHM-000128,2014,1040111048.0,3,0,3,127,84,211
KHM-000129,2014,1040201003.0,7,6,13,349,325,674
KHM-000130,2014,1040203008.0,2,1,3,28,25,53
KHM-000131,2014,1040204051.0,4,0,4,63,62,125
KHM-000132,2014,1040205009.0,5,0,5,59,63,122
KHM-000133,2014,1040207004.0,5,0,5,87,75,162
KHM-000134,2014,1040208046.0,2,3,5,95,88,183
KHM-000135,2014,1040209005.0,2,4,6,83,58,141
KHM-000136,2014,1040210007.0,4,2,6,195,159,354
KHM-000137,2014,1040212045.0,4,0,4,37,46,83
KHM-000138,2014,1040302014.0,8,8,16,322,287,609
KHM-000139,2014,1040304016.0,5,2,7,217,213,430
KHM-000140,2014,1040307013.0,2,3,5,73,80,153
KHM-000141,2014,1040308015.0,5,1,6,95,94,189
KHM-000142,2014,1040310011.0,4,5,9,230,179,409
KHM-000143,2014,1040313047.0,1,3,4,87,72,159
KHM-000144,2014,1040314010.0,2,0,2,82,89,171
KHM-000145,2014,1040315012.0,1,2,3,117,141,258
KHM-000146,2014,1040401019.0,2,4,6,70,99,169
KHM-000147,2014,1040402054.0,3,0,3,76,72,148
KHM-000148,2014,1040405050.0,4,1,5,63,72,135
KHM-000149,2014,1040406017.0,2,4,6,104,82,186
KHM-000150,2014,1040410020.0,8,6,14,216,183,399
KHM-000151,2014,1040413018.0,2,3,5,98,111,209
KHM-000152,2014,1040501052.0,5,0,5,63,57,120
KHM-000153,2014,1040503023.0,6,6,12,290,259,549
KHM-000154,2014,1040505025.0,5,1,6,136,109,245
KHM-000155,2014,1040507053.0,1,2,3,66,44,110
KHM-000156,2014,1040508026.0,2,3,5,96,92,188
KHM-000157,2014,1040509027.0,2,2,4,105,70,175
KHM-000158,2014,1040511028.0,3,1,4,82,89,171
KHM-000159,2014,1040512024.0,3,0,3,52,64,116
KHM-000160,2014,1040513022.0,2,2,4,62,76,138
KHM-000161,2014,1040601033.0,4,4,8,107,116,223
KHM-000162,2014,1040602034.0,3,2,5,144,137,281
KHM-000163,2014,1040604037.0,4,4,8,116,86,202
KHM-000164,2014,1040605036.0,1,0,1,34,21,55
KHM-000165,2014,1040606029.0,2,1,3,26,38,64
KHM-000166,2014,1040607030.0,5,1,6,80,78,158
KHM-000167,2014,1040608031.0,4,3,7,97,85,182
KHM-000168,2014,1040610032.0,4,0,4,46,36,82
KHM-000169,2014,1040611035.0,4,0,4,45,38,83
KHM-000170,2014,1040701038.0,4,0,4,52,67,119
KHM-000171,2014,1040703039.0,2,7,9,128,139,267
KHM-000172,2014,1040801006.0,6,0,6,165,168,333
KHM-000173,2014,1040804041.0,2,5,7,114,107,221
KHM-000174,2014,1040807040.0,5,2,7,103,96,199
KHM-000175,2014,1040809042.0,5,2,7,80,91,171
KHM-000176,2014,1040811044.0,2,5,7,88,95,183
KHM-000177,2014,1040817043.0,5,3,8,84,125,209
KHM-000178,2014,1040819021.0,3,4,7,151,164,315
KHM-000179,2014,1040901055.0,2,0,2,16,19,35
KHM-000180,2014,1040903056.0,3,2,5,111,145,256
KHM-000181,2014,1040906057.0,5,2,7,155,138,293
KHM-000182,2014,1040907058.0,2,0,2,31,31,62
KHM-000183,2014,1040911059.0,4,2,6,152,161,313
KHM-000184,2014,1040914060.0,1,0,1,16,27,43
KHM-000185,2014,1040915061.0,2,1,3,56,56,112
KHM-000186,2014,1040917062.0,4,1,5,115,94,209
KHM-000187,2014,1050101001.0,5,2,7,256,236,492
KHM-000188,2014,1050106002.0,4,0,4,102,103,205
KHM-000189,2014,1050202004.0,1,7,8,163,155,318
KHM-000190,2014,1050205003.0,1,5,6,80,84,164
KHM-000191,2014,1050209005.0,3,3,6,69,60,129
KHM-000192,2014,1050210006.0,4,2,6,110,65,175
KHM-000193,2014,1050211030.0,1,3,4,47,53,100
KHM-000194,2014,1050213016.0,4,0,4,148,161,309
KHM-000195,2014,1050301007.0,4,4,8,96,83,179
KHM-000196,2014,1050303008.0,3,3,6,149,118,267
KHM-000197,2014,1050304036.0,2,2,4,57,84,141
KHM-000198,2014,1050305064.0,3,0,3,26,37,63
KHM-000199,2014,1050503021.0,4,6,10,179,157,336
KHM-000200,2014,1050505022.0,3,1,4,123,116,239
KHM-000201,2014,1050507020.0,4,6,10,132,120,252
KHM-000202,2014,1050508019.0,1,2,3,35,46,81
KHM-000203,2014,1050603024.0,6,5,11,227,200,427
KHM-000204,2014,1050604068.0,1,0,1,28,13,41
KHM-000205,2014,1050605023.0,3,0,3,36,26,62
KHM-000206,2014,1050606069.0,1,2,3,49,49,98
KHM-000207,2014,1050704026.0,3,3,6,206,179,385
KHM-000208,2014,1050706025.0,1,3,4,131,145,276
KHM-000209,2014,1050901040.0,2,0,2,56,64,120
KHM-000210,2014,1050902041.0,1,2,3,66,63,129
KHM-000211,2014,1050903042.0,2,0,2,69,82,151
KHM-000212,2014,1050904043.0,1,1,2,77,67,144
KHM-000213,2014,1050905044.0,2,1,3,101,78,179
KHM-000214,2014,1050906017.0,3,1,4,112,106,218
KHM-000215,2014,1050907018.0,2,2,4,108,167,275
KHM-000216,2014,1050908013.0,3,0,3,137,136,273
KHM-000217,2014,1050909009.0,6,0,6,195,174,369
KHM-000218,2014,1060201007.0,7,17,24,307,271,578
KHM-000219,2014,1060201013.0,9,39,48,682,607,1289
KHM-000220,2014,1060202008.0,3,0,3,69,74,143
KHM-000221,2014,1060203010.0,5,13,18,211,226,437
KHM-000222,2014,1060204011.0,4,9,13,278,216,494
KHM-000223,2014,1060206009.0,5,4,9,119,147,266
KHM-000224,2014,1060207036.0,8,5,13,229,218,447
KHM-000225,2014,1060301015.0,3,3,6,55,75,130
KHM-000226,2014,1060305014.0,2,9,11,163,171,334
KHM-000227,2014,1060401017.0,6,5,11,211,212,423
KHM-000228,2014,1060403018.0,3,3,6,92,80,172
KHM-000229,2014,1060405016.0,4,8,12,177,170,347
KHM-000230,2014,1060501023.0,3,7,10,183,158,341
KHM-000231,2014,1060502019.0,6,11,17,209,182,391
KHM-000232,2014,1060503022.0,7,7,14,165,155,320
KHM-000233,2014,1060504021.0,4,8,12,222,183,405
KHM-000234,2014,1060505020.0,10,19,29,453,424,877
KHM-000235,2014,1060601025.0,4,2,6,69,54,123
KHM-000236,2014,1060602024.0,4,2,6,68,67,135
KHM-000237,2014,1060603026.0,4,4,8,138,129,267
KHM-000238,2014,1060607027.0,1,1,2,10,16,26
KHM-000239,2014,1060703029.0,10,18,28,793,748,1541
KHM-000240,2014,1060703035.0,2,5,7,72,35,107
KHM-000241,2014,1060706030.0,11,14,25,264,229,493
KHM-000242,2014,1060707028.0,3,3,6,105,93,198
KHM-000243,2014,1060801032.0,3,10,13,271,205,476
KHM-000244,2014,1060803034.0,11,10,21,355,315,670
KHM-000245,2014,1060804031.0,4,4,8,128,104,232
KHM-000246,2014,1060805033.0,5,12,17,256,261,517
KHM-000247,2014,1070101017.0,18,4,22,316,318,634
KHM-000248,2014,1070105016.0,4,2,6,78,85,163
KHM-000249,2014,1070108018.0,2,3,5,108,105,213
KHM-000250,2014,1070109042.0,2,0,2,38,27,65
KHM-000251,2014,1070201001.0,1,1,2,124,102,226
KHM-000252,2014,1070202003.0,3,1,4,161,178,339
KHM-000253,2014,1070203029.0,6,1,7,188,156,344
KHM-000254,2014,1070205046.0,1,0,1,10,10,20
KHM-000255,2014,1070206041.0,1,0,1,46,44,90
KHM-000256,2014,1070207026.0,2,3,5,59,58,117
KHM-000257,2014,1070212027.0,1,0,1,9,15,24
KHM-000258,2014,1070213004.0,2,1,3,57,53,110
KHM-000259,2014,1070214005.0,6,6,12,402,351,753
KHM-000260,2014,1070215028.0,2,0,2,91,97,188
KHM-000261,2014,1070217034.0,2,0,2,78,61,139
KHM-000262,2014,1070218035.0,1,2,3,51,50,101
KHM-000263,2014,1070219038.0,2,0,2,29,25,54
KHM-000264,2014,1070303011.0,3,7,10,167,158,325
KHM-000265,2014,1070307007.0,3,2,5,34,46,80
KHM-000266,2014,1070308008.0,4,1,5,55,42,97
KHM-000267,2014,1070311009.0,5,0,5,59,54,113
KHM-000268,2014,1070313006.0,3,2,5,66,67,133
KHM-000269,2014,1070315010.0,4,1,5,66,64,130
KHM-000270,2014,1070318040.0,3,1,4,28,33,61
KHM-000271,2014,1070403013.0,11,2,13,165,195,360
KHM-000272,2014,1070404014.0,9,0,9,198,172,370
KHM-000273,2014,1070407015.0,3,0,3,35,45,80
KHM-000274,2014,1070408012.0,2,2,4,49,43,92
KHM-000275,2014,1070501019.0,2,2,4,69,60,129
KHM-000276,2014,1070502020.0,2,0,2,75,80,155
KHM-000277,2014,1070503021.0,4,1,5,101,97,198
KHM-000278,2014,1070504022.0,2,3,5,69,62,131
KHM-000279,2014,1070505023.0,4,1,5,69,65,134
KHM-000280,2014,1070506024.0,6,3,9,280,214,494
KHM-000281,2014,1070506043.0,2,2,4,124,100,224
KHM-000282,2014,1070507031.0,1,0,1,10,17,27
KHM-000283,2014,1070508036.0,2,0,2,38,36,74
KHM-000284,2014,1070509037.0,3,2,5,175,126,301
KHM-000285,2014,1070510039.0,1,0,1,10,5,15
KHM-000286,2014,1070511044.0,1,0,1,41,26,67
KHM-000287,2014,1070512047.0,3,0,3,146,136,282
KHM-000288,2014,1070603002.0,7,3,10,206,152,358
KHM-000289,2014,1070604032.0,3,3,6,88,98,186
KHM-000290,2014,1070605045.0,4,1,5,69,77,146
KHM-000291,2014,1080101005.0,4,2,6,117,91,208
KHM-000292,2014,1080102004.0,4,2,6,79,78,157
KHM-000293,2014,1080103028.0,6,1,7,151,181,332
KHM-000294,2014,1080104003.0,2,3,5,30,33,63
KHM-000295,2014,1080105001.0,5,0,5,85,56,141
KHM-000296,2014,1080106002.0,5,1,6,64,56,120
KHM-000297,2014,1080107032.0,3,0,3,28,20,48
KHM-000298,2014,1080108030.0,3,0,3,96,87,183
KHM-000299,2014,1080109033.0,2,0,2,20,19,39
KHM-000300,2014,1080203008.0,6,3,9,141,142,283
KHM-000301,2014,1080204010.0,5,1,6,111,116,227
KHM-000302,2014,1080206009.0,1,1,2,13,19,32
KHM-000303,2014,1080301014.0,1,4,5,93,99,192
KHM-000304,2014,1080302012.0,5,6,11,272,245,517
KHM-000305,2014,1080304015.0,3,0,3,118,127,245
KHM-000306,2014,1080305031.0,2,2,4,53,55,108
KHM-000307,2014,1080306013.0,3,1,4,72,71,143
KHM-000308,2014,1080307011.0,1,0,1,16,15,31
KHM-000309,2014,1080308042.0,0,0,0,91,91,182
KHM-000310,2014,1080309043.0,1,2,3,55,51,106
KHM-000311,2014,1080406007.0,13,8,21,300,291,591
KHM-000312,2014,1080408034.0,5,0,5,77,71,148
KHM-000313,2014,1080410029.0,3,2,5,89,83,172
KHM-000314,2014,1080411036.0,3,0,3,40,54,94
KHM-000315,2014,1080413035.0,1,1,2,74,75,149
KHM-000316,2014,1080414037.0,2,1,3,61,51,112
KHM-000317,2014,1080415038.0,1,1,2,51,63,114
KHM-000318,2014,1080503023.0,10,4,14,191,187,378
KHM-000319,2014,1080601022.0,3,0,3,105,113,218
KHM-000320,2014,1080602021.0,2,1,3,106,110,216
KHM-000321,2014,1080605018.0,2,0,2,83,76,159
KHM-000322,2014,1080608017.0,3,1,4,68,52,120
KHM-000323,2014,1080609019.0,1,0,1,30,23,53
KHM-000324,2014,1080610020.0,2,0,2,56,54,110
KHM-000325,2014,1080611016.0,2,0,2,70,62,132
KHM-000326,2014,1080703024.0,9,2,11,191,169,360
KHM-000327,2014,1080704025.0,7,1,8,147,146,293
KHM-000328,2014,1080705026.0,5,0,5,54,56,110
KHM-000329,2014,1080706027.0,6,4,10,173,176,349
KHM-000330,2014,1080707040.0,2,1,3,21,19,40
KHM-000331,2014,1080801006.0,4,2,6,76,78,154
KHM-000332,2014,1080804041.0,3,6,9,76,60,136
KHM-000333,2014,1090101001.0,2,2,4,45,46,91
KHM-000334,2014,1090102002.0,8,6,14,176,214,390
KHM-000335,2014,1090106029.0,3,0,3,176,144,320
KHM-000336,2014,1090201003.0,4,18,22,485,447,932
KHM-000337,2014,1090202004.0,5,5,10,174,164,338
KHM-000338,2014,1090301005.0,2,4,6,157,155,312
KHM-000339,2014,1090302018.0,2,3,5,89,73,162
KHM-000340,2014,1090304021.0,2,3,5,150,150,300
KHM-000341,2014,1090304022.0,3,2,5,56,54,110
KHM-000342,2014,1090401006.0,1,8,9,187,181,368
KHM-000343,2014,1090404008.0,3,3,6,110,120,230
KHM-000344,2014,1090409023.0,1,0,1,49,52,101
KHM-000345,2014,1090501007.0,3,2,5,203,196,399
KHM-000346,2014,1090503030.0,2,2,4,119,95,214
KHM-000347,2014,1090504026.0,0,1,1,38,27,65
KHM-000348,2014,1090505009.0,0,3,3,92,101,193
KHM-000349,2014,1090505028.0,1,0,1,71,74,145
KHM-000350,2014,1090506010.0,4,0,4,133,117,250
KHM-000351,2014,1090507011.0,4,1,5,179,144,323
KHM-000352,2014,1090509031.0,1,0,1,115,104,219
KHM-000353,2014,1090601012.0,4,3,7,148,118,266
KHM-000354,2014,1090601032.0,1,0,1,37,52,89
KHM-000355,2014,1090602013.0,2,6,8,175,161,336
KHM-000356,2014,1090603014.0,2,1,3,67,63,130
KHM-000357,2014,1090604015.0,2,1,3,82,82,164
KHM-000358,2014,1090605016.0,1,3,4,91,72,163
KHM-000359,2014,1090606017.0,2,1,3,90,76,166
KHM-000360,2014,1090607019.0,2,0,2,132,160,292
KHM-000361,2014,1090608020.0,1,0,1,121,123,244
KHM-000362,2014,1090609027.0,1,0,1,84,72,156
KHM-000363,2014,1100103002.0,1,1,2,30,31,61
KHM-000364,2014,1100104003.0,3,2,5,66,93,159
KHM-000365,2014,1100105004.0,1,2,3,21,22,43
KHM-000366,2014,1100106005.0,1,9,10,136,124,260
KHM-000367,2014,1100107006.0,4,2,6,80,79,159
KHM-000368,2014,1100110007.0,3,2,5,20,15,35
KHM-000369,2014,1100111008.0,1,2,3,96,110,206
KHM-000370,2014,1100111009.0,1,1,2,10,13,23
KHM-000371,2014,1100112010.0,2,1,3,68,70,138
KHM-000372,2014,1100113011.0,1,4,5,58,57,115
KHM-000373,2014,1100114012.0,2,0,2,60,67,127
KHM-000374,2014,1100115013.0,2,1,3,60,40,100
KHM-000375,2014,1100116014.0,3,0,3,109,115,224
KHM-000376,2014,1100117015.0,3,1,4,54,60,114
KHM-000377,2014,1100202016.0,11,15,26,504,479,983
KHM-000378,2014,1100202040.0,3,3,6,173,161,334
KHM-000379,2014,1100203017.0,6,11,17,251,252,503
KHM-000380,2014,1100203018.0,5,2,7,102,75,177
KHM-000381,2014,1100203019.0,0,4,4,200,170,370
KHM-000382,2014,1100203020.0,4,4,8,191,148,339
KHM-000383,2014,1100203021.0,13,11,24,511,479,990
KHM-000384,2014,1100203022.0,4,5,9,113,116,229
KHM-000385,2014,1100203023.0,3,0,3,116,101,217
KHM-000386,2014,1100203024.0,6,2,8,165,161,326
KHM-000387,2014,1100211032.0,1,1,2,76,57,133
KHM-000388,2014,1100211033.0,2,4,6,242,213,455
KHM-000389,2014,1100304025.0,5,12,17,352,319,671
KHM-000390,2014,1100304026.0,2,3,5,129,126,255
KHM-000391,2014,1100306027.0,1,3,4,70,39,109
KHM-000392,2014,1100308029.0,0,2,2,176,148,324
KHM-000393,2014,1100309030.0,3,0,3,59,41,100
KHM-000394,2014,1100310031.0,3,1,4,92,65,157
KHM-000395,2014,1100312034.0,7,7,14,328,325,653
KHM-000396,2014,1100313035.0,1,4,5,228,195,423
KHM-000397,2014,1100313036.0,1,1,2,29,13,42
KHM-000398,2014,1100314037.0,17,12,29,520,516,1036
KHM-000399,2014,1100315038.0,1,1,2,35,27,62
KHM-000400,2014,1100316039.0,0,2,2,88,74,162
KHM-000401,2014,2010101046.0,1,1,2,82,73,155
KHM-000402,2014,2010101063.0,3,0,3,59,51,110
KHM-000403,2014,2010104047.0,3,1,4,194,157,351
KHM-000404,2014,2010105016.0,1,1,2,52,56,108
KHM-000405,2014,2010106017.0,0,2,2,63,64,127
KHM-000406,2014,2010201018.0,4,1,5,250,212,462
KHM-000407,2014,2010203019.0,1,1,2,91,57,148
KHM-000408,2014,2010203048.0,1,1,2,51,59,110
KHM-000409,2014,2010205020.0,1,2,3,162,143,305
KHM-000410,2014,2010206050.0,1,1,2,117,121,238
KHM-000411,2014,2010207015.0,0,2,2,67,66,133
KHM-000412,2014,2010302001.0,1,1,2,59,53,112
KHM-000413,2014,2010304002.0,5,1,6,60,67,127
KHM-000414,2014,2010305003.0,4,4,8,188,148,336
KHM-000415,2014,2010308044.0,0,1,1,102,89,191
KHM-000416,2014,2010309004.0,1,1,2,27,16,43
KHM-000417,2014,2010401007.0,6,2,8,68,85,153
KHM-000418,2014,2010402008.0,6,12,18,305,295,600
KHM-000419,2014,2010406009.0,5,8,13,176,167,343
KHM-000420,2014,2010407010.0,2,5,7,110,74,184
KHM-000421,2014,2010410012.0,4,3,7,197,200,397
KHM-000422,2014,2010412013.0,4,2,6,103,86,189
KHM-000423,2014,2010414014.0,4,3,7,89,66,155
KHM-000424,2014,2010415056.0,1,1,2,13,8,21
KHM-000425,2014,2010416011.0,1,4,5,146,123,269
KHM-000426,2014,2010501060.0,2,0,2,30,36,66
KHM-000427,2014,2010502005.0,3,0,3,250,248,498
KHM-000428,2014,2010504038.0,1,2,3,93,83,176
KHM-000429,2014,2010505045.0,3,0,3,76,58,134
KHM-000430,2014,2010507006.0,3,1,4,110,92,202
KHM-000431,2014,2010512055.0,4,2,6,78,51,129
KHM-000432,2014,2010601021.0,2,6,8,57,64,121
KHM-000433,2014,2010602022.0,1,8,9,62,73,135
KHM-000434,2014,2010605023.0,10,23,33,380,334,714
KHM-000435,2014,2010606024.0,4,2,6,62,38,100
KHM-000436,2014,2010607039.0,4,3,7,64,51,115
KHM-000437,2014,2010608025.0,2,2,4,55,64,119
KHM-000438,2014,2010608062.0,1,0,1,9,10,19
KHM-000439,2014,2010609026.0,1,3,4,71,81,152
KHM-000440,2014,2010610027.0,4,7,11,122,164,286
KHM-000441,2014,2010610040.0,2,3,5,77,87,164
KHM-000442,2014,2010702028.0,2,6,8,144,120,264
KHM-000443,2014,2010703029.0,8,14,22,421,412,833
KHM-000444,2014,2010704057.0,0,0,0,85,80,165
KHM-000445,2014,2010705037.0,2,0,2,74,62,136
KHM-000446,2014,2010706049.0,1,5,6,159,135,294
KHM-000447,2014,2010706054.0,1,2,3,28,34,62
KHM-000448,2014,2010707041.0,1,3,4,105,91,196
KHM-000449,2014,2010709030.0,2,3,5,78,80,158
KHM-000450,2014,2010711052.0,3,2,5,122,108,230
KHM-000451,2014,2010711058.0,1,2,3,51,64,115
KHM-000452,2014,2010802031.0,4,5,9,267,264,531
KHM-000453,2014,2010803032.0,1,2,3,66,68,134
KHM-000454,2014,2010804033.0,2,5,7,283,264,547
KHM-000455,2014,2010805034.0,1,2,3,296,248,544
KHM-000456,2014,2010805051.0,1,0,1,12,16,28
KHM-000457,2014,2010805064.0,0,1,1,64,51,115
KHM-000458,2014,2010806035.0,2,2,4,84,71,155
KHM-000459,2014,2010807036.0,1,0,1,128,107,235
KHM-000460,2014,2010808042.0,0,2,2,254,255,509
KHM-000461,2014,2010809043.0,1,0,1,89,104,193
KHM-000462,2014,2010811053.0,0,4,4,39,35,74
KHM-000463,2014,2010812059.0,2,1,3,23,31,54
KHM-000464,2014,2010812061.0,2,4,6,143,127,270
KHM-000465,2014,2020102035.0,1,5,6,149,142,291
KHM-000466,2014,2020102036.0,5,6,11,198,205,403
KHM-000467,2014,2020104037.0,3,6,9,234,224,458
KHM-000468,2014,2020105038.0,2,14,16,364,390,754
KHM-000469,2014,2020107039.0,1,1,2,177,153,330
KHM-000470,2014,2020202032.0,14,7,21,349,298,647
KHM-000471,2014,2020204033.0,8,6,14,424,365,789
KHM-000472,2014,2020209034.0,0,5,5,197,215,412
KHM-000473,2014,2020301021.0,0,10,10,221,241,462
KHM-000474,2014,2020301045.0,1,1,2,43,39,82
KHM-000475,2014,2020302022.0,3,2,5,174,186,360
KHM-000476,2014,2020303023.0,0,4,4,161,137,298
KHM-000477,2014,2020304024.0,3,3,6,119,98,217
KHM-000478,2014,2020305025.0,4,0,4,57,39,96
KHM-000479,2014,2020306026.0,2,2,4,170,178,348
KHM-000480,2014,2020307027.0,3,4,7,101,115,216
KHM-000481,2014,2020308028.0,3,3,6,101,85,186
KHM-000482,2014,2020401011.0,4,3,7,55,49,104
KHM-000483,2014,2020402014.0,5,23,28,475,415,890
KHM-000484,2014,2020403012.0,2,10,12,177,156,333
KHM-000485,2014,2020406013.0,1,10,11,120,81,201
KHM-000486,2014,2020409044.0,0,1,1,89,76,165
KHM-000487,2014,2020411043.0,4,0,4,79,69,148
KHM-000488,2014,2020501001.0,1,5,6,229,217,446
KHM-000489,2014,2020504002.0,3,0,3,178,158,336
KHM-000490,2014,2020505003.0,0,2,2,129,100,229
KHM-000491,2014,2020601015.0,4,6,10,180,175,355
KHM-000492,2014,2020602016.0,7,7,14,345,324,669
KHM-000493,2014,2020603041.0,2,4,6,120,96,216
KHM-000494,2014,2020701007.0,1,8,9,413,409,822
KHM-000495,2014,2020702008.0,1,2,3,159,151,310
KHM-000496,2014,2020703009.0,1,1,2,84,72,156
KHM-000497,2014,2020704010.0,0,3,3,110,94,204
KHM-000498,2014,2020801017.0,4,6,10,248,236,484
KHM-000499,2014,2020804018.0,1,4,5,151,154,305
KHM-000500,2014,2020805019.0,1,6,7,263,264,527
KHM-000501,2014,2020808020.0,1,2,3,114,85,199
KHM-000502,2014,2020901004.0,2,2,4,163,163,326
KHM-000503,2014,2020903005.0,7,5,12,351,350,701
KHM-000504,2014,2020906040.0,1,3,4,90,75,165
KHM-000505,2014,2020907006.0,1,3,4,172,154,326
KHM-000506,2014,2021002029.0,3,4,7,202,159,361
KHM-000507,2014,2021003042.0,2,1,3,82,102,184
KHM-000508,2014,2021005030.0,5,2,7,218,217,435
KHM-000509,2014,2021006031.0,0,0,0,227,183,410
KHM-000510,2014,2021007046.0,1,1,2,54,52,106
KHM-000511,2014,2030101022.0,4,22,26,242,235,477
KHM-000512,2014,2030102023.0,2,14,16,159,159,318
KHM-000513,2014,2030104024.0,3,16,19,187,145,332
KHM-000514,2014,2030204026.0,7,13,20,104,81,185
KHM-000515,2014,2030204038.0,0,11,11,145,128,273
KHM-000516,2014,2030206027.0,1,15,16,110,112,222
KHM-000517,2014,2030207028.0,6,45,51,721,734,1455
KHM-000518,2014,2030303029.0,6,12,18,104,87,191
KHM-000519,2014,2030306030.0,3,7,10,142,123,265
KHM-000520,2014,2030308031.0,3,11,14,205,179,384
KHM-000521,2014,2030401001.0,9,26,35,511,473,984
KHM-000522,2014,2030403002.0,5,16,21,186,177,363
KHM-000523,2014,2030502010.0,10,19,29,346,275,621
KHM-000524,2014,2030503011.0,2,6,8,122,119,241
KHM-000525,2014,2030601005.0,4,10,14,126,124,250
KHM-000526,2014,2030602006.0,5,17,22,291,298,589
KHM-000527,2014,2030604007.0,8,6,14,215,192,407
KHM-000528,2014,2030607008.0,2,10,12,160,144,304
KHM-000529,2014,2030701012.0,2,8,10,96,83,179
KHM-000530,2014,2030702013.0,4,3,7,69,69,138
KHM-000531,2014,2030703014.0,2,11,13,162,185,347
KHM-000532,2014,2030705015.0,3,4,7,83,74,157
KHM-000533,2014,2030706016.0,3,9,12,161,144,305
KHM-000534,2014,2030709018.0,4,13,17,225,201,426
KHM-000535,2014,2030801032.0,6,12,18,163,123,286
KHM-000536,2014,2030802033.0,1,15,16,241,241,482
KHM-000537,2014,2030803034.0,2,5,7,99,104,203
KHM-000538,2014,2030804035.0,5,4,9,61,51,112
KHM-000539,2014,2030806037.0,4,6,10,109,93,202
KHM-000540,2014,2030903019.0,8,36,44,478,422,900
KHM-000541,2014,2030904020.0,5,7,12,139,143,282
KHM-000542,2014,2030905039.0,3,10,13,241,248,489
KHM-000543,2014,2030906021.0,3,7,10,117,114,231
KHM-000544,2014,2031002003.0,7,87,94,1637,1490,3127
KHM-000545,2014,2031004004.0,7,31,38,325,287,612
KHM-000546,2014,2040102001.0,3,1,4,321,289,610
KHM-000547,2014,2040103002.0,3,6,9,322,306,628
KHM-000548,2014,2040104003.0,1,3,4,180,167,347
KHM-000549,2014,2040105004.0,2,4,6,332,304,636
KHM-000550,2014,2040107067.0,1,0,1,72,80,152
KHM-000551,2014,2040109005.0,0,1,1,101,93,194
KHM-000552,2014,2040110006.0,1,4,5,201,167,368
KHM-000553,2014,2040111007.0,2,0,2,116,104,220
KHM-000554,2014,2040114008.0,0,5,5,272,281,553
KHM-000555,2014,2040115009.0,3,2,5,187,191,378
KHM-000556,2014,2040117010.0,2,1,3,190,149,339
KHM-000557,2014,2040201014.0,1,0,1,118,83,201
KHM-000558,2014,2040202015.0,1,2,3,160,155,315
KHM-000559,2014,2040203016.0,2,0,2,137,131,268
KHM-000560,2014,2040204033.0,1,2,3,86,93,179
KHM-000561,2014,2040205063.0,0,1,1,63,64,127
KHM-000562,2014,2040206017.0,3,6,9,296,248,544
KHM-000563,2014,2040206056.0,1,1,2,110,99,209
KHM-000564,2014,2040207018.0,0,0,0,90,68,158
KHM-000565,2014,2040208045.0,1,0,1,58,74,132
KHM-000566,2014,2040301019.0,5,8,13,362,384,746
KHM-000567,2014,2040306020.0,0,1,1,124,115,239
KHM-000568,2014,2040307021.0,0,1,1,76,80,156
KHM-000569,2014,2040308022.0,1,1,2,77,85,162
KHM-000570,2014,2040309023.0,0,1,1,67,75,142
KHM-000571,2014,2040311057.0,3,2,5,245,186,431
KHM-000572,2014,2040312034.0,0,2,2,66,68,134
KHM-000573,2014,2040402027.0,1,0,1,112,115,227
KHM-000574,2014,2040403028.0,2,0,2,134,103,237
KHM-000575,2014,2040404029.0,2,0,2,82,97,179
KHM-000576,2014,2040405030.0,1,0,1,96,105,201
KHM-000577,2014,2040407031.0,1,1,2,171,177,348
KHM-000578,2014,2040408032.0,1,0,1,142,109,251
KHM-000579,2014,2040409044.0,1,0,1,47,41,88
KHM-000580,2014,2040501024.0,2,0,2,142,89,231
KHM-000581,2014,2040502025.0,0,0,0,69,69,138
KHM-000582,2014,2040503026.0,3,3,6,351,289,640
KHM-000583,2014,2040504035.0,1,0,1,220,150,370
KHM-000584,2014,2040506061.0,0,0,0,94,80,174
KHM-000585,2014,2040508046.0,0,0,0,53,70,123
KHM-000586,2014,2040509047.0,0,0,0,168,151,319
KHM-000587,2014,2040510051.0,0,0,0,59,56,115
KHM-000588,2014,2040511052.0,0,1,1,72,69,141
KHM-000589,2014,2040512053.0,0,0,0,145,129,274
KHM-000590,2014,2040513062.0,1,0,1,46,38,84
KHM-000591,2014,2040601054.0,0,0,0,101,80,181
KHM-000592,2014,2040602011.0,2,1,3,247,248,495
KHM-000593,2014,2040608012.0,1,0,1,79,82,161
KHM-000594,2014,2040609013.0,1,2,3,146,131,277
KHM-000595,2014,2040611038.0,1,0,1,71,58,129
KHM-000596,2014,2040613037.0,0,0,0,81,90,171
KHM-000597,2014,2040624059.0,0,0,0,73,71,144
KHM-000598,2014,2040626068.0,0,1,1,48,50,98
KHM-000599,2014,2050102023.0,3,15,18,156,139,295
KHM-000600,2014,2050104024.0,2,14,16,243,185,428
KHM-000601,2014,2050105025.0,1,2,3,82,47,129
KHM-000602,2014,2050106026.0,1,8,9,173,145,318
KHM-000603,2014,2050108027.0,3,2,5,138,149,287
KHM-000604,2014,2050110028.0,1,1,2,100,114,214
KHM-000605,2014,2050201029.0,2,6,8,25,24,49
KHM-000606,2014,2050201032.0,3,11,14,95,64,159
KHM-000607,2014,2050202030.0,4,16,20,154,159,313
KHM-000608,2014,2050203034.0,1,6,7,111,83,194
KHM-000609,2014,2050204031.0,3,15,18,108,120,228
KHM-000610,2014,2050301014.0,6,10,16,133,117,250
KHM-000611,2014,2050303015.0,6,13,19,233,213,446
KHM-000612,2014,2050304016.0,4,7,11,124,170,294
KHM-000613,2014,2050401017.0,3,5,8,76,67,143
KHM-000614,2014,2050402018.0,5,8,13,164,132,296
KHM-000615,2014,2050403019.0,2,5,7,68,57,125
KHM-000616,2014,2050404020.0,2,3,5,95,101,196
KHM-000617,2014,2050405021.0,7,2,9,140,123,263
KHM-000618,2014,2050406033.0,0,0,0,43,39,82
KHM-000619,2014,2050407022.0,2,0,2,125,115,240
KHM-000620,2014,2050501036.0,0,6,6,52,60,112
KHM-000621,2014,2050502005.0,0,10,10,126,114,240
KHM-000622,2014,2050503006.0,1,15,16,291,248,539
KHM-000623,2014,2050505007.0,3,4,7,123,116,239
KHM-000624,2014,2050506008.0,9,10,19,252,239,491
KHM-000625,2014,2050508009.0,4,1,5,106,91,197
KHM-000626,2014,2050509037.0,1,1,2,58,51,109
KHM-000627,2014,2050601010.0,3,0,3,201,138,339
KHM-000628,2014,2050602011.0,2,1,3,69,70,139
KHM-000629,2014,2050604012.0,2,1,3,42,58,100
KHM-000630,2014,2050605013.0,2,1,3,139,142,281
KHM-000631,2014,2050701001.0,2,1,3,86,105,191
KHM-000632,2014,2050702002.0,2,0,2,76,72,148
KHM-000633,2014,2050703003.0,0,0,0,170,171,341
KHM-000634,2014,2050704035.0,1,0,1,138,129,267
KHM-000635,2014,2050704038.0,2,0,2,77,61,138
KHM-000636,2014,2050705004.0,3,0,3,94,79,173
KHM-000637,2014,2060102020.0,2,2,4,136,127,263
KHM-000638,2014,2060103021.0,1,0,1,140,139,279
KHM-000639,2014,2060105023.0,2,1,3,71,70,141
KHM-000640,2014,2060106022.0,8,9,17,331,288,619
KHM-000641,2014,2060110024.0,14,14,28,509,469,978
KHM-000642,2014,2060114084.0,6,0,6,78,56,134
KHM-000643,2014,2060115091.0,3,5,8,51,57,108
KHM-000644,2014,2060201011.0,1,0,1,41,58,99
KHM-000645,2014,2060202012.0,0,0,0,99,91,190
KHM-000646,2014,2060204013.0,4,5,9,218,199,417
KHM-000647,2014,2060205088.0,1,1,2,54,53,107
KHM-000648,2014,2060206014.0,2,1,3,67,60,127
KHM-000649,2014,2060208016.0,4,6,10,176,161,337
KHM-000650,2014,2060209017.0,0,2,2,115,90,205
KHM-000651,2014,2060210018.0,3,1,4,72,89,161
KHM-000652,2014,2060211019.0,3,2,5,194,167,361
KHM-000653,2014,2060212090.0,0,9,9,174,119,293
KHM-000654,2014,2060301028.0,0,0,0,89,91,180
KHM-000655,2014,2060302083.0,0,1,1,242,191,433
KHM-000656,2014,2060303029.0,0,0,0,156,119,275
KHM-000657,2014,2060305030.0,1,0,1,53,36,89
KHM-000658,2014,2060306031.0,2,2,4,195,190,385
KHM-000659,2014,2060307032.0,0,1,1,108,76,184
KHM-000660,2014,2060308033.0,2,3,5,337,298,635
KHM-000661,2014,2060401086.0,4,4,8,129,122,251
KHM-000662,2014,2060402044.0,3,7,10,138,147,285
KHM-000663,2014,2060403045.0,0,1,1,108,100,208
KHM-000664,2014,2060404046.0,4,4,8,248,222,470
KHM-000665,2014,2060406047.0,2,3,5,89,75,164
KHM-000666,2014,2060407048.0,0,0,0,94,85,179
KHM-000667,2014,2060408049.0,1,0,1,90,76,166
KHM-000668,2014,2060409050.0,0,2,2,56,48,104
KHM-000669,2014,2060409087.0,2,0,2,47,56,103
KHM-000670,2014,2060410051.0,3,5,8,201,161,362
KHM-000671,2014,2060411094.0,2,4,6,107,122,229
KHM-000672,2014,2060501001.0,2,8,10,194,179,373
KHM-000673,2014,2060502002.0,1,1,2,174,156,330
KHM-000674,2014,2060504003.0,4,0,4,164,151,315
KHM-000675,2014,2060507004.0,7,6,13,232,200,432
KHM-000676,2014,2060508005.0,0,4,4,84,71,155
KHM-000677,2014,2060601052.0,4,3,7,180,180,360
KHM-000678,2014,2060601061.0,3,6,9,120,115,235
KHM-000679,2014,2060602062.0,0,1,1,84,66,150
KHM-000680,2014,2060603053.0,1,3,4,82,59,141
KHM-000681,2014,2060607054.0,5,11,16,253,239,492
KHM-000682,2014,2060609055.0,2,1,3,28,25,53
KHM-000683,2014,2060701006.0,2,3,5,311,354,665
KHM-000684,2014,2060703007.0,0,2,2,152,157,309
KHM-000685,2014,2060704008.0,1,2,3,169,161,330
KHM-000686,2014,2060705009.0,5,2,7,230,243,473
KHM-000687,2014,2060706010.0,1,1,2,81,63,144
KHM-000688,2014,2060801034.0,5,4,9,311,270,581
KHM-000689,2014,2060802035.0,1,1,2,79,74,153
KHM-000690,2014,2060802065.0,0,2,2,86,64,150
KHM-000691,2014,2060804036.0,3,5,8,281,254,535
KHM-000692,2014,2060805037.0,0,2,2,71,86,157
KHM-000693,2014,2060806038.0,0,1,1,78,75,153
KHM-000694,2014,2060901039.0,0,3,3,102,92,194
KHM-000695,2014,2060902040.0,0,0,0,55,71,126
KHM-000696,2014,2060903041.0,2,2,4,42,39,81
KHM-000697,2014,2060904042.0,11,3,14,274,255,529
KHM-000698,2014,2060907043.0,2,2,4,154,127,281
KHM-000699,2014,2060910081.0,1,7,8,124,114,238
KHM-000700,2014,2060911082.0,3,8,11,122,145,267
KHM-000701,2014,2060912064.0,7,7,14,281,277,558
KHM-000702,2014,2070103005.0,0,0,0,92,97,189
KHM-000703,2014,2070104003.0,2,3,5,197,191,388
KHM-000704,2014,2070105006.0,2,2,4,57,48,105
KHM-000705,2014,2070105033.0,0,0,0,3,3,6
KHM-000706,2014,2070107012.0,1,0,1,90,79,169
KHM-000707,2014,2070107039.0,1,0,1,14,12,26
KHM-000708,2014,2070109017.0,0,1,1,78,68,146
KHM-000709,2014,2070113022.0,2,0,2,56,29,85
KHM-000710,2014,2070203001.0,1,0,1,157,157,314
KHM-000711,2014,2070205008.0,0,1,1,76,94,170
KHM-000712,2014,2070206011.0,0,1,1,76,66,142
KHM-000713,2014,2070206041.0,1,0,1,28,25,53
KHM-000714,2014,2070206042.0,2,0,2,10,10,20
KHM-000715,2014,2070207037.0,0,2,2,39,28,67
KHM-000716,2014,2070207038.0,2,0,2,26,19,45
KHM-000717,2014,2070301014.0,0,3,3,178,226,404
KHM-000718,2014,2070303016.0,1,2,3,179,169,348
KHM-000719,2014,2070304036.0,1,2,3,73,64,137
KHM-000720,2014,2070306030.0,1,1,2,104,73,177
KHM-000721,2014,2070307034.0,1,0,1,66,62,128
KHM-000722,2014,2070401007.0,0,0,0,159,125,284
KHM-000723,2014,2070401044.0,1,1,2,75,66,141
KHM-000724,2014,2070402015.0,0,2,2,210,177,387
KHM-000725,2014,2070403043.0,1,1,2,40,31,71
KHM-000726,2014,2070404009.0,0,1,1,129,163,292
KHM-000727,2014,2070405004.0,0,1,1,175,136,311
KHM-000728,2014,2070406019.0,1,1,2,75,76,151
KHM-000729,2014,2070407024.0,2,0,2,31,16,47
KHM-000730,2014,2070408031.0,0,0,0,166,168,334
KHM-000731,2014,2070409032.0,0,1,1,46,85,131
KHM-000732,2014,2080103023.0,10,27,37,613,603,1216
KHM-000733,2014,2080104024.0,0,5,5,191,170,361
KHM-000734,2014,2080106025.0,3,4,7,79,71,150
KHM-000735,2014,2080107026.0,5,4,9,166,197,363
KHM-000736,2014,2080109027.0,4,12,16,221,164,385
KHM-000737,2014,2080110048.0,1,1,2,162,135,297
KHM-000738,2014,2080110054.0,0,1,1,44,47,91
KHM-000739,2014,2080202009.0,10,25,35,338,341,679
KHM-000740,2014,2080202010.0,0,8,8,143,140,283
KHM-000741,2014,2080205011.0,4,9,13,129,132,261
KHM-000742,2014,2080301036.0,1,1,2,170,181,351
KHM-000743,2014,2080301049.0,1,0,1,77,101,178
KHM-000744,2014,2080302037.0,1,0,1,239,233,472
KHM-000745,2014,2080303038.0,6,3,9,360,364,724
KHM-000746,2014,2080304039.0,0,1,1,179,177,356
KHM-000747,2014,2080402045.0,1,1,2,36,29,65
KHM-000748,2014,2080404034.0,3,5,8,190,162,352
KHM-000749,2014,2080405035.0,3,3,6,201,182,383
KHM-000750,2014,2080407033.0,5,15,20,537,498,1035
KHM-000751,2014,2080502001.0,5,1,6,276,240,516
KHM-000752,2014,2080504002.0,0,2,2,218,170,388
KHM-000753,2014,2080504053.0,0,0,0,68,52,120
KHM-000754,2014,2080505003.0,2,3,5,180,156,336
KHM-000755,2014,2080506004.0,0,2,2,158,147,305
KHM-000756,2014,2080601005.0,4,2,6,112,95,207
KHM-000757,2014,2080601044.0,3,0,3,114,88,202
KHM-000758,2014,2080602047.0,3,3,6,146,90,236
KHM-000759,2014,2080604050.0,3,0,3,30,29,59
KHM-000760,2014,2080606008.0,1,6,7,159,187,346
KHM-000761,2014,2080701051.0,1,0,1,21,21,42
KHM-000762,2014,2080702028.0,0,2,2,62,59,121
KHM-000763,2014,2080703029.0,3,4,7,169,128,297
KHM-000764,2014,2080704030.0,3,0,3,105,82,187
KHM-000765,2014,2080705031.0,1,2,3,81,72,153
KHM-000766,2014,2080706032.0,2,1,3,193,193,386
KHM-000767,2014,2080801012.0,1,9,10,141,164,305
KHM-000768,2014,2080802013.0,4,22,26,313,319,632
KHM-000769,2014,2080803014.0,2,4,6,57,86,143
KHM-000770,2014,2080803017.0,4,2,6,103,97,200
KHM-000771,2014,2080804015.0,3,7,10,212,187,399
KHM-000772,2014,2080805016.0,4,2,6,226,201,427
KHM-000773,2014,2080901018.0,5,14,19,168,165,333
KHM-000774,2014,2080903019.0,9,10,19,174,129,303
KHM-000775,2014,2080904020.0,5,7,12,229,185,414
KHM-000776,2014,2080905021.0,6,2,8,140,143,283
KHM-000777,2014,2080905052.0,2,1,3,91,68,159
KHM-000778,2014,2080906022.0,1,5,6,102,106,208
KHM-000779,2014,2081001040.0,2,7,9,145,127,272
KHM-000780,2014,2081002041.0,3,2,5,57,65,122
KHM-000781,2014,2081002046.0,4,1,5,158,146,304
KHM-000782,2014,2081003042.0,5,2,7,157,142,299
KHM-000783,2014,2081005043.0,6,11,17,231,259,490
KHM-000784,2014,2081006007.0,2,3,5,62,81,143
KHM-000785,2014,2090101001.0,6,10,16,363,306,669
KHM-000786,2014,2090106010.0,1,5,6,93,73,166
KHM-000787,2014,2090107006.0,10,14,24,393,424,817
KHM-000788,2014,2090201002.0,1,2,3,215,202,417
KHM-000789,2014,2090203037.0,2,3,5,147,102,249
KHM-000790,2014,2090204011.0,1,3,4,94,97,191
KHM-000791,2014,2090205020.0,0,3,3,86,102,188
KHM-000792,2014,2090206021.0,1,2,3,90,80,170
KHM-000793,2014,2090207036.0,3,0,3,92,73,165
KHM-000794,2014,2090208022.0,2,1,3,82,68,150
KHM-000795,2014,2090301003.0,5,9,14,177,184,361
KHM-000796,2014,2090306012.0,1,10,11,263,263,526
KHM-000797,2014,2090307023.0,3,4,7,146,113,259
KHM-000798,2014,2090308024.0,5,2,7,65,69,134
KHM-000799,2014,2090309025.0,2,5,7,113,100,213
KHM-000800,2014,2090310026.0,1,5,6,164,156,320
KHM-000801,2014,2090401004.0,0,9,9,309,288,597
KHM-000802,2014,2090403013.0,1,5,6,96,87,183
KHM-000803,2014,2090404028.0,3,0,3,73,52,125
KHM-000804,2014,2090406040.0,2,0,2,35,27,62
KHM-000805,2014,2090504035.0,6,5,11,222,202,424
KHM-000806,2014,2090508014.0,1,6,7,123,103,226
KHM-000807,2014,2090509031.0,6,3,9,144,114,258
KHM-000808,2014,2090510032.0,1,3,4,81,71,152
KHM-000809,2014,2090601007.0,2,1,3,152,160,312
KHM-000810,2014,2090601029.0,1,2,3,100,72,172
KHM-000811,2014,2090602008.0,1,1,2,96,113,209
KHM-000812,2014,2090603009.0,2,2,4,100,94,194
KHM-000813,2014,2090604015.0,1,3,4,125,100,225
KHM-000814,2014,2090604033.0,2,1,3,68,47,115
KHM-000815,2014,2090605016.0,2,1,3,87,109,196
KHM-000816,2014,2090605034.0,1,1,2,112,84,196
KHM-000817,2014,2090607030.0,2,1,3,46,61,107
KHM-000818,2014,2090607038.0,1,1,2,63,56,119
KHM-000819,2014,2090608019.0,1,3,4,44,34,78
KHM-000820,2014,2090609027.0,1,2,3,150,119,269
KHM-000821,2014,2090610039.0,2,1,3,51,48,99
KHM-000822,2014,2100101001.0,1,2,3,87,74,161
KHM-000823,2014,2100105021.0,2,1,3,109,110,219
KHM-000824,2014,2100107006.0,2,0,2,73,74,147
KHM-000825,2014,2100108027.0,0,0,0,131,111,242
KHM-000826,2014,2100205010.0,1,3,4,314,309,623
KHM-000827,2014,2100206009.0,0,2,2,315,262,577
KHM-000828,2014,2100207011.0,2,1,3,81,76,157
KHM-000829,2014,2100208007.0,0,0,0,174,163,337
KHM-000830,2014,2100209008.0,0,1,1,263,227,490
KHM-000831,2014,2100210012.0,1,0,1,182,161,343
KHM-000832,2014,2100210023.0,0,3,3,161,130,291
KHM-000833,2014,2100211013.0,2,1,3,154,163,317
KHM-000834,2014,2100214025.0,0,0,0,131,117,248
KHM-000835,2014,2100215026.0,2,0,2,80,106,186
KHM-000836,2014,2100301003.0,4,5,9,577,551,1128
KHM-000837,2014,2100302019.0,0,2,2,92,65,157
KHM-000838,2014,2100304014.0,2,0,2,131,104,235
KHM-000839,2014,2100305015.0,3,0,3,231,229,460
KHM-000840,2014,2100306018.0,2,0,2,72,71,143
KHM-000841,2014,2100308024.0,0,2,2,182,148,330
KHM-000842,2014,2100501005.0,3,5,8,274,271,545
KHM-000843,2014,2100601017.0,0,2,2,64,39,103
KHM-000844,2014,2100603004.0,1,2,3,232,174,406
KHM-000845,2014,2100606016.0,2,0,2,77,63,140
KHM-000846,2014,2100607022.0,0,1,1,112,91,203
KHM-000847,2014,2100607028.0,0,0,0,123,141,264
KHM-000848,2014,2110101001.0,2,5,7,66,50,116
KHM-000849,2014,2110102009.0,2,0,2,160,94,254
KHM-000850,2014,2110103021.0,7,2,9,192,131,323
KHM-000851,2014,2110106010.0,6,8,14,296,227,523
KHM-000852,2014,2110106030.0,2,4,6,26,36,62
KHM-000853,2014,2110201002.0,3,0,3,67,53,120
KHM-000854,2014,2110203018.0,0,2,2,30,25,55
KHM-000855,2014,2110205003.0,0,0,0,19,22,41
KHM-000856,2014,2110209020.0,1,0,1,66,76,142
KHM-000857,2014,2110301029.0,3,1,4,86,89,175
KHM-000858,2014,2110302004.0,1,1,2,96,79,175
KHM-000859,2014,2110303026.0,1,1,2,41,50,91
KHM-000860,2014,2110306019.0,2,2,4,152,133,285
KHM-000861,2014,2110402005.0,2,0,2,65,48,113
KHM-000862,2014,2110403013.0,2,1,3,111,79,190
KHM-000863,2014,2110407012.0,1,4,5,109,77,186
KHM-000864,2014,2110408014.0,1,2,3,73,71,144
KHM-000865,2014,2110502017.0,4,5,9,71,69,140
KHM-000866,2014,2110502032.0,0,3,3,75,59,134
KHM-000867,2014,2110503015.0,0,5,5,114,123,237
KHM-000868,2014,2110504016.0,6,5,11,117,116,233
KHM-000869,2014,2110505007.0,1,5,6,31,30,61
KHM-000870,2014,2110604006.0,1,2,3,162,142,304
KHM-000871,2014,2110604031.0,2,2,4,52,54,106
KHM-000872,2014,2110605024.0,1,2,3,159,105,264
KHM-000873,2014,2110606022.0,2,4,6,181,148,329
KHM-000874,2014,2110701008.0,4,5,9,96,94,190
KHM-000875,2014,2110702023.0,4,0,4,99,111,210
KHM-000876,2014,2110703027.0,0,3,3,24,21,45
KHM-000877,2014,2110705025.0,3,4,7,102,87,189
KHM-000878,2014,2110706011.0,2,9,11,221,207,428
KHM-000879,2014,2110706028.0,2,0,2,46,42,88
KHM-000880,2014,2120103001.0,4,2,6,83,54,137
KHM-000881,2014,2120201002.0,1,3,4,173,187,360
KHM-000882,2014,2120205008.0,3,2,5,223,198,421
KHM-000883,2014,2120301003.0,3,3,6,117,69,186
KHM-000884,2014,2120402011.0,3,2,5,186,170,356
KHM-000885,2014,2120403005.0,9,10,19,710,677,1387
KHM-000886,2014,2120501006.0,1,1,2,257,260,517
KHM-000887,2014,2120504009.0,2,0,2,126,129,255
KHM-000888,2014,2120505012.0,2,1,3,487,388,875
KHM-000889,2014,2120601007.0,3,3,6,95,108,203
KHM-000890,2014,2120603010.0,1,2,3,138,124,262
KHM-000891,2014,2120604004.0,4,3,7,184,147,331
KHM-000892,2014,2130106001.0,2,0,2,43,39,82
KHM-000893,2014,2130108002.0,1,8,9,303,326,629
KHM-000894,2014,2130202003.0,1,0,1,78,63,141
KHM-000895,2014,2130204004.0,0,1,1,34,36,70
KHM-000896,2014,2130205005.0,0,3,3,115,81,196
KHM-000897,2014,2130207030.0,0,2,2,94,72,166
KHM-000898,2014,2130209027.0,1,1,2,58,64,122
KHM-000899,2014,2130210029.0,1,2,3,52,37,89
KHM-000900,2014,2130301023.0,1,3,4,143,149,292
KHM-000901,2014,2130303006.0,2,3,5,257,175,432
KHM-000902,2014,2130307024.0,0,1,1,51,48,99
KHM-000903,2014,2130308022.0,2,0,2,72,59,131
KHM-000904,2014,2130309026.0,0,1,1,47,31,78
KHM-000905,2014,2130402007.0,3,2,5,50,74,124
KHM-000906,2014,2130402032.0,1,0,1,10,9,19
KHM-000907,2014,2130403008.0,1,1,2,92,71,163
KHM-000908,2014,2130404009.0,1,0,1,102,103,205
KHM-000909,2014,2130405010.0,4,4,8,157,191,348
KHM-000910,2014,2130408025.0,1,2,3,34,35,69
KHM-000911,2014,2130410011.0,1,1,2,122,85,207
KHM-000912,2014,2130411012.0,0,3,3,115,109,224
KHM-000913,2014,2130503021.0,1,0,1,53,61,114
KHM-000914,2014,2130504020.0,0,3,3,91,95,186
KHM-000915,2014,2130506014.0,0,2,2,128,93,221
KHM-000916,2014,2130508013.0,1,3,4,37,29,66
KHM-000917,2014,2130510019.0,1,0,1,33,33,66
KHM-000918,2014,2130511028.0,2,0,2,63,35,98
KHM-000919,2014,2130601015.0,0,2,2,39,32,71
KHM-000920,2014,2130605016.0,1,0,1,27,18,45
KHM-000921,2014,2130606017.0,1,1,2,63,56,119
KHM-000922,2014,2130607018.0,1,10,11,131,124,255
KHM-000923,2014,2140101001.0,1,3,4,110,108,218
KHM-000924,2014,2140102002.0,1,3,4,102,115,217
KHM-000925,2014,2140103003.0,4,2,6,140,116,256
KHM-000926,2014,2140104004.0,7,12,19,336,298,634
KHM-000927,2014,2140105005.0,1,4,5,190,171,361
KHM-000928,2014,2140201009.0,1,3,4,186,176,362
KHM-000929,2014,2140214024.0,1,2,3,158,147,305
KHM-000930,2014,2140220023.0,2,1,3,88,110,198
KHM-000931,2014,3010101051.0,0,1,1,91,79,170
KHM-000932,2014,3010102001.0,0,4,4,274,221,495
KHM-000933,2014,3010103002.0,3,2,5,124,124,248
KHM-000934,2014,3010104003.0,2,0,2,90,107,197
KHM-000935,2014,3010105004.0,7,1,8,246,216,462
KHM-000936,2014,3010106005.0,5,0,5,197,177,374
KHM-000937,2014,3010201006.0,2,1,3,139,102,241
KHM-000938,2014,3010202007.0,3,1,4,123,144,267
KHM-000939,2014,3010203008.0,3,1,4,123,103,226
KHM-000940,2014,3010204009.0,6,1,7,218,176,394
KHM-000941,2014,3010301010.0,0,11,11,235,225,460
KHM-000942,2014,3010302011.0,1,0,1,75,57,132
KHM-000943,2014,3010401012.0,0,3,3,211,173,384
KHM-000944,2014,3010403013.0,3,2,5,90,103,193
KHM-000945,2014,3010405014.0,3,4,7,149,133,282
KHM-000946,2014,3010406015.0,0,2,2,116,109,225
KHM-000947,2014,3010501016.0,4,3,7,280,300,580
KHM-000948,2014,3010503017.0,2,2,4,83,84,167
KHM-000949,2014,3010505043.0,1,0,1,31,23,54
KHM-000950,2014,3010601018.0,6,6,12,328,277,605
KHM-000951,2014,3010603019.0,2,2,4,131,99,230
KHM-000952,2014,3010605020.0,4,1,5,128,129,257
KHM-000953,2014,3010701021.0,3,1,4,343,327,670
KHM-000954,2014,3010704022.0,3,5,8,270,252,522
KHM-000955,2014,3010706023.0,4,7,11,299,277,576
KHM-000956,2014,3010801024.0,1,1,2,278,233,511
KHM-000957,2014,3010803025.0,1,1,2,204,217,421
KHM-000958,2014,3010803042.0,2,0,2,205,155,360
KHM-000959,2014,3010805026.0,4,0,4,178,184,362
KHM-000960,2014,3010901027.0,3,19,22,390,331,721
KHM-000961,2014,3010902028.0,5,10,15,260,265,525
KHM-000962,2014,3010906044.0,5,1,6,74,81,155
KHM-000963,2014,3010907029.0,7,6,13,277,256,533
KHM-000964,2014,3011001030.0,1,0,1,141,137,278
KHM-000965,2014,3011002031.0,1,1,2,199,165,364
KHM-000966,2014,3011005032.0,2,1,3,338,348,686
KHM-000967,2014,3011006040.0,2,0,2,67,40,107
KHM-000968,2014,3011102033.0,3,0,3,169,160,329
KHM-000969,2014,3011103034.0,3,0,3,255,291,546
KHM-000970,2014,3011105038.0,1,0,1,165,159,324
KHM-000971,2014,3011108039.0,2,0,2,259,258,517
KHM-000972,2014,3011110041.0,0,0,0,140,90,230
KHM-000973,2014,3011201035.0,3,1,4,401,352,753
KHM-000974,2014,3011205036.0,1,1,2,163,168,331
KHM-000975,2014,3011207037.0,1,2,3,100,135,235
KHM-000976,2014,3020102001.0,1,1,2,135,148,283
KHM-000977,2014,3020105003.0,12,18,30,717,798,1515
KHM-000978,2014,3020106049.0,2,2,4,189,176,365
KHM-000979,2014,3020110028.0,3,0,3,126,115,241
KHM-000980,2014,3020201004.0,1,1,2,226,221,447
KHM-000981,2014,3020203006.0,3,2,5,205,148,353
KHM-000982,2014,3020207007.0,1,1,2,120,129,249
KHM-000983,2014,3020208016.0,2,7,9,151,151,302
KHM-000984,2014,3020209017.0,3,0,3,103,90,193
KHM-000985,2014,3020210018.0,2,0,2,64,57,121
KHM-000986,2014,3020213048.0,1,1,2,55,44,99
KHM-000987,2014,3020214020.0,3,0,3,110,91,201
KHM-000988,2014,3020216022.0,2,0,2,99,66,165
KHM-000989,2014,3020301008.0,3,6,9,180,172,352
KHM-000990,2014,3020302009.0,2,1,3,228,223,451
KHM-000991,2014,3020303010.0,0,4,4,106,96,202
KHM-000992,2014,3020304011.0,0,1,1,182,178,360
KHM-000993,2014,3020305012.0,1,2,3,149,137,286
KHM-000994,2014,3020401013.0,0,3,3,101,111,212
KHM-000995,2014,3020406014.0,1,4,5,274,259,533
KHM-000996,2014,3020407015.0,1,2,3,159,156,315
KHM-000997,2014,3020501029.0,1,1,2,70,70,140
KHM-000998,2014,3020503046.0,1,2,3,226,229,455
KHM-000999,2014,3020504030.0,0,13,13,393,396,789
KHM-001000,2014,3020507031.0,4,10,14,480,425,905
KHM-001001,2014,3020601032.0,3,0,3,92,94,186
KHM-001002,2014,3020604033.0,8,13,21,775,735,1510
KHM-001003,2014,3020605034.0,0,1,1,42,40,82
KHM-001004,2014,3020607035.0,4,2,6,90,82,172
KHM-001005,2014,3020608036.0,1,1,2,38,56,94
KHM-001006,2014,3020609037.0,1,1,2,115,107,222
KHM-001007,2014,3020610038.0,0,3,3,124,105,229
KHM-001008,2014,3020612039.0,4,18,22,403,444,847
KHM-001009,2014,3020701040.0,3,6,9,236,230,466
KHM-001010,2014,3020702041.0,1,0,1,219,215,434
KHM-001011,2014,3020704042.0,1,0,1,154,161,315
KHM-001012,2014,3020705043.0,2,0,2,43,58,101
KHM-001013,2014,3020709024.0,2,1,3,36,34,70
KHM-001014,2014,3020711025.0,2,2,4,43,40,83
KHM-001015,2014,3020712026.0,1,0,1,15,10,25
KHM-001016,2014,3020713027.0,0,0,0,16,9,25
KHM-001017,2014,3020801044.0,4,2,6,192,173,365
KHM-001018,2014,3020802045.0,1,2,3,275,261,536
KHM-001019,2014,3020804050.0,0,0,0,89,91,180
KHM-001020,2014,3030101001.0,2,3,5,230,221,451
KHM-001021,2014,3030102002.0,2,0,2,133,120,253
KHM-001022,2014,3030103003.0,1,3,4,312,303,615
KHM-001023,2014,3030201004.0,2,0,2,120,98,218
KHM-001024,2014,3030202005.0,2,0,2,110,79,189
KHM-001025,2014,3030203006.0,1,2,3,34,19,53
KHM-001026,2014,3030204007.0,2,1,3,34,29,63
KHM-001027,2014,3030205040.0,1,1,2,39,38,77
KHM-001028,2014,3030301008.0,2,1,3,406,386,792
KHM-001029,2014,3030303009.0,0,2,2,160,138,298
KHM-001030,2014,3030304010.0,2,1,3,102,90,192
KHM-001031,2014,3030402011.0,1,5,6,276,256,532
KHM-001032,2014,3030406013.0,4,2,6,359,329,688
KHM-001033,2014,3030501014.0,3,13,16,363,351,714
KHM-001034,2014,3030505015.0,4,4,8,154,156,310
KHM-001035,2014,3030602016.0,4,2,6,185,141,326
KHM-001036,2014,3030604017.0,5,3,8,199,174,373
KHM-001037,2014,3030608018.0,4,3,7,175,159,334
KHM-001038,2014,3030609019.0,2,3,5,248,275,523
KHM-001039,2014,3030610020.0,4,3,7,224,192,416
KHM-001040,2014,3030612021.0,2,0,2,90,38,128
KHM-001041,2014,3030613022.0,4,0,4,132,114,246
KHM-001042,2014,3030702023.0,2,3,5,237,224,461
KHM-001043,2014,3030703024.0,1,2,3,127,113,240
KHM-001044,2014,3030704025.0,2,1,3,211,174,385
KHM-001045,2014,3030705026.0,1,2,3,165,108,273
KHM-001046,2014,3030706027.0,2,2,4,124,120,244
KHM-001047,2014,3030707028.0,2,2,4,103,101,204
KHM-001048,2014,3030804029.0,9,16,25,540,465,1005
KHM-001049,2014,3030808030.0,4,5,9,417,387,804
KHM-001050,2014,3030906031.0,2,6,8,188,154,342
KHM-001051,2014,3030907032.0,1,1,2,149,148,297
KHM-001052,2014,3030908033.0,0,0,0,17,21,38
KHM-001053,2014,3030912034.0,1,5,6,274,234,508
KHM-001054,2014,3031002035.0,0,4,4,225,230,455
KHM-001055,2014,3031005036.0,3,1,4,124,123,247
KHM-001056,2014,3031008038.0,1,1,2,138,113,251
KHM-001057,2014,3031009039.0,2,1,3,73,72,145
KHM-001058,2014,3050102001.0,2,6,8,102,90,192
KHM-001059,2014,3050208002.0,2,13,15,213,209,422
KHM-001060,2014,3050209010.0,10,32,42,722,618,1340
KHM-001061,2014,3050304003.0,4,5,9,182,152,334
KHM-001062,2014,3050307004.0,5,13,18,181,143,324
KHM-001063,2014,3050309008.0,4,2,6,78,72,150
KHM-001064,2014,3050403005.0,5,23,28,418,399,817
KHM-001065,2014,3050406007.0,5,20,25,481,473,954
KHM-001066,2014,3050406009.0,3,5,8,180,142,322
KHM-001067,2014,3060102002.0,3,18,21,420,447,867
KHM-001068,2014,3060102032.0,2,15,17,296,228,524
KHM-001069,2014,3060105003.0,1,5,6,73,60,133
KHM-001070,2014,3060107045.0,3,1,4,64,86,150
KHM-001071,2014,3060109031.0,1,6,7,107,136,243
KHM-001072,2014,3060204004.0,2,14,16,371,346,717
KHM-001073,2014,3060301033.0,6,1,7,184,147,331
KHM-001074,2014,3060303034.0,4,7,11,208,213,421
KHM-001075,2014,3060402005.0,6,8,14,193,169,362
KHM-001076,2014,3060404035.0,3,4,7,114,94,208
KHM-001077,2014,3060502006.0,9,2,11,176,181,357
KHM-001078,2014,3060506008.0,2,2,4,18,23,41
KHM-001079,2014,3060510009.0,3,3,6,90,94,184
KHM-001080,2014,3060601010.0,2,4,6,93,94,187
KHM-001081,2014,3060602048.0,3,0,3,59,36,95
KHM-001082,2014,3060603011.0,2,4,6,139,120,259
KHM-001083,2014,3060605012.0,3,10,13,263,274,537
KHM-001084,2014,3060701013.0,2,4,6,102,68,170
KHM-001085,2014,3060703014.0,1,1,2,15,11,26
KHM-001086,2014,3060704015.0,4,2,6,109,109,218
KHM-001087,2014,3060706036.0,3,3,6,144,141,285
KHM-001088,2014,3060708037.0,0,0,0,9,6,15
KHM-001089,2014,3060802016.0,1,4,5,42,47,89
KHM-001090,2014,3060805017.0,4,6,10,127,113,240
KHM-001091,2014,3060902043.0,2,2,4,51,45,96
KHM-001092,2014,3060905019.0,3,17,20,389,325,714
KHM-001093,2014,3060909018.0,1,2,3,126,85,211
KHM-001094,2014,3061001038.0,3,7,10,237,192,429
KHM-001095,2014,3061002046.0,1,1,2,57,28,85
KHM-001096,2014,3061004047.0,3,0,3,98,86,184
KHM-001097,2014,3061005039.0,3,3,6,206,193,399
KHM-001098,2014,3061007040.0,1,6,7,140,174,314
KHM-001099,2014,3061101020.0,5,14,19,288,322,610
KHM-001100,2014,3061105021.0,0,11,11,167,152,319
KHM-001101,2014,3061107022.0,3,5,8,148,129,277
KHM-001102,2014,3061202023.0,4,4,8,268,240,508
KHM-001103,2014,3061301024.0,5,0,5,181,203,384
KHM-001104,2014,3061302041.0,2,2,4,38,34,72
KHM-001105,2014,3061303025.0,5,1,6,248,206,454
KHM-001106,2014,3061304044.0,2,3,5,63,76,139
KHM-001107,2014,3061406026.0,8,10,18,301,283,584
KHM-001108,2014,3061408027.0,6,1,7,153,165,318
KHM-001109,2014,3061410042.0,3,9,12,294,254,548
KHM-001110,2014,3061503029.0,3,10,13,272,244,516
KHM-001111,2014,3061506028.0,3,5,8,139,126,265
KHM-001112,2014,3061509030.0,4,1,5,122,78,200
KHM-001113,2014,3070101001.0,6,6,12,120,176,296
KHM-001114,2014,3070104002.0,8,6,14,200,167,367
KHM-001115,2014,3070106003.0,1,10,11,149,138,287
KHM-001116,2014,3070108004.0,3,4,7,83,71,154
KHM-001117,2014,3070202039.0,1,1,2,70,72,142
KHM-001118,2014,3070206005.0,4,2,6,309,349,658
KHM-001119,2014,3070208044.0,1,1,2,96,80,176
KHM-001120,2014,3070301006.0,0,5,5,256,269,525
KHM-001121,2014,3070303007.0,4,3,7,158,152,310
KHM-001122,2014,3070307008.0,7,1,8,247,231,478
KHM-001123,2014,3070310009.0,2,1,3,129,152,281
KHM-001124,2014,3070401010.0,1,4,5,71,75,146
KHM-001125,2014,3070403011.0,1,7,8,257,235,492
KHM-001126,2014,3070405012.0,5,6,11,137,126,263
KHM-001127,2014,3070501014.0,5,2,7,185,165,350
KHM-001128,2014,3070503015.0,3,0,3,80,65,145
KHM-001129,2014,3070504016.0,0,3,3,215,193,408
KHM-001130,2014,3070506017.0,1,1,2,152,146,298
KHM-001131,2014,3070601018.0,4,1,5,93,85,178
KHM-001132,2014,3070603019.0,0,3,3,97,104,201
KHM-001133,2014,3070605020.0,0,4,4,82,83,165
KHM-001134,2014,3070607021.0,0,3,3,132,134,266
KHM-001135,2014,3070608040.0,0,2,2,53,55,108
KHM-001136,2014,3070610041.0,1,2,3,77,64,141
KHM-001137,2014,3070701022.0,3,2,5,67,61,128
KHM-001138,2014,3070703042.0,0,4,4,134,100,234
KHM-001139,2014,3070704023.0,3,5,8,184,226,410
KHM-001140,2014,3070705024.0,3,9,12,402,300,702
KHM-001141,2014,3070708025.0,3,2,5,151,138,289
KHM-001142,2014,3070804026.0,1,3,4,265,226,491
KHM-001143,2014,3070807027.0,0,3,3,215,170,385
KHM-001144,2014,3070809028.0,2,1,3,230,219,449
KHM-001145,2014,3070901029.0,1,5,6,65,68,133
KHM-001146,2014,3070903030.0,5,12,17,201,203,404
KHM-001147,2014,3070906031.0,0,6,6,121,118,239
KHM-001148,2014,3070907032.0,5,1,6,83,59,142
KHM-001149,2014,3071003033.0,1,7,8,246,197,443
KHM-001150,2014,3071005034.0,1,9,10,140,159,299
KHM-001151,2014,3071101035.0,2,8,10,160,178,338
KHM-001152,2014,3071107036.0,1,7,8,185,161,346
KHM-001153,2014,3071108037.0,4,3,7,141,114,255
KHM-001154,2014,3071109043.0,1,2,3,77,72,149
KHM-001155,2014,3071111038.0,1,8,9,163,157,320
KHM-001156,2014,3080101001.0,2,1,3,236,186,422
KHM-001157,2014,3080103002.0,2,1,3,223,183,406
KHM-001158,2014,3080106003.0,1,2,3,324,218,542
KHM-001159,2014,3080201004.0,2,1,3,90,70,160
KHM-001160,2014,3080202005.0,2,1,3,107,76,183
KHM-001161,2014,3080205006.0,1,5,6,101,104,205
KHM-001162,2014,3080208034.0,2,4,6,187,180,367
KHM-001163,2014,3080209007.0,1,1,2,85,63,148
KHM-001164,2014,3080210008.0,1,3,4,84,63,147
KHM-001165,2014,3080212009.0,1,0,1,17,10,27
KHM-001166,2014,3080301010.0,1,2,3,60,55,115
KHM-001167,2014,3080303033.0,1,1,2,54,58,112
KHM-001168,2014,3080305011.0,1,0,1,62,45,107
KHM-001169,2014,3080306012.0,5,1,6,163,96,259
KHM-001170,2014,3080308013.0,3,1,4,95,109,204
KHM-001171,2014,3080310014.0,2,0,2,100,117,217
KHM-001172,2014,3080402015.0,2,3,5,125,121,246
KHM-001173,2014,3080406016.0,2,4,6,286,232,518
KHM-001174,2014,3080502017.0,2,3,5,241,189,430
KHM-001175,2014,3080505018.0,2,1,3,194,196,390
KHM-001176,2014,3080509019.0,0,2,2,123,85,208
KHM-001177,2014,3080601020.0,3,8,11,246,201,447
KHM-001178,2014,3080602021.0,2,2,4,99,100,199
KHM-001179,2014,3080607022.0,2,2,4,105,101,206
KHM-001180,2014,3080608023.0,1,0,1,75,77,152
KHM-001181,2014,3080611024.0,2,2,4,181,161,342
KHM-001182,2014,3080702025.0,3,0,3,164,157,321
KHM-001183,2014,3080704026.0,2,2,4,95,86,181
KHM-001184,2014,3080707027.0,1,1,2,64,43,107
KHM-001185,2014,3080802029.0,2,1,3,99,92,191
KHM-001186,2014,3080805030.0,4,0,4,401,414,815
KHM-001187,2014,3080808031.0,0,0,0,63,48,111
KHM-001188,2014,3080813032.0,3,2,5,181,182,363
KHM-001189,2014,3130101001.0,2,4,6,56,54,110
KHM-001190,2014,3130102002.0,2,1,3,112,71,183
KHM-001191,2014,3130103003.0,2,1,3,131,132,263
KHM-001192,2014,3130105004.0,4,4,8,102,103,205
KHM-001193,2014,3130107005.0,2,1,3,128,96,224
KHM-001194,2014,3130110007.0,3,0,3,66,81,147
KHM-001195,2014,3130113044.0,2,0,2,192,173,365
KHM-001196,2014,3130201008.0,5,0,5,112,87,199
KHM-001197,2014,3130203009.0,2,1,3,208,213,421
KHM-001198,2014,3130206010.0,4,1,5,94,84,178
KHM-001199,2014,3130209011.0,6,8,14,389,310,699
KHM-001200,2014,3130211012.0,1,1,2,122,87,209
KHM-001201,2014,3130214013.0,1,3,4,83,74,157
KHM-001202,2014,3130307014.0,5,1,6,150,149,299
KHM-001203,2014,3130311015.0,9,3,12,206,206,412
KHM-001204,2014,3130313016.0,2,1,3,106,105,211
KHM-001205,2014,3130317017.0,7,19,26,518,527,1045
KHM-001206,2014,3130401018.0,1,10,11,156,130,286
KHM-001207,2014,3130402019.0,1,5,6,62,65,127
KHM-001208,2014,3130405020.0,2,6,8,129,99,228
KHM-001209,2014,3130406021.0,3,4,7,45,34,79
KHM-001210,2014,3130506022.0,15,19,34,678,629,1307
KHM-001211,2014,3130603023.0,0,6,6,133,132,265
KHM-001212,2014,3130605024.0,3,4,7,146,144,290
KHM-001213,2014,3130606025.0,4,0,4,121,105,226
KHM-001214,2014,3130704026.0,0,6,6,175,159,334
KHM-001215,2014,3130707027.0,4,2,6,245,208,453
KHM-001216,2014,3130709028.0,1,11,12,163,164,327
KHM-001217,2014,3130801059.0,3,1,4,139,117,256
KHM-001218,2014,3130805029.0,2,11,13,250,197,447
KHM-001219,2014,3130806030.0,3,3,6,474,420,894
KHM-001220,2014,3130809031.0,2,1,3,114,80,194
KHM-001221,2014,3130810032.0,0,2,2,62,66,128
KHM-001222,2014,3130812058.0,1,0,1,123,117,240
KHM-001223,2014,3130816033.0,4,4,8,331,323,654
KHM-001224,2014,3130819034.0,0,2,2,40,30,70
KHM-001225,2014,3130901035.0,3,8,11,155,145,300
KHM-001226,2014,3131001036.0,1,5,6,118,99,217
KHM-001227,2014,3131003037.0,4,1,5,124,113,237
KHM-001228,2014,3131008038.0,2,1,3,99,101,200
KHM-001229,2014,3131102040.0,5,7,12,237,229,466
KHM-001230,2014,3131104041.0,4,2,6,128,121,249
KHM-001231,2014,3131105042.0,4,2,6,120,100,220
KHM-001232,2014,3131201043.0,6,2,8,231,208,439
KHM-001233,2014,3131206045.0,1,2,3,139,152,291
KHM-001234,2014,3131207046.0,2,0,2,65,59,124
KHM-001235,2014,3131208047.0,3,1,4,105,90,195
KHM-001236,2014,3131302048.0,8,9,17,506,479,985
KHM-001237,2014,3131309049.0,3,0,3,104,100,204
KHM-001238,2014,3131402050.0,5,4,9,154,173,327
KHM-001239,2014,3131404051.0,3,0,3,55,61,116
KHM-001240,2014,3131408052.0,7,4,11,226,220,446
KHM-001241,2014,3131502053.0,6,4,10,232,231,463
KHM-001242,2014,3131513054.0,2,1,3,197,190,387
KHM-001243,2014,3131514055.0,1,1,2,257,268,525
KHM-001244,2014,3131519056.0,1,1,2,66,43,109
KHM-001245,2014,3131520006.0,2,0,2,147,122,269
KHM-001246,2014,3131523057.0,1,1,2,59,64,123
KHM-001247,2014,3140101001.0,0,3,3,234,196,430
KHM-001248,2014,3140103002.0,0,5,5,407,365,772
KHM-001249,2014,3140202027.0,1,1,2,114,92,206
KHM-001250,2014,3140203003.0,5,2,7,116,126,242
KHM-001251,2014,3140205028.0,1,1,2,123,86,209
KHM-001252,2014,3140303004.0,1,1,2,116,93,209
KHM-001253,2014,3140304005.0,0,3,3,80,74,154
KHM-001254,2014,3140305006.0,2,1,3,132,123,255
KHM-001255,2014,3140401007.0,2,3,5,128,131,259
KHM-001256,2014,3140404008.0,2,1,3,95,72,167
KHM-001257,2014,3140502030.0,4,8,12,255,266,521
KHM-001258,2014,3140504009.0,2,10,12,228,223,451
KHM-001259,2014,3140507031.0,5,1,6,136,105,241
KHM-001260,2014,3140602012.0,5,10,15,233,216,449
KHM-001261,2014,3140604011.0,1,5,6,107,89,196
KHM-001262,2014,3140701013.0,5,8,13,368,359,727
KHM-001263,2014,3140805032.0,4,14,18,432,366,798
KHM-001264,2014,3140808014.0,6,8,14,292,247,539
KHM-001265,2014,3140903015.0,1,13,14,284,317,601
KHM-001266,2014,3140905016.0,4,8,12,288,258,546
KHM-001267,2014,3140908017.0,5,2,7,124,137,261
KHM-001268,2014,3140912018.0,3,4,7,166,150,316
KHM-001269,2014,3141001033.0,1,2,3,124,98,222
KHM-001270,2014,3141003019.0,3,9,12,268,256,524
KHM-001271,2014,3141006034.0,2,2,4,280,267,547
KHM-001272,2014,3141008020.0,2,2,4,106,86,192
KHM-001273,2014,3141012035.0,1,0,1,25,25,50
KHM-001274,2014,3141013021.0,3,1,4,108,83,191
KHM-001275,2014,3141102022.0,2,1,3,99,94,193
KHM-001276,2014,3141103036.0,2,5,7,150,117,267
KHM-001277,2014,3141104039.0,0,10,10,185,151,336
KHM-001278,2014,3141201023.0,1,2,3,271,232,503
KHM-001279,2014,3141202037.0,2,1,3,222,208,430
KHM-001280,2014,3141203024.0,0,1,1,31,30,61
KHM-001281,2014,3141301025.0,1,15,16,317,271,588
KHM-001282,2014,3141401026.0,1,2,3,118,78,196
KHM-001283,2014,3141402038.0,1,0,1,96,96,192
KHM-001284,2014,3141404040.0,0,0,0,30,33,63
KHM-001285,2014,3150102001.0,2,2,4,327,355,682
KHM-001286,2014,3150301002.0,5,6,11,479,436,915
KHM-001287,2014,3150302043.0,1,2,3,112,107,219
KHM-001288,2014,3150303040.0,4,5,9,631,620,1251
KHM-001289,2014,3150401044.0,2,0,2,75,83,158
KHM-001290,2014,3150402004.0,4,3,7,154,160,314
KHM-001291,2014,3150405005.0,1,1,2,129,119,248
KHM-001292,2014,3150406036.0,2,2,4,112,87,199
KHM-001293,2014,3150504006.0,15,11,26,904,903,1807
KHM-001294,2014,3150601007.0,3,4,7,583,537,1120
KHM-001295,2014,3150601041.0,3,3,6,432,403,835
KHM-001296,2014,3150604045.0,1,0,1,99,104,203
KHM-001297,2014,3150605046.0,1,1,2,42,54,96
KHM-001298,2014,3150606047.0,2,0,2,99,97,196
KHM-001299,2014,3150607048.0,1,2,3,151,154,305
KHM-001300,2014,3150702008.0,2,7,9,135,137,272
KHM-001301,2014,3150703009.0,2,1,3,99,114,213
KHM-001302,2014,3150704010.0,2,0,2,112,102,214
KHM-001303,2014,3150706012.0,3,3,6,323,311,634
KHM-001304,2014,3150902014.0,5,8,13,284,258,542
KHM-001305,2014,3150903015.0,1,2,3,186,202,388
KHM-001306,2014,3150904016.0,2,1,3,189,198,387
KHM-001307,2014,3151002017.0,2,4,6,534,413,947
KHM-001308,2014,3151005020.0,1,0,1,48,35,83
KHM-001309,2014,3151008022.0,3,0,3,342,337,679
KHM-001310,2014,3151010023.0,4,22,26,536,492,1028
KHM-001311,2014,3151012049.0,0,1,1,76,62,138
KHM-001312,2014,3151014028.0,2,0,2,231,190,421
KHM-001313,2014,3151015029.0,0,3,3,79,57,136
KHM-001314,2014,3151017031.0,1,2,3,232,254,486
KHM-001315,2014,3151018024.0,1,1,2,108,104,212
KHM-001316,2014,3151023026.0,2,2,4,129,95,224
KHM-001317,2014,3151024039.0,1,0,1,36,30,66
KHM-001318,2014,3151201032.0,3,11,14,450,490,940
KHM-001319,2014,3151205033.0,7,2,9,280,263,543
KHM-001320,2014,3151207034.0,2,2,4,108,100,208
KHM-001321,2014,3151302035.0,3,2,5,490,363,853
KHM-001322,2014,3151401003.0,5,1,6,291,324,615
KHM-001323,2014,4010101001.0,4,2,6,99,105,204
KHM-001324,2014,4010102002.0,5,0,5,105,114,219
KHM-001325,2014,4010102029.0,3,1,4,50,35,85
KHM-001326,2014,4010103003.0,5,1,6,112,133,245
KHM-001327,2014,4010201004.0,7,1,8,119,111,230
KHM-001328,2014,4010201027.0,4,0,4,68,74,142
KHM-001329,2014,4010203005.0,4,1,5,57,73,130
KHM-001330,2014,4010301006.0,3,4,7,162,159,321
KHM-001331,2014,4010304030.0,4,1,5,113,91,204
KHM-001332,2014,4010403007.0,6,1,7,127,153,280
KHM-001333,2014,4010404008.0,2,6,8,191,191,382
KHM-001334,2014,4010406009.0,1,3,4,128,129,257
KHM-001335,2014,4010410026.0,3,0,3,77,59,136
KHM-001336,2014,4010502010.0,3,0,3,27,26,53
KHM-001337,2014,4010503011.0,2,1,3,92,73,165
KHM-001338,2014,4010601012.0,6,1,7,115,120,235
KHM-001339,2014,4010603013.0,6,4,10,238,230,468
KHM-001340,2014,4010701014.0,6,6,12,226,208,434
KHM-001341,2014,4010703015.0,3,8,11,219,182,401
KHM-001342,2014,4010802016.0,5,3,8,170,200,370
KHM-001343,2014,4010806017.0,2,3,5,102,108,210
KHM-001344,2014,4010902018.0,4,1,5,114,92,206
KHM-001345,2014,4010904019.0,4,1,5,96,85,181
KHM-001346,2014,4010906020.0,5,5,10,309,289,598
KHM-001347,2014,4010908021.0,5,1,6,144,149,293
KHM-001348,2014,4011003022.0,10,9,19,428,425,853
KHM-001349,2014,4011101023.0,1,2,3,111,94,205
KHM-001350,2014,4011102028.0,2,5,7,197,200,397
KHM-001351,2014,4011104024.0,0,7,7,172,152,324
KHM-001352,2014,4011104025.0,3,0,3,71,57,128
KHM-001353,2014,4020101021.0,3,0,3,59,49,108
KHM-001354,2014,4020102001.0,2,2,4,161,135,296
KHM-001355,2014,4020103002.0,2,2,4,92,67,159
KHM-001356,2014,4020104003.0,3,0,3,75,79,154
KHM-001357,2014,4020105004.0,2,6,8,241,217,458
KHM-001358,2014,4020201020.0,2,2,4,106,142,248
KHM-001359,2014,4020204005.0,2,1,3,87,103,190
KHM-001360,2014,4020205006.0,4,2,6,163,159,322
KHM-001361,2014,4020206007.0,2,3,5,165,144,309
KHM-001362,2014,4020207008.0,2,2,4,106,89,195
KHM-001363,2014,4020208009.0,4,0,4,103,118,221
KHM-001364,2014,4020210018.0,3,0,3,60,52,112
KHM-001365,2014,4020301010.0,4,0,4,88,101,189
KHM-001366,2014,4020303022.0,3,0,3,31,35,66
KHM-001367,2014,4020303023.0,2,0,2,36,40,76
KHM-001368,2014,4020304011.0,1,4,5,183,180,363
KHM-001369,2014,4020401012.0,4,2,6,189,204,393
KHM-001370,2014,4020402013.0,3,0,3,85,84,169
KHM-001371,2014,4020403019.0,3,0,3,80,83,163
KHM-001372,2014,4020404014.0,3,2,5,189,190,379
KHM-001373,2014,4020501015.0,2,7,9,201,181,382
KHM-001374,2014,4020502016.0,0,4,4,135,116,251
KHM-001375,2014,4020503017.0,7,6,13,400,411,811
KHM-001376,2014,4030104001.0,13,20,33,363,370,733
KHM-001377,2014,4030105007.0,5,0,5,24,35,59
KHM-001378,2014,4030201002.0,7,11,18,142,119,261
KHM-001379,2014,4030201006.0,5,14,19,298,295,593
KHM-001380,2014,4030301003.0,3,10,13,180,160,340
KHM-001381,2014,4030302004.0,26,39,65,1236,1156,2392
KHM-001382,2014,4030407005.0,3,7,10,110,125,235
KHM-001383,2014,4040101001.0,4,2,6,157,150,307
KHM-001384,2014,4040102002.0,3,2,5,185,162,347
KHM-001385,2014,4040103003.0,2,7,9,359,345,704
KHM-001386,2014,4040201004.0,5,3,8,230,225,455
KHM-001387,2014,4040203005.0,2,1,3,128,140,268
KHM-001388,2014,4040204006.0,1,5,6,189,187,376
KHM-001389,2014,4040301007.0,4,7,11,255,257,512
KHM-001390,2014,4040303008.0,4,0,4,123,115,238
KHM-001391,2014,4040305009.0,1,2,3,117,99,216
KHM-001392,2014,4040306010.0,3,2,5,128,145,273
KHM-001393,2014,4040401028.0,3,0,3,55,85,140
KHM-001394,2014,4040402011.0,3,0,3,92,91,183
KHM-001395,2014,4040402027.0,3,0,3,53,53,106
KHM-001396,2014,4040403029.0,3,0,3,51,48,99
KHM-001397,2014,4040501012.0,6,2,8,243,248,491
KHM-001398,2014,4040502013.0,3,0,3,91,93,184
KHM-001399,2014,4040505030.0,1,2,3,54,53,107
KHM-001400,2014,4040506014.0,2,1,3,61,89,150
KHM-001401,2014,4040601015.0,4,1,5,158,157,315
KHM-001402,2014,4040604016.0,2,1,3,70,97,167
KHM-001403,2014,4040606025.0,2,1,3,90,87,177
KHM-001404,2014,4040701017.0,3,0,3,132,148,280
KHM-001405,2014,4040801018.0,1,4,5,117,111,228
KHM-001406,2014,4040802019.0,3,2,5,134,146,280
KHM-001407,2014,4040804026.0,2,2,4,141,129,270
KHM-001408,2014,4040805020.0,1,2,3,140,117,257
KHM-001409,2014,4040901021.0,5,2,7,107,97,204
KHM-001410,2014,4040902022.0,3,2,5,89,91,180
KHM-001411,2014,4040904023.0,4,2,6,105,94,199
KHM-001412,2014,4040907024.0,5,1,6,87,80,167
KHM-001413,2014,4050101001.0,6,1,7,220,203,423
KHM-001414,2014,4050103002.0,3,0,3,129,84,213
KHM-001415,2014,4050104003.0,1,4,5,142,159,301
KHM-001416,2014,4050105004.0,0,3,3,56,47,103
KHM-001417,2014,4050106005.0,2,1,3,67,69,136
KHM-001418,2014,4050107006.0,2,1,3,41,49,90
KHM-001419,2014,4050108007.0,2,1,3,63,77,140
KHM-001420,2014,4050109042.0,2,1,3,80,84,164
KHM-001421,2014,4050110008.0,2,2,4,110,109,219
KHM-001422,2014,4050111009.0,0,3,3,109,101,210
KHM-001423,2014,4050201010.0,5,0,5,160,140,300
KHM-001424,2014,4050202011.0,3,2,5,117,141,258
KHM-001425,2014,4050206013.0,7,3,10,349,337,686
KHM-001426,2014,4050207012.0,3,1,4,167,164,331
KHM-001427,2014,4050213044.0,3,1,4,59,23,82
KHM-001428,2014,4050306014.0,3,3,6,181,151,332
KHM-001429,2014,4050307015.0,2,2,4,133,135,268
KHM-001430,2014,4050308016.0,1,1,2,51,54,105
KHM-001431,2014,4050311017.0,3,6,9,218,211,429
KHM-001432,2014,4050314018.0,4,3,7,194,180,374
KHM-001433,2014,4050402019.0,2,3,5,106,100,206
KHM-001434,2014,4050403020.0,1,5,6,150,138,288
KHM-001435,2014,4050404021.0,1,1,2,32,40,72
KHM-001436,2014,4050405022.0,1,2,3,55,60,115
KHM-001437,2014,4050406023.0,3,0,3,136,101,237
KHM-001438,2014,4050503024.0,0,3,3,54,43,97
KHM-001439,2014,4050505025.0,4,6,10,321,312,633
KHM-001440,2014,4050508026.0,2,1,3,109,126,235
KHM-001441,2014,4050602027.0,8,5,13,468,454,922
KHM-001442,2014,4050604028.0,4,0,4,115,88,203
KHM-001443,2014,4050606029.0,4,1,5,131,112,243
KHM-001444,2014,4050701047.0,2,4,6,102,93,195
KHM-001445,2014,4050703030.0,7,1,8,241,205,446
KHM-001446,2014,4050706031.0,2,5,7,212,192,404
KHM-001447,2014,4050801043.0,2,1,3,78,82,160
KHM-001448,2014,4050804032.0,4,7,11,366,381,747
KHM-001449,2014,4050810041.0,2,0,2,44,52,96
KHM-001450,2014,4050812046.0,3,0,3,77,70,147
KHM-001451,2014,4050905033.0,6,1,7,237,223,460
KHM-001452,2014,4050906034.0,1,2,3,74,67,141
KHM-001453,2014,4050908040.0,4,1,5,197,170,367
KHM-001454,2014,4050909035.0,4,1,5,178,205,383
KHM-001455,2014,4050914036.0,3,1,4,96,97,193
KHM-001456,2014,4051001037.0,2,1,3,74,68,142
KHM-001457,2014,4051002038.0,5,0,5,154,137,291
KHM-001458,2014,4051004039.0,2,1,3,107,100,207
KHM-001459,2014,4051005045.0,3,1,4,82,70,152
KHM-001460,2014,4060102001.0,4,12,16,212,196,408
KHM-001461,2014,4060106057.0,5,1,6,102,118,220
KHM-001462,2014,4060108002.0,2,5,7,148,139,287
KHM-001463,2014,4060201003.0,2,4,6,119,82,201
KHM-001464,2014,4060204004.0,6,3,9,168,169,337
KHM-001465,2014,4060207055.0,2,1,3,42,23,65
KHM-001466,2014,4060305005.0,3,12,15,288,287,575
KHM-001467,2014,4060309006.0,4,1,5,148,123,271
KHM-001468,2014,4060310041.0,3,0,3,54,66,120
KHM-001469,2014,4060402007.0,3,9,12,146,138,284
KHM-001470,2014,4060404008.0,2,8,10,131,131,262
KHM-001471,2014,4060409053.0,4,3,7,52,64,116
KHM-001472,2014,4060410009.0,5,3,8,69,90,159
KHM-001473,2014,4060413010.0,6,8,14,194,199,393
KHM-001474,2014,4060415011.0,5,2,7,89,88,177
KHM-001475,2014,4060502012.0,4,9,13,193,169,362
KHM-001476,2014,4060505013.0,6,3,9,147,109,256
KHM-001477,2014,4060506059.0,4,1,5,39,40,79
KHM-001478,2014,4060507014.0,0,3,3,104,101,205
KHM-001479,2014,4060508054.0,2,1,3,103,81,184
KHM-001480,2014,4060601015.0,9,3,12,290,280,570
KHM-001481,2014,4060603051.0,3,1,4,51,55,106
KHM-001482,2014,4060608016.0,4,2,6,100,77,177
KHM-001483,2014,4060703017.0,1,15,16,255,283,538
KHM-001484,2014,4060709018.0,1,1,2,16,8,24
KHM-001485,2014,4060710019.0,1,5,6,111,91,202
KHM-001486,2014,4060801020.0,6,0,6,126,128,254
KHM-001487,2014,4060804021.0,3,0,3,52,51,103
KHM-001488,2014,4060805022.0,2,1,3,42,38,80
KHM-001489,2014,4060805050.0,2,1,3,21,24,45
KHM-001490,2014,4060806023.0,3,1,4,82,77,159
KHM-001491,2014,4060807024.0,1,2,3,62,64,126
KHM-001492,2014,4060902025.0,8,7,15,251,220,471
KHM-001493,2014,4060907058.0,2,1,3,57,54,111
KHM-001494,2014,4061001026.0,4,9,13,177,169,346
KHM-001495,2014,4061002027.0,6,6,12,167,157,324
KHM-001496,2014,4061003028.0,3,5,8,73,87,160
KHM-001497,2014,4061104029.0,8,16,24,292,328,620
KHM-001498,2014,4061110030.0,4,6,10,97,93,190
KHM-001499,2014,4061111031.0,4,7,11,134,123,257
KHM-001500,2014,4061201032.0,7,3,10,74,74,148
KHM-001501,2014,4061203033.0,6,5,11,105,102,207
KHM-001502,2014,4061204034.0,5,4,9,127,145,272
KHM-001503,2014,4061207035.0,7,11,18,209,193,402
KHM-001504,2014,4061212036.0,5,3,8,110,118,228
KHM-001505,2014,4061213037.0,8,12,20,253,226,479
KHM-001506,2014,4061217039.0,4,4,8,69,88,157
KHM-001507,2014,4061218040.0,2,4,6,73,87,160
KHM-001508,2014,4061219056.0,1,2,3,63,61,124
KHM-001509,2014,4061220042.0,3,0,3,32,32,64
KHM-001510,2014,4061222049.0,3,0,3,40,37,77
KHM-001511,2014,4061301048.0,2,1,3,63,72,135
KHM-001512,2014,4061302043.0,4,2,6,76,67,143
KHM-001513,2014,4061303052.0,3,0,3,67,71,138
KHM-001514,2014,4061305044.0,2,1,3,94,106,200
KHM-001515,2014,4061306045.0,2,3,5,133,120,253
KHM-001516,2014,4061307046.0,3,2,5,126,129,255
KHM-001517,2014,4061308047.0,1,2,3,42,32,74
KHM-001518,2014,4070101001.0,3,2,5,121,125,246
KHM-001519,2014,4070103026.0,3,0,3,118,110,228
KHM-001520,2014,4070105029.0,1,2,3,38,59,97
KHM-001521,2014,4070201002.0,9,4,13,216,212,428
KHM-001522,2014,4070205003.0,4,3,7,135,141,276
KHM-001523,2014,4070206004.0,5,0,5,139,119,258
KHM-001524,2014,4070302005.0,13,6,19,448,422,870
KHM-001525,2014,4070303030.0,2,1,3,41,45,86
KHM-001526,2014,4070309006.0,4,0,4,180,158,338
KHM-001527,2014,4070401007.0,4,1,5,145,173,318
KHM-001528,2014,4070404008.0,3,0,3,63,64,127
KHM-001529,2014,4070406009.0,3,0,3,101,78,179
KHM-001530,2014,4070408010.0,1,2,3,74,78,152
KHM-001531,2014,4070410011.0,5,1,6,241,217,458
KHM-001532,2014,4070411028.0,3,0,3,95,93,188
KHM-001533,2014,4070501027.0,2,2,4,87,78,165
KHM-001534,2014,4070502012.0,5,5,10,284,251,535
KHM-001535,2014,4070506025.0,2,1,3,118,101,219
KHM-001536,2014,4070508013.0,4,2,6,205,167,372
KHM-001537,2014,4070509031.0,2,0,2,89,63,152
KHM-001538,2014,4070604014.0,5,3,8,268,269,537
KHM-001539,2014,4070607015.0,6,4,10,204,217,421
KHM-001540,2014,4070612016.0,4,4,8,258,216,474
KHM-001541,2014,4070704017.0,4,1,5,168,192,360
KHM-001542,2014,4070706018.0,5,2,7,312,322,634
KHM-001543,2014,4070707019.0,1,2,3,71,66,137
KHM-001544,2014,4070710024.0,4,0,4,121,124,245
KHM-001545,2014,4070805020.0,9,9,18,582,560,1142
KHM-001546,2014,4070808021.0,1,9,10,284,290,574
KHM-001547,2014,4070902022.0,6,4,10,260,226,486
KHM-001548,2014,4070904023.0,3,5,8,186,169,355
KHM-001549,2014,4080101001.0,14,4,18,290,286,576
KHM-001550,2014,4080103002.0,5,1,6,208,212,420
KHM-001551,2014,4080105003.0,4,0,4,98,86,184
KHM-001552,2014,4080108035.0,4,2,6,84,102,186
KHM-001553,2014,4080201028.0,2,1,3,59,39,98
KHM-001554,2014,4080204033.0,0,3,3,32,30,62
KHM-001555,2014,4080206004.0,3,2,5,131,115,246
KHM-001556,2014,4080207005.0,3,1,4,155,139,294
KHM-001557,2014,4080210024.0,3,0,3,108,96,204
KHM-001558,2014,4080211025.0,1,2,3,130,119,249
KHM-001559,2014,4080301006.0,4,3,7,109,99,208
KHM-001560,2014,4080302023.0,4,1,5,110,94,204
KHM-001561,2014,4080307007.0,6,7,13,203,182,385
KHM-001562,2014,4080401020.0,2,1,3,74,66,140
KHM-001563,2014,4080404021.0,1,2,3,111,128,239
KHM-001564,2014,4080408036.0,2,1,3,113,99,212
KHM-001565,2014,4080409027.0,4,0,4,171,141,312
KHM-001566,2014,4080501008.0,7,4,11,360,308,668
KHM-001567,2014,4080504029.0,1,2,3,55,47,102
KHM-001568,2014,4080603009.0,1,2,3,127,106,233
KHM-001569,2014,4080605011.0,6,3,9,189,199,388
KHM-001570,2014,4080606012.0,4,3,7,267,236,503
KHM-001571,2014,4080608010.0,3,1,4,105,92,197
KHM-001572,2014,4080611031.0,3,0,3,99,78,177
KHM-001573,2014,4080612032.0,4,0,4,120,110,230
KHM-001574,2014,4080613037.0,3,0,3,47,61,108
KHM-001575,2014,4080614030.0,2,1,3,36,54,90
KHM-001576,2014,4080701018.0,4,0,4,52,32,84
KHM-001577,2014,4080702013.0,6,4,10,151,148,299
KHM-001578,2014,4080703014.0,4,2,6,118,96,214
KHM-001579,2014,4080705015.0,2,2,4,55,68,123
KHM-001580,2014,4080706019.0,3,0,3,53,44,97
KHM-001581,2014,4080707038.0,4,1,5,87,69,156
KHM-001582,2014,4080709026.0,1,2,3,52,52,104
KHM-001583,2014,4080801016.0,2,1,3,81,66,147
KHM-001584,2014,4080802022.0,2,2,4,128,136,264
KHM-001585,2014,4080803017.0,2,1,3,59,69,128
KHM-001586,2014,4080807034.0,2,1,3,101,96,197
KHM-001587,2014,5010103001.0,4,0,4,152,113,265
KHM-001588,2014,5010105026.0,8,4,12,266,264,530
KHM-001589,2014,5010111002.0,5,2,7,184,147,331
KHM-001590,2014,5010121003.0,1,3,4,183,183,366
KHM-001591,2014,5010205035.0,6,2,8,310,292,602
KHM-001592,2014,5010209007.0,7,1,8,203,272,475
KHM-001593,2014,5010302008.0,4,2,6,302,308,610
KHM-001594,2014,5010306040.0,3,2,5,101,105,206
KHM-001595,2014,5010314009.0,1,5,6,241,207,448
KHM-001596,2014,5010403041.0,4,1,5,150,126,276
KHM-001597,2014,5010406010.0,7,0,7,238,227,465
KHM-001598,2014,5010408037.0,4,0,4,88,91,179
KHM-001599,2014,5010507011.0,3,1,4,151,183,334
KHM-001600,2014,5010601012.0,4,1,5,85,70,155
KHM-001601,2014,5010605014.0,6,4,10,210,218,428
KHM-001602,2014,5010611015.0,5,4,9,169,167,336
KHM-001603,2014,5010613013.0,4,1,5,96,92,188
KHM-001604,2014,5010705016.0,5,1,6,166,135,301
KHM-001605,2014,5010711017.0,11,2,13,399,338,737
KHM-001606,2014,5010715018.0,5,1,6,209,139,348
KHM-001607,2014,5010716019.0,2,3,5,138,136,274
KHM-001608,2014,5010801020.0,7,5,12,226,228,454
KHM-001609,2014,5010804021.0,6,1,7,166,147,313
KHM-001610,2014,5010809022.0,7,2,9,263,207,470
KHM-001611,2014,5010813023.0,3,0,3,125,107,232
KHM-001612,2014,5010905024.0,2,3,5,198,243,441
KHM-001613,2014,5010909025.0,2,1,3,78,53,131
KHM-001614,2014,5010911038.0,2,3,5,171,139,310
KHM-001615,2014,5011003028.0,6,1,7,371,336,707
KHM-001616,2014,5011011039.0,3,2,5,204,202,406
KHM-001617,2014,5011109030.0,3,2,5,204,223,427
KHM-001618,2014,5011112031.0,2,5,7,295,342,637
KHM-001619,2014,5011201032.0,6,3,9,281,209,490
KHM-001620,2014,5011207036.0,4,0,4,140,99,239
KHM-001621,2014,5011211033.0,8,2,10,360,321,681
KHM-001622,2014,5011307006.0,3,5,8,208,181,389
KHM-001623,2014,5011310005.0,3,1,4,140,165,305
KHM-001624,2014,5011312004.0,5,4,9,205,197,402
KHM-001625,2014,5011410029.0,2,8,10,358,333,691
KHM-001626,2014,5011502027.0,3,4,7,293,221,514
KHM-001627,2014,5011506034.0,2,3,5,162,195,357
KHM-001628,2014,5020101002.0,5,3,8,77,75,152
KHM-001629,2014,5020102014.0,6,0,6,38,40,78
KHM-001630,2014,5020104001.0,9,8,17,241,234,475
KHM-001631,2014,5020110003.0,2,6,8,145,166,311
KHM-001632,2014,5020113004.0,4,5,9,164,191,355
KHM-001633,2014,5020205006.0,4,5,9,151,154,305
KHM-001634,2014,5020207007.0,4,8,12,258,231,489
KHM-001635,2014,5020308005.0,4,14,18,406,470,876
KHM-001636,2014,5020311009.0,1,7,8,99,87,186
KHM-001637,2014,5020312010.0,7,8,15,345,294,639
KHM-001638,2014,5020312015.0,2,6,8,174,168,342
KHM-001639,2014,5020409008.0,4,12,16,311,276,587
KHM-001640,2014,5020503011.0,1,12,13,202,211,413
KHM-001641,2014,5020505012.0,1,14,15,351,305,656
KHM-001642,2014,5020509013.0,4,4,8,137,127,264
KHM-001643,2014,5030101001.0,3,1,4,44,45,89
KHM-001644,2014,5030106002.0,7,1,8,236,215,451
KHM-001645,2014,5030109003.0,6,0,6,63,73,136
KHM-001646,2014,5030203045.0,4,1,5,87,89,176
KHM-001647,2014,5030205004.0,5,2,7,84,88,172
KHM-001648,2014,5030215005.0,3,9,12,200,208,408
KHM-001649,2014,5030217006.0,8,2,10,180,154,334
KHM-001650,2014,5030218007.0,4,3,7,124,121,245
KHM-001651,2014,5030219008.0,4,3,7,110,121,231
KHM-001652,2014,5030303009.0,6,3,9,249,213,462
KHM-001653,2014,5030318010.0,2,5,7,108,104,212
KHM-001654,2014,5030413011.0,5,2,7,280,261,541
KHM-001655,2014,5030503015.0,8,1,9,236,209,445
KHM-001656,2014,5030505012.0,5,1,6,99,101,200
KHM-001657,2014,5030511013.0,8,1,9,162,155,317
KHM-001658,2014,5030512014.0,5,0,5,98,69,167
KHM-001659,2014,5030605018.0,4,2,6,105,75,180
KHM-001660,2014,5030607017.0,7,1,8,368,323,691
KHM-001661,2014,5030610039.0,3,3,6,124,132,256
KHM-001662,2014,5030611019.0,4,2,6,168,169,337
KHM-001663,2014,5030623040.0,4,0,4,122,120,242
KHM-001664,2014,5030703042.0,3,1,4,206,165,371
KHM-001665,2014,5030704044.0,4,1,5,211,211,422
KHM-001666,2014,5030709020.0,2,2,4,255,253,508
KHM-001667,2014,5030710021.0,5,1,6,198,191,389
KHM-001668,2014,5030804022.0,10,2,12,277,225,502
KHM-001669,2014,5030810023.0,1,5,6,92,106,198
KHM-001670,2014,5030904024.0,5,3,8,340,293,633
KHM-001671,2014,5030913046.0,3,2,5,192,176,368
KHM-001672,2014,5030916025.0,4,5,9,570,508,1078
KHM-001673,2014,5031005026.0,3,4,7,166,137,303
KHM-001674,2014,5031006027.0,8,2,10,287,259,546
KHM-001675,2014,5031010043.0,2,2,4,33,27,60
KHM-001676,2014,5031020028.0,3,4,7,138,151,289
KHM-001677,2014,5031021029.0,2,5,7,105,116,221
KHM-001678,2014,5031112030.0,2,1,3,127,128,255
KHM-001679,2014,5031114041.0,2,2,4,133,132,265
KHM-001680,2014,5031116031.0,5,5,10,204,157,361
KHM-001681,2014,5031117032.0,4,3,7,132,115,247
KHM-001682,2014,5031202034.0,4,4,8,172,153,325
KHM-001683,2014,5031204033.0,5,7,12,352,308,660
KHM-001684,2014,5031301035.0,5,7,12,234,216,450
KHM-001685,2014,5031314036.0,4,3,7,106,106,212
KHM-001686,2014,5031320037.0,4,1,5,131,110,241
KHM-001687,2014,5031321038.0,4,2,6,95,68,163
KHM-001688,2014,5040101001.0,2,4,6,346,359,705
KHM-001689,2014,5040103020.0,4,2,6,217,230,447
KHM-001690,2014,5040205017.0,4,0,4,113,114,227
KHM-001691,2014,5040205027.0,2,0,2,51,46,97
KHM-001692,2014,5040206018.0,3,0,3,158,131,289
KHM-001693,2014,5040303007.0,6,4,10,233,230,463
KHM-001694,2014,5040310004.0,6,1,7,254,245,499
KHM-001695,2014,5040311012.0,4,0,4,205,181,386
KHM-001696,2014,5040312013.0,3,2,5,183,138,321
KHM-001697,2014,5040316025.0,5,1,6,221,137,358
KHM-001698,2014,5040318016.0,4,0,4,81,108,189
KHM-001699,2014,5040321010.0,4,0,4,122,123,245
KHM-001700,2014,5040322026.0,2,0,2,56,50,106
KHM-001701,2014,5040325019.0,2,0,2,98,125,223
KHM-001702,2014,5040325022.0,3,1,4,70,71,141
KHM-001703,2014,5040326023.0,3,0,3,66,44,110
KHM-001704,2014,5040327024.0,3,0,3,107,90,197
KHM-001705,2014,5040404009.0,4,1,5,171,369,540
KHM-001706,2014,5040406006.0,3,1,4,141,127,268
KHM-001707,2014,5040409011.0,3,0,3,192,198,390
KHM-001708,2014,5040414015.0,2,0,2,174,139,313
KHM-001709,2014,5040503014.0,2,1,3,123,105,228
KHM-001710,2014,5040506002.0,2,7,9,297,305,602
KHM-001711,2014,5040507005.0,6,1,7,183,216,399
KHM-001712,2014,5040516021.0,3,1,4,97,104,201
KHM-001713,2014,5050101059.0,1,2,3,65,78,143
KHM-001714,2014,5050102001.0,0,3,3,187,179,366
KHM-001715,2014,5050110002.0,0,5,5,288,240,528
KHM-001716,2014,5050207003.0,8,3,11,429,356,785
KHM-001717,2014,5050213004.0,3,1,4,119,113,232
KHM-001718,2014,5050301005.0,8,4,12,267,212,479
KHM-001719,2014,5050403054.0,1,1,2,75,89,164
KHM-001720,2014,5050404008.0,2,2,4,228,175,403
KHM-001721,2014,5050412009.0,10,4,14,546,475,1021
KHM-001722,2014,5050416055.0,2,1,3,145,117,262
KHM-001723,2014,5050418029.0,3,0,3,102,106,208
KHM-001724,2014,5050501010.0,2,6,8,143,149,292
KHM-001725,2014,5050505011.0,4,2,6,60,84,144
KHM-001726,2014,5050515012.0,6,8,14,329,340,669
KHM-001727,2014,5050525013.0,5,7,12,315,306,621
KHM-001728,2014,5050526051.0,4,2,6,84,87,171
KHM-001729,2014,5050606014.0,3,3,6,374,299,673
KHM-001730,2014,5050608015.0,3,0,3,84,109,193
KHM-001731,2014,5050701023.0,3,1,4,83,99,182
KHM-001732,2014,5050703024.0,6,3,9,249,214,463
KHM-001733,2014,5050708025.0,2,1,3,106,96,202
KHM-001734,2014,5050711043.0,2,1,3,79,52,131
KHM-001735,2014,5050715026.0,5,0,5,172,204,376
KHM-001736,2014,5050803056.0,4,2,6,81,73,154
KHM-001737,2014,5050806027.0,13,5,18,377,340,717
KHM-001738,2014,5050904058.0,2,1,3,57,50,107
KHM-001739,2014,5050907028.0,2,5,7,264,226,490
KHM-001740,2014,5050910048.0,3,1,4,145,159,304
KHM-001741,2014,5050912049.0,3,0,3,104,95,199
KHM-001742,2014,5051001030.0,2,2,4,148,135,283
KHM-001743,2014,5051006031.0,6,1,7,140,166,306
KHM-001744,2014,5051008047.0,3,2,5,37,50,87
KHM-001745,2014,5051013032.0,2,5,7,70,57,127
KHM-001746,2014,5051014033.0,4,0,4,141,138,279
KHM-001747,2014,5051017034.0,3,3,6,144,90,234
KHM-001748,2014,5051022036.0,7,1,8,153,128,281
KHM-001749,2014,5051025037.0,3,1,4,88,85,173
KHM-001750,2014,5051027050.0,3,4,7,151,159,310
KHM-001751,2014,5051101038.0,19,15,34,675,594,1269
KHM-001752,2014,5051111052.0,5,1,6,73,57,130
KHM-001753,2014,5051201039.0,4,1,5,199,151,350
KHM-001754,2014,5051206040.0,4,1,5,174,207,381
KHM-001755,2014,5051210045.0,2,0,2,97,100,197
KHM-001756,2014,5051214041.0,7,0,7,233,227,460
KHM-001757,2014,5051215042.0,3,0,3,140,122,262
KHM-001758,2014,5051301006.0,2,1,3,152,160,312
KHM-001759,2014,5051310046.0,1,3,4,103,90,193
KHM-001760,2014,5051316007.0,2,2,4,256,275,531
KHM-001761,2014,5051401016.0,1,3,4,212,200,412
KHM-001762,2014,5051406017.0,3,1,4,148,135,283
KHM-001763,2014,5051411018.0,3,2,5,149,122,271
KHM-001764,2014,5051414053.0,3,0,3,48,43,91
KHM-001765,2014,5051415019.0,3,1,4,91,92,183
KHM-001766,2014,5051505020.0,5,0,5,183,278,461
KHM-001767,2014,5051515021.0,3,2,5,207,169,376
KHM-001768,2014,5051518022.0,6,7,13,416,445,861
KHM-001769,2014,5060101045.0,3,0,3,95,111,206
KHM-001770,2014,5060102001.0,3,1,4,195,263,458
KHM-001771,2014,5060106024.0,2,0,2,67,82,149
KHM-001772,2014,5060107025.0,1,0,1,42,42,84
KHM-001773,2014,5060203002.0,6,6,12,487,449,936
KHM-001774,2014,5060203048.0,3,0,3,164,131,295
KHM-001775,2014,5060301033.0,4,0,4,195,213,408
KHM-001776,2014,5060303003.0,3,0,3,174,143,317
KHM-001777,2014,5060304026.0,4,3,7,317,267,584
KHM-001778,2014,5060307034.0,3,0,3,142,93,235
KHM-001779,2014,5060403004.0,4,6,10,337,254,591
KHM-001780,2014,5060502005.0,6,0,6,506,322,828
KHM-001781,2014,5060506028.0,2,3,5,353,297,650
KHM-001782,2014,5060601006.0,4,2,6,133,162,295
KHM-001783,2014,5060602007.0,5,1,6,88,113,201
KHM-001784,2014,5060605008.0,5,9,14,347,305,652
KHM-001785,2014,5060613047.0,2,1,3,46,54,100
KHM-001786,2014,5060623010.0,2,2,4,106,93,199
KHM-001787,2014,5060624022.0,3,3,6,220,138,358
KHM-001788,2014,5060625011.0,5,4,9,270,261,531
KHM-001789,2014,5060704012.0,2,10,12,445,386,831
KHM-001790,2014,5060708013.0,7,8,15,440,389,829
KHM-001791,2014,5060708031.0,1,1,2,176,144,320
KHM-001792,2014,5060719014.0,1,4,5,202,152,354
KHM-001793,2014,5060721035.0,1,1,2,62,60,122
KHM-001794,2014,5060807015.0,4,1,5,262,216,478
KHM-001795,2014,5060908016.0,3,5,8,403,378,781
KHM-001796,2014,5061001030.0,2,0,2,104,133,237
KHM-001797,2014,5061004017.0,1,3,4,234,232,466
KHM-001798,2014,5061006029.0,3,0,3,99,105,204
KHM-001799,2014,5061007037.0,4,0,4,235,197,432
KHM-001800,2014,5061103046.0,1,1,2,169,123,292
KHM-001801,2014,5061107018.0,2,4,6,271,231,502
KHM-001802,2014,5061109019.0,6,8,14,423,321,744
KHM-001803,2014,5061113036.0,2,1,3,108,118,226
KHM-001804,2014,5061201049.0,2,0,2,49,39,88
KHM-001805,2014,5061203032.0,1,3,4,292,257,549
KHM-001806,2014,5061204020.0,3,2,5,284,267,551
KHM-001807,2014,5061206021.0,3,1,4,181,189,370
KHM-001808,2014,5061207023.0,4,0,4,237,185,422
KHM-001809,2014,5061208027.0,3,0,3,111,92,203
KHM-001810,2014,5061209038.0,1,1,2,111,89,200
KHM-001811,2014,5061210039.0,2,1,3,64,85,149
KHM-001812,2014,5061211040.0,0,1,1,40,34,74
KHM-001813,2014,5061212041.0,1,3,4,155,100,255
KHM-001814,2014,5061212048.0,1,0,1,61,49,110
KHM-001815,2014,5061213042.0,2,1,3,100,114,214
KHM-001816,2014,5061214043.0,1,2,3,116,112,228
KHM-001817,2014,5061215044.0,2,0,2,32,30,62
KHM-001818,2014,5070102051.0,5,7,12,230,231,461
KHM-001819,2014,5070103011.0,3,3,6,53,73,126
KHM-001820,2014,5070107012.0,2,12,14,249,286,535
KHM-001821,2014,5070211001.0,3,9,12,282,285,567
KHM-001822,2014,5070301002.0,4,1,5,85,83,168
KHM-001823,2014,5070309003.0,6,0,6,100,103,203
KHM-001824,2014,5070313046.0,2,4,6,128,110,238
KHM-001825,2014,5070409004.0,4,4,8,227,226,453
KHM-001826,2014,5070415005.0,5,3,8,218,221,439
KHM-001827,2014,5070504006.0,7,6,13,311,258,569
KHM-001828,2014,5070506007.0,2,7,9,169,141,310
KHM-001829,2014,5070510008.0,1,5,6,136,134,270
KHM-001830,2014,5070513049.0,3,3,6,71,68,139
KHM-001831,2014,5070514009.0,6,5,11,153,152,305
KHM-001832,2014,5070517010.0,6,0,6,93,86,179
KHM-001833,2014,5070601013.0,5,6,11,291,305,596
KHM-001834,2014,5070614014.0,3,6,9,150,107,257
KHM-001835,2014,5070618015.0,9,6,15,313,228,541
KHM-001836,2014,5070622016.0,7,2,9,254,242,496
KHM-001837,2014,5070702017.0,5,1,6,129,97,226
KHM-001838,2014,5070704018.0,8,2,10,260,260,520
KHM-001839,2014,5070707019.0,7,4,11,188,175,363
KHM-001840,2014,5070801020.0,3,1,4,91,113,204
KHM-001841,2014,5070809021.0,8,3,11,393,394,787
KHM-001842,2014,5070813047.0,5,1,6,182,147,329
KHM-001843,2014,5070901022.0,5,3,8,248,243,491
KHM-001844,2014,5070902023.0,5,1,6,141,136,277
KHM-001845,2014,5070904024.0,5,2,7,162,172,334
KHM-001846,2014,5070913025.0,8,1,9,262,233,495
KHM-001847,2014,5071008026.0,6,6,12,268,282,550
KHM-001848,2014,5071012027.0,3,4,7,135,134,269
KHM-001849,2014,5071020028.0,5,9,14,194,230,424
KHM-001850,2014,5071101029.0,4,5,9,226,222,448
KHM-001851,2014,5071109030.0,8,5,13,317,301,618
KHM-001852,2014,5071110031.0,2,4,6,125,121,246
KHM-001853,2014,5071114032.0,1,5,6,90,66,156
KHM-001854,2014,5071116048.0,6,1,7,106,114,220
KHM-001855,2014,5071201033.0,4,3,7,219,194,413
KHM-001856,2014,5071208034.0,4,5,9,281,226,507
KHM-001857,2014,5071210035.0,5,5,10,243,224,467
KHM-001858,2014,5071304036.0,3,6,9,164,151,315
KHM-001859,2014,5071308037.0,6,7,13,370,308,678
KHM-001860,2014,5071311038.0,3,3,6,131,114,245
KHM-001861,2014,5071320039.0,7,10,17,342,294,636
KHM-001862,2014,5071404040.0,3,6,9,199,209,408
KHM-001863,2014,5071412041.0,6,0,6,89,76,165
KHM-001864,2014,5071413050.0,5,1,6,116,127,243
KHM-001865,2014,5071501042.0,9,7,16,440,358,798
KHM-001866,2014,5071502043.0,7,6,13,303,289,592
KHM-001867,2014,5071517044.0,6,7,13,222,240,462
KHM-001868,2014,5071522045.0,4,2,6,68,74,142
KHM-001869,2014,5080103001.0,3,0,3,124,101,225
KHM-001870,2014,5080105022.0,3,1,4,117,108,225
KHM-001871,2014,5080106002.0,2,2,4,203,195,398
KHM-001872,2014,5080109003.0,3,0,3,199,162,361
KHM-001873,2014,5080111019.0,2,0,2,58,79,137
KHM-001874,2014,5080112020.0,2,1,3,110,84,194
KHM-001875,2014,5080113021.0,3,0,3,58,85,143
KHM-001876,2014,5080202004.0,5,5,10,263,249,512
KHM-001877,2014,5080205027.0,3,2,5,85,81,166
KHM-001878,2014,5080401009.0,4,0,4,115,106,221
KHM-001879,2014,5080402026.0,2,0,2,84,63,147
KHM-001880,2014,5080403005.0,2,0,2,189,143,332
KHM-001881,2014,5080404006.0,2,2,4,286,215,501
KHM-001882,2014,5080405007.0,2,2,4,235,224,459
KHM-001883,2014,5080409008.0,4,1,5,273,301,574
KHM-001884,2014,5080504010.0,7,3,10,401,410,811
KHM-001885,2014,5080507011.0,6,7,13,294,289,583
KHM-001886,2014,5080604024.0,2,0,2,75,82,157
KHM-001887,2014,5080606012.0,5,0,5,192,197,389
KHM-001888,2014,5080607023.0,2,0,2,84,62,146
KHM-001889,2014,5080702013.0,8,3,11,223,249,472
KHM-001890,2014,5080708015.0,2,3,5,141,122,263
KHM-001891,2014,5080710014.0,2,6,8,197,192,389
KHM-001892,2014,5080805016.0,5,7,12,261,260,521
KHM-001893,2014,5080807017.0,6,1,7,176,177,353
KHM-001894,2014,5080810018.0,5,6,11,263,245,508
KHM-001895,2014,6010101002.0,3,3,6,283,290,573
KHM-001896,2014,6010103001.0,4,1,5,175,196,371
KHM-001897,2014,6010106082.0,2,0,2,47,50,97
KHM-001898,2014,6010201004.0,5,14,19,173,209,382
KHM-001899,2014,6010201010.0,6,12,18,265,285,550
KHM-001900,2014,6010202006.0,2,0,2,44,60,104
KHM-001901,2014,6010204003.0,3,3,6,77,99,176
KHM-001902,2014,6010206005.0,3,3,6,56,76,132
KHM-001903,2014,6010207008.0,3,2,5,102,83,185
KHM-001904,2014,6010208007.0,0,2,2,63,46,109
KHM-001905,2014,6010212009.0,5,2,7,163,143,306
KHM-001906,2014,6010301072.0,1,3,4,69,39,108
KHM-001907,2014,6010302012.0,3,7,10,240,216,456
KHM-001908,2014,6010305016.0,0,1,1,47,39,86
KHM-001909,2014,6010307014.0,2,5,7,143,112,255
KHM-001910,2014,6010308015.0,0,6,6,142,125,267
KHM-001911,2014,6010310013.0,2,7,9,176,191,367
KHM-001912,2014,6010312011.0,1,3,4,82,88,170
KHM-001913,2014,6010401017.0,2,3,5,251,285,536
KHM-001914,2014,6010403018.0,1,2,3,108,112,220
KHM-001915,2014,6010404019.0,2,1,3,121,100,221
KHM-001916,2014,6010405020.0,4,1,5,132,135,267
KHM-001917,2014,6010501023.0,1,4,5,178,158,336
KHM-001918,2014,6010502024.0,2,2,4,94,69,163
KHM-001919,2014,6010505077.0,2,3,5,87,83,170
KHM-001920,2014,6010506022.0,2,3,5,242,226,468
KHM-001921,2014,6010509086.0,2,0,2,71,88,159
KHM-001922,2014,6010510021.0,1,2,3,120,130,250
KHM-001923,2014,6010603041.0,3,1,4,108,80,188
KHM-001924,2014,6010604040.0,6,5,11,260,221,481
KHM-001925,2014,6010606039.0,0,0,0,348,353,701
KHM-001926,2014,6010611038.0,3,3,6,330,333,663
KHM-001927,2014,6010701025.0,6,1,7,234,244,478
KHM-001928,2014,6010702029.0,0,3,3,133,121,254
KHM-001929,2014,6010703080.0,1,2,3,112,83,195
KHM-001930,2014,6010706027.0,1,5,6,130,84,214
KHM-001931,2014,6010708030.0,2,3,5,227,183,410
KHM-001932,2014,6010709028.0,2,3,5,108,96,204
KHM-001933,2014,6010711026.0,0,2,2,144,116,260
KHM-001934,2014,6010801036.0,2,4,6,247,206,453
KHM-001935,2014,6010802035.0,1,1,2,94,79,173
KHM-001936,2014,6010803031.0,5,1,6,155,144,299
KHM-001937,2014,6010804033.0,2,1,3,144,114,258
KHM-001938,2014,6010806032.0,1,1,2,32,34,66
KHM-001939,2014,6010807034.0,2,5,7,186,154,340
KHM-001940,2014,6010808071.0,3,1,4,89,82,171
KHM-001941,2014,6010903084.0,2,1,3,54,60,114
KHM-001942,2014,6010909037.0,5,6,11,450,447,897
KHM-001943,2014,6011002043.0,0,2,2,150,134,284
KHM-001944,2014,6011003073.0,1,1,2,109,82,191
KHM-001945,2014,6011004074.0,2,2,4,99,80,179
KHM-001946,2014,6011005042.0,3,1,4,100,88,188
KHM-001947,2014,6011007083.0,1,2,3,88,86,174
KHM-001948,2014,6011008075.0,4,3,7,235,270,505
KHM-001949,2014,6011101044.0,2,8,10,333,301,634
KHM-001950,2014,6011102076.0,2,1,3,99,84,183
KHM-001951,2014,6011103045.0,3,3,6,242,204,446
KHM-001952,2014,6011105085.0,0,3,3,98,111,209
KHM-001953,2014,6011106046.0,2,1,3,102,109,211
KHM-001954,2014,6011201048.0,3,0,3,67,46,113
KHM-001955,2014,6011204047.0,2,4,6,151,149,300
KHM-001956,2014,6011207049.0,1,2,3,102,83,185
KHM-001957,2014,6011305050.0,13,6,19,440,434,874
KHM-001958,2014,6011306079.0,2,5,7,139,113,252
KHM-001959,2014,6011401052.0,5,16,21,344,323,667
KHM-001960,2014,6011407081.0,3,0,3,81,66,147
KHM-001961,2014,6011410051.0,4,0,4,98,80,178
KHM-001962,2014,6011503054.0,2,1,3,57,37,94
KHM-001963,2014,6011505055.0,1,2,3,110,82,192
KHM-001964,2014,6011507057.0,1,5,6,253,223,476
KHM-001965,2014,6011509078.0,2,0,2,107,104,211
KHM-001966,2014,6011509086.0,2,0,2,60,66,126
KHM-001967,2014,6011511053.0,1,2,3,152,151,303
KHM-001968,2014,6011514056.0,5,5,10,278,316,594
KHM-001969,2014,6011602060.0,1,1,2,132,80,212
KHM-001970,2014,6011604058.0,8,5,13,217,202,419
KHM-001971,2014,6011607059.0,1,3,4,69,80,149
KHM-001972,2014,6011701064.0,6,6,12,225,225,450
KHM-001973,2014,6011705063.0,1,1,2,34,46,80
KHM-001974,2014,6011707061.0,3,3,6,189,150,339
KHM-001975,2014,6011709062.0,4,2,6,95,112,207
KHM-001976,2014,6011805065.0,0,3,3,58,70,128
KHM-001977,2014,6011807066.0,1,2,3,92,76,168
KHM-001978,2014,6011810067.0,2,1,3,154,208,362
KHM-001979,2014,6011811068.0,0,4,4,281,270,551
KHM-001980,2014,6011814069.0,1,0,1,36,36,72
KHM-001981,2014,6011823070.0,9,11,20,645,566,1211
KHM-001982,2014,6020101003.0,3,5,8,154,141,295
KHM-001983,2014,6020103002.0,4,0,4,54,61,115
KHM-001984,2014,6020104005.0,2,5,7,119,118,237
KHM-001985,2014,6020105004.0,3,2,5,97,78,175
KHM-001986,2014,6020201007.0,2,1,3,66,89,155
KHM-001987,2014,6020202006.0,3,1,4,119,123,242
KHM-001988,2014,6020204057.0,2,1,3,116,107,223
KHM-001989,2014,6020205061.0,1,2,3,86,69,155
KHM-001990,2014,6020301009.0,3,2,5,87,103,190
KHM-001991,2014,6020302008.0,3,3,6,182,161,343
KHM-001992,2014,6020303011.0,2,2,4,103,98,201
KHM-001993,2014,6020303059.0,2,0,2,65,75,140
KHM-001994,2014,6020304066.0,2,1,3,73,58,131
KHM-001995,2014,6020305010.0,2,1,3,130,138,268
KHM-001996,2014,6020401015.0,3,3,6,73,70,143
KHM-001997,2014,6020402020.0,9,3,12,186,190,376
KHM-001998,2014,6020404014.0,6,2,8,161,171,332
KHM-001999,2014,6020405012.0,3,4,7,101,102,203
KHM-002000,2014,6020407019.0,5,4,9,151,130,281
KHM-002001,2014,6020409013.0,2,2,4,81,64,145
KHM-002002,2014,6020410016.0,3,0,3,95,67,162
KHM-002003,2014,6020411021.0,2,0,2,77,49,126
KHM-002004,2014,6020412018.0,2,2,4,63,52,115
KHM-002005,2014,6020501023.0,3,1,4,74,82,156
KHM-002006,2014,6020502024.0,1,4,5,80,91,171
KHM-002007,2014,6020503022.0,3,1,4,85,100,185
KHM-002008,2014,6020505067.0,2,1,3,60,49,109
KHM-002009,2014,6020601025.0,2,0,2,55,49,104
KHM-002010,2014,6020602026.0,4,0,4,170,164,334
KHM-002011,2014,6020604060.0,2,0,2,61,38,99
KHM-002012,2014,6020701032.0,2,1,3,91,95,186
KHM-002013,2014,6020702027.0,1,1,2,54,56,110
KHM-002014,2014,6020705028.0,2,0,2,36,32,68
KHM-002015,2014,6020706062.0,0,2,2,58,60,118
KHM-002016,2014,6020709029.0,3,0,3,101,124,225
KHM-002017,2014,6020710063.0,0,2,2,65,63,128
KHM-002018,2014,6020711033.0,2,6,8,267,237,504
KHM-002019,2014,6020712034.0,3,3,6,217,241,458
KHM-002020,2014,6020713030.0,0,6,6,238,190,428
KHM-002021,2014,6020714031.0,2,1,3,157,109,266
KHM-002022,2014,6020802041.0,3,3,6,228,193,421
KHM-002023,2014,6020804039.0,1,1,2,87,82,169
KHM-002024,2014,6020805040.0,1,2,3,76,58,134
KHM-002025,2014,6020806036.0,2,0,2,68,67,135
KHM-002026,2014,6020808042.0,1,3,4,152,145,297
KHM-002027,2014,6020810035.0,2,2,4,87,110,197
KHM-002028,2014,6020811043.0,2,2,4,89,74,163
KHM-002029,2014,6020812056.0,2,0,2,62,54,116
KHM-002030,2014,6020813038.0,1,1,2,38,46,84
KHM-002031,2014,6020814068.0,2,0,2,98,98,196
KHM-002032,2014,6020815037.0,2,2,4,63,59,122
KHM-002033,2014,6020901048.0,4,4,8,186,178,364
KHM-002034,2014,6020903047.0,2,1,3,37,40,77
KHM-002035,2014,6020904049.0,1,5,6,65,66,131
KHM-002036,2014,6020906051.0,4,4,8,120,117,237
KHM-002037,2014,6020908055.0,3,3,6,41,54,95
KHM-002038,2014,6020909052.0,5,13,18,314,308,622
KHM-002039,2014,6020911044.0,2,4,6,90,80,170
KHM-002040,2014,6020912045.0,3,3,6,56,63,119
KHM-002041,2014,6020913046.0,2,3,5,105,99,204
KHM-002042,2014,6020914050.0,2,1,3,35,43,78
KHM-002043,2014,6020915054.0,0,3,3,95,108,203
KHM-002044,2014,6020916078.0,0,3,3,69,64,133
KHM-002045,2014,6020917064.0,2,1,3,57,43,100
KHM-002046,2014,6020918058.0,3,0,3,74,73,147
KHM-002047,2014,6021001070.0,6,3,9,118,129,247
KHM-002048,2014,6021002071.0,3,3,6,98,114,212
KHM-002049,2014,6021003072.0,5,2,7,98,118,216
KHM-002050,2014,6021004073.0,3,0,3,48,51,99
KHM-002051,2014,6021103074.0,3,1,4,44,40,84
KHM-002052,2014,6021104075.0,1,3,4,40,30,70
KHM-002053,2014,6021105076.0,5,8,13,158,194,352
KHM-002054,2014,6021106077.0,4,1,5,76,60,136
KHM-002055,2014,6030102001.0,5,11,16,272,226,498
KHM-002056,2014,6030103003.0,4,2,6,78,67,145
KHM-002057,2014,6030201005.0,2,4,6,87,65,152
KHM-002058,2014,6030207004.0,12,20,32,641,635,1276
KHM-002059,2014,6030301007.0,0,9,9,57,54,111
KHM-002060,2014,6030302006.0,0,5,5,22,21,43
KHM-002061,2014,6030401010.0,0,8,8,117,104,221
KHM-002062,2014,6030402009.0,0,9,9,119,104,223
KHM-002063,2014,6030403008.0,4,2,6,42,61,103
KHM-002064,2014,6030601016.0,2,4,6,71,64,135
KHM-002065,2014,6030602017.0,1,5,6,54,71,125
KHM-002066,2014,6030603015.0,2,1,3,15,6,21
KHM-002067,2014,6030801024.0,1,5,6,72,78,150
KHM-002068,2014,6030802022.0,2,9,11,148,137,285
KHM-002069,2014,6030803023.0,2,5,7,99,105,204
KHM-002070,2014,6030901040.0,1,6,7,69,58,127
KHM-002071,2014,6030902025.0,6,19,25,431,338,769
KHM-002072,2014,6031001033.0,3,3,6,96,101,197
KHM-002073,2014,6031002031.0,2,4,6,63,86,149
KHM-002074,2014,6031003028.0,2,4,6,43,43,86
KHM-002075,2014,6031006030.0,3,18,21,292,251,543
KHM-002076,2014,6031009041.0,1,3,4,76,57,133
KHM-002077,2014,6031010029.0,3,3,6,78,87,165
KHM-002078,2014,6031011026.0,4,11,15,318,313,631
KHM-002079,2014,6031012027.0,4,2,6,45,51,96
KHM-002080,2014,6031013032.0,3,3,6,184,206,390
KHM-002081,2014,6040101001.0,1,7,8,152,170,322
KHM-002082,2014,6040105002.0,1,5,6,194,208,402
KHM-002083,2014,6040106026.0,2,1,3,78,82,160
KHM-002084,2014,6040203003.0,2,7,9,272,210,482
KHM-002085,2014,6040204040.0,2,0,2,37,49,86
KHM-002086,2014,6040205038.0,3,0,3,63,69,132
KHM-002087,2014,6040206025.0,2,1,3,40,31,71
KHM-002088,2014,6040301034.0,1,3,4,104,104,208
KHM-002089,2014,6040303005.0,3,2,5,52,54,106
KHM-002090,2014,6040304007.0,2,1,3,55,59,114
KHM-002091,2014,6040305004.0,2,1,3,49,46,95
KHM-002092,2014,6040306006.0,2,1,3,78,92,170
KHM-002093,2014,6040307008.0,2,0,2,58,63,121
KHM-002094,2014,6040401010.0,5,2,7,180,189,369
KHM-002095,2014,6040402031.0,3,1,4,191,177,368
KHM-002096,2014,6040403024.0,3,1,4,77,69,146
KHM-002097,2014,6040405043.0,2,0,2,68,54,122
KHM-002098,2014,6040406035.0,2,0,2,49,66,115
KHM-002099,2014,6040407044.0,3,0,3,88,76,164
KHM-002100,2014,6040408009.0,3,0,3,160,139,299
KHM-002101,2014,6040409042.0,2,0,2,54,66,120
KHM-002102,2014,6040410027.0,3,0,3,112,109,221
KHM-002103,2014,6040502011.0,3,3,6,171,118,289
KHM-002104,2014,6040503012.0,1,2,3,64,68,132
KHM-002105,2014,6040504014.0,4,1,5,156,137,293
KHM-002106,2014,6040507013.0,4,6,10,279,248,527
KHM-002107,2014,6040509015.0,2,1,3,73,70,143
KHM-002108,2014,6040510032.0,3,2,5,90,75,165
KHM-002109,2014,6040513030.0,2,1,3,63,57,120
KHM-002110,2014,6040514029.0,4,1,5,80,83,163
KHM-002111,2014,6040515028.0,3,0,3,96,86,182
KHM-002112,2014,6040516039.0,0,0,0,59,47,106
KHM-002113,2014,6040517037.0,3,0,3,48,32,80
KHM-002114,2014,6040602020.0,3,0,3,96,81,177
KHM-002115,2014,6040603016.0,2,0,2,66,81,147
KHM-002116,2014,6040604017.0,3,1,4,82,66,148
KHM-002117,2014,6040605018.0,2,1,3,64,59,123
KHM-002118,2014,6040701021.0,4,4,8,193,185,378
KHM-002119,2014,6040702022.0,2,2,4,72,76,148
KHM-002120,2014,6040702033.0,1,1,2,40,44,84
KHM-002121,2014,6040704036.0,2,1,3,63,55,118
KHM-002122,2014,6040707041.0,1,1,2,49,52,101
KHM-002123,2014,6050102008.0,1,4,5,70,64,134
KHM-002124,2014,6050105007.0,3,2,5,48,54,102
KHM-002125,2014,6050106004.0,5,1,6,114,118,232
KHM-002126,2014,6050108002.0,4,2,6,66,62,128
KHM-002127,2014,6050109005.0,2,4,6,68,56,124
KHM-002128,2014,6050111009.0,2,5,7,159,152,311
KHM-002129,2014,6050112006.0,4,1,5,53,59,112
KHM-002130,2014,6050113011.0,3,2,5,123,135,258
KHM-002131,2014,6050201013.0,1,5,6,59,50,109
KHM-002132,2014,6050202015.0,2,6,8,103,82,185
KHM-002133,2014,6050204012.0,0,4,4,32,29,61
KHM-002134,2014,6050206016.0,1,2,3,26,21,47
KHM-002135,2014,6050209048.0,1,2,3,30,29,59
KHM-002136,2014,6050210014.0,0,1,1,16,18,34
KHM-002137,2014,6050212050.0,0,3,3,51,56,107
KHM-002138,2014,6050301021.0,6,3,9,142,146,288
KHM-002139,2014,6050302026.0,5,1,6,84,76,160
KHM-002140,2014,6050304020.0,3,3,6,57,67,124
KHM-002141,2014,6050305043.0,2,1,3,73,95,168
KHM-002142,2014,6050306019.0,3,2,5,113,89,202
KHM-002143,2014,6050308051.0,1,3,4,60,53,113
KHM-002144,2014,6050309024.0,1,3,4,41,32,73
KHM-002145,2014,6050310018.0,3,1,4,87,72,159
KHM-002146,2014,6050311028.0,5,1,6,79,69,148
KHM-002147,2014,6050313017.0,1,1,2,16,13,29
KHM-002148,2014,6050314022.0,1,5,6,98,70,168
KHM-002149,2014,6050315044.0,2,5,7,130,116,246
KHM-002150,2014,6050404045.0,3,1,4,59,74,133
KHM-002151,2014,6050405046.0,2,0,2,63,55,118
KHM-002152,2014,6050406029.0,0,3,3,90,46,136
KHM-002153,2014,6050407031.0,6,1,7,114,137,251
KHM-002154,2014,6050407049.0,1,0,1,21,13,34
KHM-002155,2014,6050408042.0,5,0,5,116,125,241
KHM-002156,2014,6050501038.0,2,3,5,91,95,186
KHM-002157,2014,6050502035.0,5,1,6,85,88,173
KHM-002158,2014,6050506039.0,2,4,6,60,53,113
KHM-002159,2014,6050507040.0,3,4,7,108,85,193
KHM-002160,2014,6050508033.0,4,4,8,53,55,108
KHM-002161,2014,6050509034.0,1,4,5,103,91,194
KHM-002162,2014,6050510047.0,3,0,3,83,76,159
KHM-002163,2014,6050513036.0,2,1,3,79,80,159
KHM-002164,2014,6060101001.0,5,2,7,98,93,191
KHM-002165,2014,6060103003.0,5,5,10,112,105,217
KHM-002166,2014,6060104004.0,2,2,4,91,74,165
KHM-002167,2014,6060105005.0,2,2,4,62,54,116
KHM-002168,2014,6060108002.0,6,0,6,112,122,234
KHM-002169,2014,6060109051.0,3,1,4,54,58,112
KHM-002170,2014,6060201007.0,1,0,1,30,27,57
KHM-002171,2014,6060202009.0,0,1,1,14,7,21
KHM-002172,2014,6060203008.0,4,0,4,72,83,155
KHM-002173,2014,6060204045.0,1,0,1,16,23,39
KHM-002174,2014,6060205006.0,2,0,2,52,72,124
KHM-002175,2014,6060301012.0,1,2,3,26,34,60
KHM-002176,2014,6060302014.0,1,4,5,89,85,174
KHM-002177,2014,6060304013.0,3,0,3,45,56,101
KHM-002178,2014,6060306011.0,4,1,5,57,45,102
KHM-002179,2014,6060401018.0,2,3,5,45,47,92
KHM-002180,2014,6060402016.0,1,1,2,58,56,114
KHM-002181,2014,6060403020.0,3,1,4,83,79,162
KHM-002182,2014,6060404017.0,3,0,3,76,74,150
KHM-002183,2014,6060406019.0,2,4,6,84,84,168
KHM-002184,2014,6060407046.0,3,0,3,79,95,174
KHM-002185,2014,6060408050.0,3,2,5,142,114,256
KHM-002186,2014,6060502026.0,3,3,6,79,82,161
KHM-002187,2014,6060503023.0,3,4,7,131,119,250
KHM-002188,2014,6060506021.0,4,4,8,97,134,231
KHM-002189,2014,6060510022.0,5,1,6,76,77,153
KHM-002190,2014,6060602027.0,3,2,5,99,82,181
KHM-002191,2014,6060603028.0,3,5,8,180,175,355
KHM-002192,2014,6060606029.0,1,5,6,79,88,167
KHM-002193,2014,6060609032.0,2,2,4,46,51,97
KHM-002194,2014,6060610031.0,1,1,2,58,59,117
KHM-002195,2014,6060610051.0,2,0,2,28,25,53
KHM-002196,2014,6060612030.0,1,2,3,102,104,206
KHM-002197,2014,6060701033.0,3,1,4,94,77,171
KHM-002198,2014,6060702047.0,2,0,2,35,60,95
KHM-002199,2014,6060703034.0,3,1,4,86,71,157
KHM-002200,2014,6060704038.0,1,3,4,58,65,123
KHM-002201,2014,6060705035.0,5,1,6,73,77,150
KHM-002202,2014,6060707039.0,2,2,4,62,54,116
KHM-002203,2014,6060710037.0,5,10,15,253,260,513
KHM-002204,2014,6060713036.0,3,3,6,47,29,76
KHM-002205,2014,6060714053.0,1,1,2,57,62,119
KHM-002206,2014,6060802044.0,3,2,5,69,84,153
KHM-002207,2014,6060804048.0,2,0,2,56,66,122
KHM-002208,2014,6060805049.0,2,0,2,33,41,74
KHM-002209,2014,6060806052.0,2,0,2,57,53,110
KHM-002210,2014,6060903041.0,2,1,3,77,85,162
KHM-002211,2014,6060904043.0,2,0,2,89,75,164
KHM-002212,2014,6060907042.0,6,2,8,165,192,357
KHM-002213,2014,6060908040.0,3,0,3,230,214,444
KHM-002214,2014,6070101001.0,4,2,6,111,144,255
KHM-002215,2014,6070101046.0,2,1,3,85,80,165
KHM-002216,2014,6070103003.0,2,1,3,126,104,230
KHM-002217,2014,6070103049.0,2,0,2,76,68,144
KHM-002218,2014,6070105047.0,3,0,3,73,55,128
KHM-002219,2014,6070107048.0,1,3,4,181,160,341
KHM-002220,2014,6070109050.0,2,0,2,70,77,147
KHM-002221,2014,6070110051.0,2,0,2,65,68,133
KHM-002222,2014,6070111057.0,2,0,2,52,50,102
KHM-002223,2014,6070112058.0,2,0,2,65,57,122
KHM-002224,2014,6070201006.0,5,1,6,87,88,175
KHM-002225,2014,6070202005.0,1,0,1,27,32,59
KHM-002226,2014,6070203004.0,3,2,5,232,202,434
KHM-002227,2014,6070301011.0,0,1,1,6,4,10
KHM-002228,2014,6070303013.0,1,1,2,10,15,25
KHM-002229,2014,6070304007.0,4,15,19,237,221,458
KHM-002230,2014,6070307008.0,2,6,8,138,138,276
KHM-002231,2014,6070309009.0,2,2,4,49,38,87
KHM-002232,2014,6070310010.0,5,0,5,81,78,159
KHM-002233,2014,6070311012.0,1,3,4,32,22,54
KHM-002234,2014,6070403018.0,0,4,4,77,96,173
KHM-002235,2014,6070404014.0,1,1,2,82,55,137
KHM-002236,2014,6070405017.0,3,5,8,202,195,397
KHM-002237,2014,6070408015.0,0,6,6,218,193,411
KHM-002238,2014,6070410016.0,4,3,7,270,220,490
KHM-002239,2014,6070501020.0,1,2,3,150,233,383
KHM-002240,2014,6070502023.0,2,0,2,89,77,166
KHM-002241,2014,6070503022.0,2,1,3,56,79,135
KHM-002242,2014,6070504019.0,3,1,4,186,230,416
KHM-002243,2014,6070505021.0,1,2,3,108,106,214
KHM-002244,2014,6070507045.0,1,2,3,42,42,84
KHM-002245,2014,6070508056.0,2,1,3,106,113,219
KHM-002246,2014,6070509059.0,3,2,5,107,87,194
KHM-002247,2014,6070510060.0,1,2,3,73,70,143
KHM-002248,2014,6070601025.0,2,8,10,165,214,379
KHM-002249,2014,6070603024.0,0,1,1,16,20,36
KHM-002250,2014,6070702028.0,11,3,14,403,299,702
KHM-002251,2014,6070703027.0,4,2,6,170,136,306
KHM-002252,2014,6070705030.0,2,3,5,74,69,143
KHM-002253,2014,6070706029.0,1,1,2,48,52,100
KHM-002254,2014,6070709026.0,2,4,6,117,116,233
KHM-002255,2014,6070805033.0,8,4,12,128,142,270
KHM-002256,2014,6070806032.0,5,2,7,93,99,192
KHM-002257,2014,6070808034.0,0,1,1,4,9,13
KHM-002258,2014,6070810035.0,2,1,3,61,73,134
KHM-002259,2014,6070811036.0,8,20,28,413,373,786
KHM-002260,2014,6070812061.0,4,1,5,131,125,256
KHM-002261,2014,6070902038.0,3,3,6,179,190,369
KHM-002262,2014,6070903042.0,1,1,2,37,24,61
KHM-002263,2014,6070904040.0,1,2,3,68,74,142
KHM-002264,2014,6070905044.0,1,1,2,19,34,53
KHM-002265,2014,6070906037.0,2,1,3,81,126,207
KHM-002266,2014,6070908039.0,2,1,3,121,113,234
KHM-002267,2014,6070910041.0,1,1,2,49,61,110
KHM-002268,2014,6070911043.0,1,1,2,63,52,115
KHM-002269,2014,6071001052.0,2,1,3,41,48,89
KHM-002270,2014,6071002053.0,2,1,3,70,91,161
KHM-002271,2014,6071003054.0,2,1,3,68,60,128
KHM-002272,2014,6071004055.0,4,8,12,227,222,449
KHM-002273,2014,6080101005.0,4,1,5,133,117,250
KHM-002274,2014,6080103002.0,0,4,4,90,107,197
KHM-002275,2014,6080104001.0,1,3,4,114,110,224
KHM-002276,2014,6080105004.0,0,3,3,118,157,275
KHM-002277,2014,6080109007.0,2,1,3,69,68,137
KHM-002278,2014,6080110003.0,2,0,2,59,66,125
KHM-002279,2014,6080111082.0,2,2,4,98,134,232
KHM-002280,2014,6080112006.0,2,2,4,69,73,142
KHM-002281,2014,6080201011.0,1,0,1,92,112,204
KHM-002282,2014,6080201012.0,2,2,4,211,242,453
KHM-002283,2014,6080202079.0,1,2,3,120,121,241
KHM-002284,2014,6080203014.0,2,1,3,96,128,224
KHM-002285,2014,6080204015.0,2,0,2,94,90,184
KHM-002286,2014,6080206013.0,0,2,2,73,71,144
KHM-002287,2014,6080207010.0,1,0,1,23,14,37
KHM-002288,2014,6080208008.0,2,1,3,91,100,191
KHM-002289,2014,6080209086.0,1,2,3,171,144,315
KHM-002290,2014,6080210088.0,0,3,3,45,44,89
KHM-002291,2014,6080302019.0,1,2,3,99,88,187
KHM-002292,2014,6080303021.0,1,2,3,137,154,291
KHM-002293,2014,6080304017.0,1,3,4,161,167,328
KHM-002294,2014,6080305018.0,0,4,4,106,78,184
KHM-002295,2014,6080306020.0,1,2,3,73,85,158
KHM-002296,2014,6080307083.0,3,0,3,144,127,271
KHM-002297,2014,6080308081.0,1,1,2,77,79,156
KHM-002298,2014,6080309016.0,2,3,5,199,156,355
KHM-002299,2014,6080401025.0,3,0,3,64,54,118
KHM-002300,2014,6080402022.0,2,3,5,62,59,121
KHM-002301,2014,6080404024.0,2,2,4,102,115,217
KHM-002302,2014,6080405023.0,1,1,2,53,55,108
KHM-002303,2014,6080406026.0,3,1,4,134,93,227
KHM-002304,2014,6080501027.0,2,4,6,104,99,203
KHM-002305,2014,6080502029.0,4,12,16,445,366,811
KHM-002306,2014,6080504028.0,3,9,12,143,176,319
KHM-002307,2014,6080506031.0,2,2,4,99,80,179
KHM-002308,2014,6080507030.0,1,1,2,56,89,145
KHM-002309,2014,6080605035.0,2,5,7,287,255,542
KHM-002310,2014,6080607033.0,1,1,2,90,126,216
KHM-002311,2014,6080609036.0,2,0,2,71,68,139
KHM-002312,2014,6080610032.0,2,3,5,121,136,257
KHM-002313,2014,6080611037.0,1,0,1,15,18,33
KHM-002314,2014,6080612087.0,1,0,1,30,32,62
KHM-002315,2014,6080701038.0,1,0,1,33,44,77
KHM-002316,2014,6080702039.0,3,0,3,83,86,169
KHM-002317,2014,6080703085.0,1,0,1,44,38,82
KHM-002318,2014,6080801044.0,4,4,8,327,393,720
KHM-002319,2014,6080802040.0,3,0,3,136,149,285
KHM-002320,2014,6080804042.0,2,1,3,108,125,233
KHM-002321,2014,6080901045.0,3,2,5,192,218,410
KHM-002322,2014,6080901053.0,1,4,5,157,169,326
KHM-002323,2014,6080902048.0,2,0,2,78,81,159
KHM-002324,2014,6080903052.0,2,1,3,84,108,192
KHM-002325,2014,6080906046.0,1,1,2,68,62,130
KHM-002326,2014,6080907050.0,2,0,2,86,116,202
KHM-002327,2014,6080908049.0,0,3,3,72,62,134
KHM-002328,2014,6080910055.0,2,0,2,84,81,165
KHM-002329,2014,6080912047.0,1,2,3,95,93,188
KHM-002330,2014,6080913054.0,1,2,3,127,142,269
KHM-002331,2014,6081003059.0,0,2,2,109,120,229
KHM-002332,2014,6081004057.0,1,4,5,178,198,376
KHM-002333,2014,6081007058.0,3,1,4,76,78,154
KHM-002334,2014,6081101060.0,0,3,3,58,63,121
KHM-002335,2014,6081102062.0,1,1,2,27,18,45
KHM-002336,2014,6081104065.0,2,1,3,87,89,176
KHM-002337,2014,6081105061.0,2,2,4,111,100,211
KHM-002338,2014,6081108064.0,0,3,3,73,74,147
KHM-002339,2014,6081202068.0,3,4,7,351,311,662
KHM-002340,2014,6081208073.0,3,0,3,117,119,236
KHM-002341,2014,6081210066.0,1,3,4,106,115,221
KHM-002342,2014,6081212067.0,3,0,3,98,129,227
KHM-002343,2014,6081213071.0,1,2,3,88,84,172
KHM-002344,2014,6081214069.0,1,1,2,57,38,95
KHM-002345,2014,6081215070.0,2,1,3,46,61,107
KHM-002346,2014,6081217072.0,1,1,2,74,68,142
KHM-002347,2014,6081301075.0,2,3,5,260,267,527
KHM-002348,2014,6081307076.0,3,0,3,99,77,176
KHM-002349,2014,6081308084.0,2,0,2,48,57,105
KHM-002350,2014,6081311077.0,2,2,4,87,110,197
KHM-002351,2014,6081312074.0,0,5,5,209,240,449
KHM-002352,2014,6081316080.0,3,0,3,105,137,242
KHM-002353,2014,7010101001.0,4,8,12,233,225,458
KHM-002354,2014,7010104002.0,2,4,6,58,44,102
KHM-002355,2014,7010201003.0,11,1,12,216,177,393
KHM-002356,2014,7010206004.0,3,8,11,150,123,273
KHM-002357,2014,7010301041.0,3,3,6,96,94,190
KHM-002358,2014,7010302042.0,5,2,7,153,123,276
KHM-002359,2014,7010303005.0,5,1,6,101,101,202
KHM-002360,2014,7010306006.0,3,7,10,173,152,325
KHM-002361,2014,7010307007.0,4,3,7,99,92,191
KHM-002362,2014,7010308008.0,2,4,6,95,104,199
KHM-002363,2014,7010401009.0,4,10,14,294,253,547
KHM-002364,2014,7010405010.0,4,2,6,60,50,110
KHM-002365,2014,7010406011.0,4,2,6,103,86,189
KHM-002366,2014,7010407012.0,6,6,12,162,148,310
KHM-002367,2014,7010408044.0,4,2,6,105,84,189
KHM-002368,2014,7010410013.0,3,8,11,163,133,296
KHM-002369,2014,7010411043.0,4,1,5,37,37,74
KHM-002370,2014,7010501014.0,3,3,6,58,59,117
KHM-002371,2014,7010502015.0,3,3,6,49,78,127
KHM-002372,2014,7010504016.0,4,2,6,94,96,190
KHM-002373,2014,7010505017.0,2,4,6,124,105,229
KHM-002374,2014,7010603018.0,2,4,6,104,85,189
KHM-002375,2014,7010701019.0,5,8,13,172,127,299
KHM-002376,2014,7010704020.0,5,4,9,127,119,246
KHM-002377,2014,7010705021.0,2,4,6,102,96,198
KHM-002378,2014,7010801022.0,5,2,7,107,96,203
KHM-002379,2014,7010803023.0,2,5,7,37,31,68
KHM-002380,2014,7010804024.0,4,2,6,61,47,108
KHM-002381,2014,7010806025.0,2,5,7,82,92,174
KHM-002382,2014,7010807026.0,3,3,6,64,72,136
KHM-002383,2014,7010809027.0,3,3,6,50,49,99
KHM-002384,2014,7010811028.0,4,2,6,71,64,135
KHM-002385,2014,7010901029.0,3,9,12,171,173,344
KHM-002386,2014,7010903030.0,2,4,6,66,45,111
KHM-002387,2014,7011001032.0,5,1,6,95,89,184
KHM-002388,2014,7011002033.0,7,10,17,259,265,524
KHM-002389,2014,7011005034.0,2,8,10,149,135,284
KHM-002390,2014,7011007035.0,2,5,7,153,114,267
KHM-002391,2014,7011101036.0,5,6,11,177,152,329
KHM-002392,2014,7011103037.0,3,3,6,48,57,105
KHM-002393,2014,7011104038.0,3,4,7,87,79,166
KHM-002394,2014,7011105039.0,5,1,6,47,52,99
KHM-002395,2014,7011107040.0,5,16,21,308,301,609
KHM-002396,2014,7020101001.0,2,4,6,159,149,308
KHM-002397,2014,7020104002.0,7,4,11,141,146,287
KHM-002398,2014,7020105003.0,3,5,8,121,98,219
KHM-002399,2014,7020107004.0,3,3,6,47,55,102
KHM-002400,2014,7020201005.0,5,3,8,62,67,129
KHM-002401,2014,7020203006.0,5,4,9,141,119,260
KHM-002402,2014,7020204007.0,2,6,8,102,78,180
KHM-002403,2014,7020206008.0,2,5,7,92,79,171
KHM-002404,2014,7020301009.0,2,2,4,42,36,78
KHM-002405,2014,7020304010.0,4,0,4,109,95,204
KHM-002406,2014,7020306011.0,5,5,10,168,155,323
KHM-002407,2014,7020403012.0,4,0,4,61,57,118
KHM-002408,2014,7020404013.0,5,4,9,129,125,254
KHM-002409,2014,7020405046.0,5,1,6,77,63,140
KHM-002410,2014,7020406014.0,3,4,7,110,99,209
KHM-002411,2014,7020501015.0,2,6,8,87,72,159
KHM-002412,2014,7020503016.0,5,7,12,167,173,340
KHM-002413,2014,7020504017.0,3,3,6,92,105,197
KHM-002414,2014,7020601018.0,5,3,8,247,206,453
KHM-002415,2014,7020602042.0,3,1,4,107,87,194
KHM-002416,2014,7020603019.0,3,2,5,116,88,204
KHM-002417,2014,7020604023.0,3,3,6,147,115,262
KHM-002418,2014,7020702020.0,7,5,12,241,222,463
KHM-002419,2014,7020705021.0,3,0,3,97,77,174
KHM-002420,2014,7020801022.0,8,1,9,227,196,423
KHM-002421,2014,7020901024.0,5,2,7,167,111,278
KHM-002422,2014,7020902025.0,3,3,6,267,200,467
KHM-002423,2014,7020903026.0,3,1,4,85,77,162
KHM-002424,2014,7020906045.0,4,0,4,118,120,238
KHM-002425,2014,7021001027.0,6,6,12,223,181,404
KHM-002426,2014,7021004044.0,4,0,4,37,34,71
KHM-002427,2014,7021102028.0,7,9,16,177,160,337
KHM-002428,2014,7021104029.0,3,4,7,113,100,213
KHM-002429,2014,7021105043.0,5,1,6,43,50,93
KHM-002430,2014,7021201030.0,7,1,8,231,148,379
KHM-002431,2014,7021201041.0,3,0,3,13,17,30
KHM-002432,2014,7021204031.0,4,2,6,157,135,292
KHM-002433,2014,7021206032.0,5,1,6,64,54,118
KHM-002434,2014,7021305034.0,3,4,7,148,140,288
KHM-002435,2014,7021308035.0,7,16,23,317,289,606
KHM-002436,2014,7021401036.0,4,4,8,167,135,302
KHM-002437,2014,7021404038.0,6,3,9,242,184,426
KHM-002438,2014,7021405037.0,2,4,6,161,123,284
KHM-002439,2014,7021501039.0,7,4,11,226,209,435
KHM-002440,2014,7021504040.0,3,1,4,25,12,37
KHM-002441,2014,7021505033.0,7,9,16,335,255,590
KHM-002442,2014,7030103001.0,4,4,8,144,168,312
KHM-002443,2014,7030105002.0,4,6,10,273,261,534
KHM-002444,2014,7030302003.0,4,6,10,237,221,458
KHM-002445,2014,7030302004.0,3,3,6,137,106,243
KHM-002446,2014,7030303005.0,4,2,6,195,162,357
KHM-002447,2014,7030304006.0,1,4,5,114,111,225
KHM-002448,2014,7030402007.0,5,5,10,188,200,388
KHM-002449,2014,7030402008.0,6,7,13,260,223,483
KHM-002450,2014,7030404030.0,3,5,8,76,77,153
KHM-002451,2014,7030501010.0,3,7,10,278,257,535
KHM-002452,2014,7030505011.0,3,1,4,47,65,112
KHM-002453,2014,7030601012.0,2,3,5,73,55,128
KHM-002454,2014,7030602013.0,5,3,8,152,133,285
KHM-002455,2014,7030603014.0,7,0,7,121,85,206
KHM-002456,2014,7030604015.0,6,1,7,173,146,319
KHM-002457,2014,7030705016.0,6,9,15,355,352,707
KHM-002458,2014,7030706017.0,4,3,7,227,197,424
KHM-002459,2014,7030801018.0,5,3,8,334,325,659
KHM-002460,2014,7030803037.0,1,1,2,20,20,40
KHM-002461,2014,7030805019.0,7,1,8,213,257,470
KHM-002462,2014,7031001020.0,6,1,7,89,94,183
KHM-002463,2014,7031003021.0,7,2,9,186,171,357
KHM-002464,2014,7031102022.0,2,8,10,244,213,457
KHM-002465,2014,7031104023.0,6,4,10,228,199,427
KHM-002466,2014,7031201024.0,5,9,14,309,269,578
KHM-002467,2014,7031202025.0,4,1,5,116,132,248
KHM-002468,2014,7031203026.0,7,2,9,188,183,371
KHM-002469,2014,7031302027.0,4,2,6,114,138,252
KHM-002470,2014,7031302035.0,2,4,6,217,184,401
KHM-002471,2014,7031401028.0,1,5,6,146,121,267
KHM-002472,2014,7031402029.0,3,2,5,91,95,186
KHM-002473,2014,7031403009.0,6,1,7,266,212,478
KHM-002474,2014,7031501031.0,6,2,8,312,297,609
KHM-002475,2014,7031502032.0,3,0,3,128,96,224
KHM-002476,2014,7031502038.0,4,1,5,196,171,367
KHM-002477,2014,7031503041.0,2,1,3,61,59,120
KHM-002478,2014,7031503042.0,4,0,4,206,195,401
KHM-002479,2014,7031601033.0,3,6,9,311,307,618
KHM-002480,2014,7031602034.0,2,4,6,143,128,271
KHM-002481,2014,7031603036.0,4,0,4,146,112,258
KHM-002482,2014,7031604039.0,3,0,3,99,98,197
KHM-002483,2014,7031605040.0,5,0,5,125,105,230
KHM-002484,2014,7031605046.0,3,0,3,93,80,173
KHM-002485,2014,7031606043.0,4,0,4,170,192,362
KHM-002486,2014,7031701044.0,6,2,8,307,297,604
KHM-002487,2014,7031702045.0,5,3,8,133,88,221
KHM-002488,2014,7040101001.0,2,1,3,72,72,144
KHM-002489,2014,7040102023.0,4,1,5,173,144,317
KHM-002490,2014,7040104002.0,4,1,5,173,144,317
KHM-002491,2014,7040202019.0,2,1,3,144,111,255
KHM-002492,2014,7040203003.0,11,7,18,283,276,559
KHM-002493,2014,7040204018.0,3,3,6,103,124,227
KHM-002494,2014,7040205004.0,5,3,8,82,85,167
KHM-002495,2014,7040303005.0,4,2,6,67,83,150
KHM-002496,2014,7040304006.0,6,3,9,143,139,282
KHM-002497,2014,7040305017.0,2,5,7,208,240,448
KHM-002498,2014,7040401016.0,4,4,8,165,171,336
KHM-002499,2014,7040402007.0,4,2,6,125,89,214
KHM-002500,2014,7040402020.0,4,0,4,46,46,92
KHM-002501,2014,7040402024.0,4,0,4,90,87,177
KHM-002502,2014,7040402025.0,3,0,3,84,68,152
KHM-002503,2014,7040403008.0,2,3,5,88,88,176
KHM-002504,2014,7040404021.0,4,1,5,180,123,303
KHM-002505,2014,7040405009.0,1,6,7,174,162,336
KHM-002506,2014,7040406026.0,3,0,3,99,72,171
KHM-002507,2014,7040501027.0,0,3,3,101,104,205
KHM-002508,2014,7040504010.0,3,9,12,326,309,635
KHM-002509,2014,7040505028.0,3,1,4,94,78,172
KHM-002510,2014,7040601011.0,8,1,9,176,183,359
KHM-002511,2014,7040602012.0,6,1,7,123,108,231
KHM-002512,2014,7040603013.0,4,2,6,133,105,238
KHM-002513,2014,7040701022.0,4,1,5,95,63,158
KHM-002514,2014,7040703014.0,6,15,21,365,324,689
KHM-002515,2014,7040705015.0,7,0,7,122,148,270
KHM-002516,2014,7050101004.0,5,0,5,124,125,249
KHM-002517,2014,7050201006.0,6,8,14,273,265,538
KHM-002518,2014,7050203007.0,7,4,11,210,212,422
KHM-002519,2014,7050208008.0,2,5,7,115,97,212
KHM-002520,2014,7050210025.0,3,5,8,156,148,304
KHM-002521,2014,7050302009.0,5,3,8,161,163,324
KHM-002522,2014,7050305010.0,3,5,8,171,190,361
KHM-002523,2014,7050402011.0,4,3,7,135,106,241
KHM-002524,2014,7050404012.0,4,9,13,271,246,517
KHM-002525,2014,7050501015.0,4,6,10,195,149,344
KHM-002526,2014,7050503026.0,2,4,6,169,156,325
KHM-002527,2014,7050504024.0,4,0,4,71,39,110
KHM-002528,2014,7050602027.0,4,4,8,141,121,262
KHM-002529,2014,7050602028.0,3,1,4,72,75,147
KHM-002530,2014,7050605022.0,5,0,5,70,47,117
KHM-002531,2014,7050701016.0,6,6,12,267,200,467
KHM-002532,2014,7050704029.0,4,2,6,49,49,98
KHM-002533,2014,7050801017.0,4,2,6,66,49,115
KHM-002534,2014,7050804021.0,3,1,4,47,43,90
KHM-002535,2014,7050806018.0,5,6,11,207,205,412
KHM-002536,2014,7050807019.0,5,2,7,146,138,284
KHM-002537,2014,7050808005.0,4,1,5,144,104,248
KHM-002538,2014,7050901001.0,2,4,6,115,104,219
KHM-002539,2014,7050904002.0,3,3,6,146,139,285
KHM-002540,2014,7050905003.0,4,4,8,273,281,554
KHM-002541,2014,7051001013.0,4,5,9,283,272,555
KHM-002542,2014,7051003023.0,2,6,8,211,168,379
KHM-002543,2014,7051004014.0,5,4,9,188,156,344
KHM-002544,2014,7051004020.0,4,0,4,66,76,142
KHM-002545,2014,7060101001.0,5,3,8,252,233,485
KHM-002546,2014,7060102002.0,6,2,8,116,99,215
KHM-002547,2014,7060103003.0,3,1,4,142,130,272
KHM-002548,2014,7060104021.0,6,3,9,210,167,377
KHM-002549,2014,7060201004.0,3,3,6,243,248,491
KHM-002550,2014,7060202005.0,1,2,3,141,112,253
KHM-002551,2014,7060203006.0,4,0,4,50,58,108
KHM-002552,2014,7060301007.0,3,3,6,213,230,443
KHM-002553,2014,7060301045.0,3,0,3,79,63,142
KHM-002554,2014,7060302008.0,4,0,4,151,156,307
KHM-002555,2014,7060303009.0,2,2,4,186,177,363
KHM-002556,2014,7060401010.0,7,6,13,196,193,389
KHM-002557,2014,7060402012.0,2,4,6,77,69,146
KHM-002558,2014,7060403011.0,3,1,4,84,74,158
KHM-002559,2014,7060404039.0,4,0,4,77,84,161
KHM-002560,2014,7060405013.0,5,3,8,156,139,295
KHM-002561,2014,7060501038.0,5,9,14,278,216,494
KHM-002562,2014,7060502014.0,4,5,9,111,94,205
KHM-002563,2014,7060504019.0,3,1,4,88,66,154
KHM-002564,2014,7060504023.0,3,1,4,117,133,250
KHM-002565,2014,7060603015.0,6,1,7,102,80,182
KHM-002566,2014,7060605016.0,4,2,6,110,112,222
KHM-002567,2014,7060702017.0,3,4,7,164,147,311
KHM-002568,2014,7060803042.0,4,1,5,75,62,137
KHM-002569,2014,7060805018.0,3,2,5,169,162,331
KHM-002570,2014,7060902020.0,7,5,12,342,314,656
KHM-002571,2014,7060905022.0,3,1,4,90,83,173
KHM-002572,2014,7060906044.0,3,3,6,104,97,201
KHM-002573,2014,7061201040.0,4,2,6,227,183,410
KHM-002574,2014,7061202041.0,3,2,5,142,114,256
KHM-002575,2014,7061203036.0,3,0,3,163,157,320
KHM-002576,2014,7061204024.0,3,4,7,242,187,429
KHM-002577,2014,7061207025.0,2,1,3,181,166,347
KHM-002578,2014,7061301026.0,4,3,7,257,185,442
KHM-002579,2014,7061304027.0,4,0,4,151,94,245
KHM-002580,2014,7061304028.0,3,1,4,115,77,192
KHM-002581,2014,7061401029.0,4,2,6,176,141,317
KHM-002582,2014,7061402030.0,6,5,11,180,153,333
KHM-002583,2014,7061403031.0,2,2,4,63,67,130
KHM-002584,2014,7061405032.0,3,3,6,159,137,296
KHM-002585,2014,7061406033.0,6,3,9,227,216,443
KHM-002586,2014,7061503043.0,3,1,4,102,74,176
KHM-002587,2014,7061504034.0,2,5,7,219,182,401
KHM-002588,2014,7061602037.0,4,1,5,230,242,472
KHM-002589,2014,7061605035.0,5,0,5,169,180,349
KHM-002590,2014,7070101001.0,2,3,5,104,95,199
KHM-002591,2014,7070102002.0,2,5,7,113,92,205
KHM-002592,2014,7070103003.0,3,3,6,67,43,110
KHM-002593,2014,7070202004.0,1,14,15,270,277,547
KHM-002594,2014,7070205006.0,1,1,2,21,10,31
KHM-002595,2014,7070302007.0,2,4,6,66,48,114
KHM-002596,2014,7070302042.0,3,4,7,165,157,322
KHM-002597,2014,7070304008.0,2,4,6,112,87,199
KHM-002598,2014,7070305020.0,1,3,4,104,107,211
KHM-002599,2014,7070402009.0,2,8,10,191,178,369
KHM-002600,2014,7070501011.0,2,1,3,257,228,485
KHM-002601,2014,7070502012.0,7,7,14,292,275,567
KHM-002602,2014,7070504013.0,4,6,10,231,266,497
KHM-002603,2014,7070505049.0,2,3,5,217,187,404
KHM-002604,2014,7070505057.0,3,2,5,85,52,137
KHM-002605,2014,7070701014.0,3,6,9,251,260,511
KHM-002606,2014,7070703015.0,4,2,6,159,139,298
KHM-002607,2014,7070704016.0,2,3,5,129,122,251
KHM-002608,2014,7070704051.0,3,3,6,80,77,157
KHM-002609,2014,7070801043.0,4,2,6,91,97,188
KHM-002610,2014,7070801047.0,2,4,6,78,99,177
KHM-002611,2014,7070801048.0,2,1,3,44,44,88
KHM-002612,2014,7070802017.0,4,10,14,215,220,435
KHM-002613,2014,7070802055.0,3,0,3,54,57,111
KHM-002614,2014,7070804018.0,5,5,10,217,198,415
KHM-002615,2014,7070901019.0,5,6,11,194,145,339
KHM-002616,2014,7070905021.0,4,0,4,75,67,142
KHM-002617,2014,7071101022.0,15,3,18,385,397,782
KHM-002618,2014,7071103023.0,6,1,7,128,118,246
KHM-002619,2014,7071104024.0,3,3,6,96,92,188
KHM-002620,2014,7071201025.0,2,5,7,106,108,214
KHM-002621,2014,7071202054.0,0,4,4,59,59,118
KHM-002622,2014,7071203026.0,3,2,5,178,151,329
KHM-002623,2014,7071204027.0,1,7,8,232,205,437
KHM-002624,2014,7071301058.0,1,2,3,31,27,58
KHM-002625,2014,7071302028.0,5,2,7,166,157,323
KHM-002626,2014,7071303029.0,5,2,7,113,105,218
KHM-002627,2014,7071304030.0,5,1,6,117,110,227
KHM-002628,2014,7071305045.0,1,6,7,251,244,495
KHM-002629,2014,7071501053.0,1,2,3,86,77,163
KHM-002630,2014,7071502031.0,2,9,11,307,338,645
KHM-002631,2014,7071505044.0,2,1,3,116,117,233
KHM-002632,2014,7071601032.0,3,7,10,208,182,390
KHM-002633,2014,7071602033.0,3,3,6,139,154,293
KHM-002634,2014,7071604034.0,2,7,9,210,155,365
KHM-002635,2014,7071605046.0,3,0,3,130,110,240
KHM-002636,2014,7071606050.0,2,1,3,120,103,223
KHM-002637,2014,7071701035.0,3,2,5,78,87,165
KHM-002638,2014,7071701056.0,2,1,3,101,107,208
KHM-002639,2014,7071702036.0,2,4,6,108,98,206
KHM-002640,2014,7071703037.0,1,7,8,192,135,327
KHM-002641,2014,7071801038.0,3,5,8,188,180,368
KHM-002642,2014,7071802039.0,3,3,6,75,74,149
KHM-002643,2014,7071803040.0,4,3,7,132,128,260
KHM-002644,2014,7071903041.0,0,5,5,17,28,45
KHM-002645,2014,7080101001.0,6,13,19,335,306,641
KHM-002646,2014,7080101003.0,1,6,7,46,46,92
KHM-002647,2014,7080101012.0,2,5,7,137,148,285
KHM-002648,2014,7080102002.0,5,8,13,125,129,254
KHM-002649,2014,7080201004.0,1,6,7,93,89,182
KHM-002650,2014,7080202005.0,1,6,7,72,73,145
KHM-002651,2014,7080302006.0,3,11,14,224,233,457
KHM-002652,2014,7080401007.0,4,8,12,215,180,395
KHM-002653,2014,1020103506.0,0,4,4,65,82,147
KHM-002654,2014,1020106557.0,0,1,1,16,21,37
KHM-002655,2014,1020107535.0,0,1,1,21,18,39
KHM-002656,2014,1020109543.0,0,2,2,32,35,67
KHM-002657,2014,1020109710.0,8,4,12,130,151,281
KHM-002658,2014,1020112536.0,0,1,1,17,15,32
KHM-002659,2014,1020115559.0,0,1,1,18,13,31
KHM-002660,2014,1020118546.0,0,2,2,31,32,63
KHM-002661,2014,1020203527.0,0,3,3,43,38,81
KHM-002662,2014,1020203708.0,5,11,16,105,106,211
KHM-002663,2014,1020209538.0,0,3,3,32,36,68
KHM-002664,2014,1020303561.0,0,1,1,14,17,31
KHM-002665,2014,1020305513.0,0,3,3,34,48,82
KHM-002666,2014,1020309519.0,0,2,2,24,28,52
KHM-002667,2014,1020309904.0,27,27,54,241,289,530
KHM-002668,2014,1020317558.0,0,3,3,46,48,94
KHM-002669,2014,1020402556.0,0,1,1,18,23,41
KHM-002670,2014,1020403709.0,3,6,9,97,118,215
KHM-002671,2014,1020404551.0,0,1,1,33,29,62
KHM-002672,2014,1020406554.0,0,2,2,26,27,53
KHM-002673,2014,1020408555.0,0,1,1,12,11,23
KHM-002674,2014,1020501507.0,0,3,3,33,43,76
KHM-002675,2014,1020501706.0,7,7,14,117,144,261
KHM-002676,2014,1020503508.0,0,1,1,6,14,20
KHM-002677,2014,1020506537.0,0,1,1,17,19,36
KHM-002678,2014,1020508509.0,0,3,3,45,42,87
KHM-002679,2014,1020601903.0,50,16,66,516,703,1219
KHM-002680,2014,1020602528.0,0,2,2,27,34,61
KHM-002681,2014,1020605529.0,0,1,1,20,20,40
KHM-002682,2014,1020609522.0,0,1,1,23,20,43
KHM-002683,2014,1020609713.0,7,9,16,130,168,298
KHM-002684,2014,1020610531.0,0,2,2,26,25,51
KHM-002685,2014,1020613553.0,0,1,1,11,10,21
KHM-002686,2014,1020701517.0,0,2,2,28,29,57
KHM-002687,2014,1020704532.0,0,2,2,28,20,48
KHM-002688,2014,1020710514.0,0,2,2,30,28,58
KHM-002689,2014,1020710711.0,15,10,25,221,284,505
KHM-002690,2014,1020801549.0,0,1,1,13,22,35
KHM-002691,2014,1020803510.0,0,3,3,62,49,111
KHM-002692,2014,1020804701.0,4,10,14,141,177,318
KHM-002693,2014,1020809552.0,0,1,1,17,20,37
KHM-002694,2014,1020810523.0,0,2,2,31,25,56
KHM-002695,2014,1020901525.0,0,1,1,12,7,19
KHM-002696,2014,1020902530.0,0,2,2,25,21,46
KHM-002697,2014,1020905504.0,0,1,1,7,16,23
KHM-002698,2014,1020906503.0,0,1,1,15,13,28
KHM-002699,2014,1020908902.0,34,48,82,652,676,1328
KHM-002700,2014,1020909505.0,0,1,1,11,11,22
KHM-002701,2014,1020914520.0,0,1,1,14,4,18
KHM-002702,2014,1020916518.0,0,1,1,9,6,15
KHM-002703,2014,1020917501.0,0,7,7,105,102,207
KHM-002704,2014,1020917502.0,0,6,6,115,87,202
KHM-002705,2014,1020917516.0,0,2,2,23,20,43
KHM-002706,2014,1020917901.0,57,63,120,943,1107,2050
KHM-002707,2014,1021003547.0,0,2,2,25,33,58
KHM-002708,2014,1021005707.0,6,1,7,127,126,253
KHM-002709,2014,1021008539.0,0,1,1,21,22,43
KHM-002710,2014,1021103515.0,0,2,2,37,43,80
KHM-002711,2014,1021106511.0,0,5,5,84,82,166
KHM-002712,2014,1021106702.0,12,17,29,193,218,411
KHM-002713,2014,1021109526.0,0,1,1,12,13,25
KHM-002714,2014,1021202563.0,0,3,3,39,30,69
KHM-002715,2014,1021205544.0,0,1,1,11,10,21
KHM-002716,2014,1021205704.0,9,3,12,112,141,253
KHM-002717,2014,1021207548.0,0,1,1,12,13,25
KHM-002718,2014,1021209560.0,0,1,1,11,11,22
KHM-002719,2014,1021301512.0,0,1,1,27,23,50
KHM-002720,2014,1021302542.0,0,1,1,22,10,32
KHM-002721,2014,1021304562.0,0,1,1,12,13,25
KHM-002722,2014,1021305712.0,4,1,5,97,107,204
KHM-002723,2014,1030101515.0,0,1,1,10,10,20
KHM-002724,2014,1030103527.0,0,2,2,23,30,53
KHM-002725,2014,1030108903.0,10,2,12,95,127,222
KHM-002726,2014,1030110531.0,0,1,1,14,10,24
KHM-002727,2014,1030113524.0,0,2,2,26,27,53
KHM-002728,2014,1030115519.0,1,1,2,23,23,46
KHM-002729,2014,1030115532.0,0,1,1,8,8,16
KHM-002730,2014,1030201503.0,0,2,2,17,10,27
KHM-002731,2014,1030202514.0,0,1,1,19,16,35
KHM-002732,2014,1030202902.0,33,24,57,212,248,460
KHM-002733,2014,1030203502.0,0,3,3,54,50,104
KHM-002734,2014,1030206511.0,0,3,3,24,24,48
KHM-002735,2014,1030207513.0,0,1,1,10,10,20
KHM-002736,2014,1030208505.0,0,3,3,26,25,51
KHM-002737,2014,1030208705.0,8,2,10,67,65,132
KHM-002738,2014,1030301508.0,0,2,2,20,33,53
KHM-002739,2014,1030301704.0,13,6,19,158,191,349
KHM-002740,2014,1030303509.0,1,2,3,44,28,72
KHM-002741,2014,1030304521.0,1,0,1,15,21,36
KHM-002742,2014,1030306516.0,0,1,1,15,16,31
KHM-002743,2014,1030307528.0,1,5,6,79,79,158
KHM-002744,2014,1030401526.0,0,2,2,15,25,40
KHM-002745,2014,1030401706.0,8,1,9,106,106,212
KHM-002746,2014,1030403523.0,0,2,2,18,39,57
KHM-002747,2014,1030406525.0,0,1,1,18,13,31
KHM-002748,2014,1030501501.0,0,3,3,36,24,60
KHM-002749,2014,1030501901.0,33,19,52,326,394,720
KHM-002750,2014,1030507512.0,0,1,1,8,8,16
KHM-002751,2014,1030516504.0,0,3,3,26,39,65
KHM-002752,2014,1030601520.0,0,2,2,25,19,44
KHM-002753,2014,1030602507.0,0,1,1,16,16,32
KHM-002754,2014,1030603506.0,0,2,2,18,27,45
KHM-002755,2014,1030603703.0,8,8,16,128,153,281
KHM-002756,2014,1030604522.0,0,1,1,23,14,37
KHM-002757,2014,1030610529.0,1,0,1,8,5,13
KHM-002758,2014,1040107903.0,14,5,19,207,216,423
KHM-002759,2014,1040108530.0,0,1,1,9,13,22
KHM-002760,2014,1040110528.0,1,0,1,24,22,46
KHM-002761,2014,1040111529.0,0,1,1,29,21,50
KHM-002762,2014,1040201501.0,0,3,3,83,70,153
KHM-002763,2014,1040205512.0,0,1,1,5,18,23
KHM-002764,2014,1040210901.0,27,25,52,545,546,1091
KHM-002765,2014,1040302507.0,0,2,2,33,38,71
KHM-002766,2014,1040302704.0,4,3,7,101,97,198
KHM-002767,2014,1040304515.0,0,1,1,10,16,26
KHM-002768,2014,1040308708.0,9,6,15,110,152,262
KHM-002769,2014,1040314524.0,1,0,1,10,10,20
KHM-002770,2014,1040315525.0,0,1,1,14,20,34
KHM-002771,2014,1040410517.0,0,1,1,12,13,25
KHM-002772,2014,1040410705.0,4,3,7,83,94,177
KHM-002773,2014,1040413518.0,0,1,1,12,10,22
KHM-002774,2014,1040503502.0,0,3,3,48,63,111
KHM-002775,2014,1040503703.0,7,6,13,138,182,320
KHM-002776,2014,1040511521.0,0,1,1,21,19,40
KHM-002777,2014,1040601503.0,0,2,2,18,26,44
KHM-002778,2014,1040602504.0,0,1,1,23,23,46
KHM-002779,2014,1040602904.0,13,5,18,236,201,437
KHM-002780,2014,1040604510.0,0,1,1,6,9,15
KHM-002781,2014,1040607511.0,0,1,1,13,15,28
KHM-002782,2014,1040609523.0,0,1,1,7,14,21
KHM-002783,2014,1040703707.0,7,1,8,63,65,128
KHM-002784,2014,1040801526.0,0,1,1,18,14,32
KHM-002785,2014,1040804516.0,0,1,1,20,13,33
KHM-002786,2014,1040819902.0,17,10,27,179,192,371
KHM-002787,2014,1040903531.0,1,0,1,9,14,23
KHM-002788,2014,1040903709.0,7,2,9,118,114,232
KHM-002789,2014,1040906532.0,0,1,1,17,19,36
KHM-002790,2014,1040917520.0,1,0,1,12,11,23
KHM-002791,2014,1050101520.0,0,4,4,58,83,141
KHM-002792,2014,1050105704.0,6,1,7,77,80,157
KHM-002793,2014,1050202527.0,0,2,2,22,22,44
KHM-002794,2014,1050206901.0,28,10,38,412,373,785
KHM-002795,2014,1050210530.0,0,1,1,10,8,18
KHM-002796,2014,1050213715.0,4,2,6,62,70,132
KHM-002797,2014,1050301528.0,0,1,1,21,24,45
KHM-002798,2014,1050303529.0,0,2,2,22,39,61
KHM-002799,2014,1050303710.0,5,2,7,120,92,212
KHM-002800,2014,1050503524.0,0,2,2,25,20,45
KHM-002801,2014,1050503708.0,4,4,8,103,126,229
KHM-002802,2014,1050510534.0,1,1,2,24,28,52
KHM-002803,2014,1050603713.0,3,1,4,47,65,112
KHM-002804,2014,1050704526.0,0,3,3,52,36,88
KHM-002805,2014,1050704712.0,3,3,6,58,75,133
KHM-002806,2014,1050706533.0,0,1,1,19,12,31
KHM-002807,2014,1050902709.0,4,2,6,51,65,116
KHM-002808,2014,1060201502.0,0,5,5,84,90,174
KHM-002809,2014,1060201511.0,0,3,3,45,51,96
KHM-002810,2014,1060201706.0,7,6,13,85,127,212
KHM-002811,2014,1060201901.0,54,35,89,979,918,1897
KHM-002812,2014,1060203504.0,0,3,3,44,49,93
KHM-002813,2014,1060203522.0,0,1,1,22,20,42
KHM-002814,2014,1060204503.0,0,3,3,47,44,91
KHM-002815,2014,1060206515.0,0,1,1,31,22,53
KHM-002816,2014,1060206903.0,31,18,49,468,437,905
KHM-002817,2014,1060301512.0,0,1,1,10,14,24
KHM-002818,2014,1060305516.0,0,2,2,43,29,72
KHM-002819,2014,1060305709.0,4,1,5,37,55,92
KHM-002820,2014,1060401704.0,6,2,8,98,129,227
KHM-002821,2014,1060501710.0,3,4,7,48,64,112
KHM-002822,2014,1060502517.0,0,2,2,29,22,51
KHM-002823,2014,1060503506.0,0,1,1,17,16,33
KHM-002824,2014,1060505505.0,0,3,3,34,30,64
KHM-002825,2014,1060505902.0,43,25,68,849,889,1738
KHM-002826,2014,1060602508.0,0,1,1,9,12,21
KHM-002827,2014,1060602705.0,4,1,5,82,122,204
KHM-002828,2014,1060603507.0,0,2,2,38,38,76
KHM-002829,2014,1060703501.0,0,6,6,135,120,255
KHM-002830,2014,1060703904.0,37,19,56,679,636,1315
KHM-002831,2014,1060706514.0,0,2,2,26,24,50
KHM-002832,2014,1060801510.0,0,2,2,41,38,79
KHM-002833,2014,1060803513.0,0,1,1,24,13,37
KHM-002834,2014,1060803703.0,9,23,32,202,238,440
KHM-002835,2014,1060804518.0,0,1,1,13,20,33
KHM-002836,2014,1060805509.0,0,2,2,28,22,50
KHM-002837,2014,1070101501.0,0,6,6,77,102,179
KHM-002838,2014,1070101901.0,34,13,47,518,436,954
KHM-002839,2014,1070105509.0,0,1,1,21,20,41
KHM-002840,2014,1070201514.0,0,1,1,15,22,37
KHM-002841,2014,1070208704.0,5,3,8,80,73,153
KHM-002842,2014,1070214703.0,4,3,7,63,79,142
KHM-002843,2014,1070215518.0,0,1,1,14,17,31
KHM-002844,2014,1070217517.0,0,1,1,10,10,20
KHM-002845,2014,1070219520.0,0,1,1,5,8,13
KHM-002846,2014,1070303504.0,0,2,2,26,20,46
KHM-002847,2014,1070312702.0,5,1,6,121,110,231
KHM-002848,2014,1070403511.0,0,1,1,20,25,45
KHM-002849,2014,1070404505.0,0,2,2,31,28,59
KHM-002850,2014,1070404705.0,6,7,13,164,176,340
KHM-002851,2014,1070408519.0,0,1,1,10,10,20
KHM-002852,2014,1070501516.0,0,1,1,9,6,15
KHM-002853,2014,1070506502.0,0,2,2,32,31,63
KHM-002854,2014,1070506513.0,0,1,1,10,9,19
KHM-002855,2014,1070512902.0,17,5,22,276,257,533
KHM-002856,2014,1070603507.0,0,1,1,21,33,54
KHM-002857,2014,1070603706.0,5,3,8,103,88,191
KHM-002858,2014,1070604510.0,0,1,1,16,16,32
KHM-002859,2014,1080101511.0,0,1,1,17,21,38
KHM-002860,2014,1080101902.0,8,7,15,205,179,384
KHM-002861,2014,1080102514.0,0,1,1,9,11,20
KHM-002862,2014,1080103707.0,6,1,7,67,95,162
KHM-002863,2014,1080203505.0,0,2,2,41,51,92
KHM-002864,2014,1080203704.0,6,0,6,87,118,205
KHM-002865,2014,1080204509.0,0,1,1,13,17,30
KHM-002866,2014,1080301514.0,0,1,1,12,10,22
KHM-002867,2014,1080302507.0,0,3,3,76,42,118
KHM-002868,2014,1080302709.0,5,2,7,58,56,114
KHM-002869,2014,1080406508.0,0,2,2,39,57,96
KHM-002870,2014,1080410708.0,6,2,8,47,54,101
KHM-002871,2014,1080413515.0,0,1,1,14,11,25
KHM-002872,2014,1080503506.0,0,2,2,24,34,58
KHM-002873,2014,1080504703.0,7,0,7,85,68,153
KHM-002874,2014,1080601513.0,0,1,1,14,20,34
KHM-002875,2014,1080601706.0,6,3,9,94,96,190
KHM-002876,2014,1080704510.0,0,2,2,51,31,82
KHM-002877,2014,1080706512.0,0,1,1,18,19,37
KHM-002878,2014,1080706705.0,13,2,15,190,186,376
KHM-002879,2014,1080805901.0,25,9,34,359,380,739
KHM-002880,2014,1090101508.0,0,1,1,9,7,16
KHM-002881,2014,1090102513.0,0,2,2,34,22,56
KHM-002882,2014,1090102703.0,2,3,5,43,43,86
KHM-002883,2014,1090201501.0,0,5,5,99,87,186
KHM-002884,2014,1090201901.0,25,7,32,292,295,587
KHM-002885,2014,1090301523.0,0,2,2,24,26,50
KHM-002886,2014,1090302524.0,0,1,1,14,11,25
KHM-002887,2014,1090304512.0,0,1,1,25,33,58
KHM-002888,2014,1090304902.0,7,2,9,65,132,197
KHM-002889,2014,1090401504.0,0,2,2,27,29,56
KHM-002890,2014,1090401706.0,4,3,7,82,61,143
KHM-002891,2014,1090404525.0,0,2,2,34,16,50
KHM-002892,2014,1090501507.0,0,2,2,19,28,47
KHM-002893,2014,1090501702.0,5,1,6,79,89,168
KHM-002894,2014,1090505514.0,0,1,1,9,12,21
KHM-002895,2014,1090506517.0,1,1,2,24,27,51
KHM-002896,2014,1090507515.0,1,1,2,21,34,55
KHM-002897,2014,1090509521.0,0,1,1,22,20,42
KHM-002898,2014,1090601516.0,0,1,1,9,16,25
KHM-002899,2014,1090602518.0,0,2,2,23,26,49
KHM-002900,2014,1090602704.0,5,1,6,102,121,223
KHM-002901,2014,1090607519.0,2,0,2,28,17,45
KHM-002902,2014,1100104517.0,0,1,1,11,14,25
KHM-002903,2014,1100106501.0,0,1,1,15,11,26
KHM-002904,2014,1100107525.0,0,1,1,10,15,25
KHM-002905,2014,1100110901.0,16,10,26,312,348,660
KHM-002906,2014,1100111519.0,0,1,1,24,21,45
KHM-002907,2014,1100117524.0,0,1,1,7,8,15
KHM-002908,2014,1100117701.0,4,3,7,67,60,127
KHM-002909,2014,1100202503.0,0,2,2,27,25,52
KHM-002910,2014,1100202902.0,34,12,46,612,506,1118
KHM-002911,2014,1100202903.0,25,12,37,294,184,478
KHM-002912,2014,1100203504.0,0,1,1,8,7,15
KHM-002913,2014,1100203505.0,0,1,1,8,12,20
KHM-002914,2014,1100203506.0,0,1,1,22,20,42
KHM-002915,2014,1100203508.0,0,1,1,19,20,39
KHM-002916,2014,1100203521.0,0,1,1,18,32,50
KHM-002917,2014,1100203531.0,0,1,1,30,33,63
KHM-002918,2014,1100203702.0,13,7,20,299,299,598
KHM-002919,2014,1100204703.0,9,7,16,158,151,309
KHM-002920,2014,1100211511.0,0,1,1,25,21,46
KHM-002921,2014,1100211904.0,15,3,18,266,190,456
KHM-002922,2014,1100306522.0,0,1,1,4,7,11
KHM-002923,2014,1100308509.0,0,1,1,16,33,49
KHM-002924,2014,1100310510.0,0,1,1,18,12,30
KHM-002925,2014,1100312513.0,0,1,1,33,25,58
KHM-002926,2014,1100313514.0,0,1,1,20,26,46
KHM-002927,2014,1100313704.0,3,4,7,97,79,176
KHM-002928,2014,1100314515.0,0,1,1,26,27,53
KHM-002929,2014,1100316516.0,0,0,0,11,14,25
KHM-002930,2014,2010104709.0,3,2,5,30,43,73
KHM-002931,2014,2010106523.0,0,1,1,10,11,21
KHM-002932,2014,2010201501.0,0,1,1,15,15,30
KHM-002933,2014,2010201902.0,11,10,21,349,420,769
KHM-002934,2014,2010203511.0,0,1,1,12,10,22
KHM-002935,2014,2010205512.0,0,1,1,13,15,28
KHM-002936,2014,2010207513.0,0,1,1,8,9,17
KHM-002937,2014,2010305705.0,4,13,17,145,203,348
KHM-002938,2014,2010401514.0,0,1,1,15,11,26
KHM-002939,2014,2010402502.0,0,1,1,22,21,43
KHM-002940,2014,2010402702.0,15,9,24,181,225,406
KHM-002941,2014,2010406519.0,0,1,1,15,15,30
KHM-002942,2014,2010407516.0,0,1,1,9,9,18
KHM-002943,2014,2010408701.0,12,7,19,72,92,164
KHM-002944,2014,2010502521.0,0,2,2,42,43,85
KHM-002945,2014,2010502706.0,8,3,11,134,136,270
KHM-002946,2014,2010601505.0,0,1,1,13,13,26
KHM-002947,2014,2010602518.0,0,1,1,9,9,18
KHM-002948,2014,2010605503.0,0,4,4,64,51,115
KHM-002949,2014,2010605901.0,34,20,54,761,915,1676
KHM-002950,2014,2010606506.0,0,1,1,4,6,10
KHM-002951,2014,2010607515.0,0,1,1,9,12,21
KHM-002952,2014,2010608509.0,0,2,2,23,12,35
KHM-002953,2014,2010609508.0,0,1,1,9,11,20
KHM-002954,2014,2010610507.0,1,0,1,11,18,29
KHM-002955,2014,2010610520.0,0,1,1,5,5,10
KHM-002956,2014,2010703504.0,0,2,2,30,40,70
KHM-002957,2014,2010703704.0,19,13,32,233,305,538
KHM-002958,2014,2010704522.0,0,1,1,10,14,24
KHM-002959,2014,2010709524.0,0,1,1,10,8,18
KHM-002960,2014,2010802510.0,0,2,2,43,60,103
KHM-002961,2014,2010804703.0,14,8,22,279,341,620
KHM-002962,2014,2010808707.0,7,3,10,102,102,204
KHM-002963,2014,2020103701.0,11,16,27,255,270,525
KHM-002964,2014,2020105518.0,0,2,2,29,21,50
KHM-002965,2014,2020202517.0,0,1,1,42,38,80
KHM-002966,2014,2020204901.0,32,11,43,775,910,1685
KHM-002967,2014,2020302502.0,0,3,3,41,42,83
KHM-002968,2014,2020302504.0,0,2,2,21,22,43
KHM-002969,2014,2020302703.0,9,10,19,139,167,306
KHM-002970,2014,2020303505.0,0,1,1,21,31,52
KHM-002971,2014,2020306519.0,0,2,2,20,22,42
KHM-002972,2014,2020402501.0,0,6,6,65,74,139
KHM-002973,2014,2020402902.0,27,31,58,510,581,1091
KHM-002974,2014,2020403515.0,0,2,2,25,20,45
KHM-002975,2014,2020406514.0,0,1,1,17,20,37
KHM-002976,2014,2020501709.0,7,4,11,77,77,154
KHM-002977,2014,2020601511.0,0,2,2,31,22,53
KHM-002978,2014,2020602509.0,1,3,4,57,53,110
KHM-002979,2014,2020602707.0,11,3,14,130,147,277
KHM-002980,2014,2020603513.0,0,1,1,21,14,35
KHM-002981,2014,2020701507.0,0,3,3,43,49,92
KHM-002982,2014,2020701704.0,12,4,16,188,168,356
KHM-002983,2014,2020805705.0,13,13,26,150,191,341
KHM-002984,2014,2020903512.0,0,1,1,11,14,25
KHM-002985,2014,2020903708.0,8,8,16,147,184,331
KHM-002986,2014,2021002706.0,5,7,12,138,171,309
KHM-002987,2014,2021006516.0,0,1,1,24,31,55
KHM-002988,2014,2030102513.0,0,1,1,16,19,35
KHM-002989,2014,2030104512.0,0,2,2,15,28,43
KHM-002990,2014,2030104701.0,16,20,36,129,110,239
KHM-002991,2014,2030201901.0,77,67,144,1138,1154,2292
KHM-002992,2014,2030204509.0,0,2,2,13,12,25
KHM-002993,2014,2030207508.0,0,4,4,111,98,209
KHM-002994,2014,2030303523.0,0,1,1,5,12,17
KHM-002995,2014,2030303707.0,8,9,17,164,171,335
KHM-002996,2014,2030306510.0,0,2,2,13,22,35
KHM-002997,2014,2030308511.0,0,2,2,17,15,32
KHM-002998,2014,2030401504.0,0,2,2,64,56,120
KHM-002999,2014,2030403505.0,0,3,3,32,35,67
KHM-003000,2014,2030404704.0,16,16,32,102,109,211
KHM-003001,2014,2030502514.0,0,4,4,47,48,95
KHM-003002,2014,2030601532.0,0,1,1,19,26,45
KHM-003003,2014,2030602520.0,1,1,2,42,49,91
KHM-003004,2014,2030602904.0,25,31,56,492,589,1081
KHM-003005,2014,2030604528.0,0,1,1,29,41,70
KHM-003006,2014,2030607531.0,0,1,1,34,39,73
KHM-003007,2014,2030701519.0,0,1,1,13,11,24
KHM-003008,2014,2030703515.0,0,1,1,30,41,71
KHM-003009,2014,2030706516.0,0,1,1,20,20,40
KHM-003010,2014,2030709525.0,0,2,2,45,42,87
KHM-003011,2014,2030709705.0,17,20,37,278,284,562
KHM-003012,2014,2030801503.0,0,2,2,37,29,66
KHM-003013,2014,2030801703.0,20,8,28,147,140,287
KHM-003014,2014,2030802518.0,0,1,1,14,16,30
KHM-003015,2014,2030803527.0,0,1,1,13,24,37
KHM-003016,2014,2030804529.0,0,1,1,13,7,20
KHM-003017,2014,2030806526.0,0,1,1,10,11,21
KHM-003018,2014,2030901507.0,0,3,3,31,39,70
KHM-003019,2014,2030905905.0,15,24,39,105,111,216
KHM-003020,2014,2030906530.0,0,1,1,15,20,35
KHM-003021,2014,2031001702.0,28,49,77,449,435,884
KHM-003022,2014,2031001902.0,79,58,137,2080,2200,4280
KHM-003023,2014,2031002501.0,0,12,12,179,177,356
KHM-003024,2014,2031004502.0,0,8,8,159,116,275
KHM-003025,2014,2031004522.0,0,4,4,45,27,72
KHM-003026,2014,2031004903.0,38,52,90,943,1051,1994
KHM-003027,2014,2040101501.0,1,2,3,29,29,58
KHM-003028,2014,2040101901.0,47,24,71,1002,1163,2165
KHM-003029,2014,2040105505.0,0,2,2,34,36,70
KHM-003030,2014,2040202504.0,0,2,2,17,25,42
KHM-003031,2014,2040204512.0,0,2,2,28,15,43
KHM-003032,2014,2040206503.0,0,2,2,28,38,66
KHM-003033,2014,2040206702.0,19,11,30,304,349,653
KHM-003034,2014,2040301502.0,0,3,3,40,46,86
KHM-003035,2014,2040301902.0,12,14,26,269,313,582
KHM-003036,2014,2040402705.0,6,3,9,123,144,267
KHM-003037,2014,2040409508.0,1,0,1,12,6,18
KHM-003038,2014,2040503703.0,4,6,10,151,169,320
KHM-003039,2014,2040509510.0,0,1,1,11,14,25
KHM-003040,2014,2040511513.0,0,0,0,10,10,20
KHM-003041,2014,2040610704.0,5,4,9,137,205,342
KHM-003042,2014,2050102505.0,0,2,2,24,29,53
KHM-003043,2014,2050104504.0,0,3,3,52,50,102
KHM-003044,2014,2050104702.0,11,16,27,169,208,377
KHM-003045,2014,2050105506.0,0,2,2,16,13,29
KHM-003046,2014,2050106503.0,0,3,3,42,47,89
KHM-003047,2014,2050108514.0,0,1,1,22,18,40
KHM-003048,2014,2050201512.0,0,2,2,19,10,29
KHM-003049,2014,2050201701.0,5,18,23,100,81,181
KHM-003050,2014,2050202511.0,0,2,2,26,29,55
KHM-003051,2014,2050203513.0,0,1,1,7,9,16
KHM-003052,2014,2050204515.0,0,1,1,6,14,20
KHM-003053,2014,2050301501.0,0,3,3,28,32,60
KHM-003054,2014,2050301705.0,11,9,20,84,53,137
KHM-003055,2014,2050303502.0,0,4,4,41,48,89
KHM-003056,2014,2050304508.0,0,3,3,18,30,48
KHM-003057,2014,2050401509.0,0,1,1,9,12,21
KHM-003058,2014,2050401901.0,31,21,52,430,590,1020
KHM-003059,2014,2050402510.0,0,3,3,23,29,52
KHM-003060,2014,2050404517.0,0,1,1,7,12,19
KHM-003061,2014,2050405518.0,0,1,1,14,19,33
KHM-003062,2014,2050501516.0,0,1,1,6,6,12
KHM-003063,2014,2050503507.0,0,3,3,38,47,85
KHM-003064,2014,2050503703.0,13,19,32,208,269,477
KHM-003065,2014,2050506519.0,0,2,2,21,28,49
KHM-003066,2014,2050605706.0,1,5,6,23,33,56
KHM-003067,2014,2050703704.0,3,4,7,45,58,103
KHM-003068,2014,2060102712.0,6,3,9,122,113,235
KHM-003069,2014,2060106503.0,0,3,3,51,44,95
KHM-003070,2014,2060107502.0,0,1,1,7,13,20
KHM-003071,2014,2060107701.0,40,18,58,629,642,1271
KHM-003072,2014,2060112501.0,0,6,6,66,76,142
KHM-003073,2014,2060204514.0,0,2,2,41,35,76
KHM-003074,2014,2060205901.0,29,11,40,693,826,1519
KHM-003075,2014,2060208513.0,0,1,1,20,22,42
KHM-003076,2014,2060210512.0,0,1,1,10,11,21
KHM-003077,2014,2060211711.0,6,1,7,80,81,161
KHM-003078,2014,2060306902.0,17,8,25,234,227,461
KHM-003079,2014,2060308707.0,10,2,12,142,162,304
KHM-003080,2014,2060410511.0,0,1,1,20,24,44
KHM-003081,2014,2060410703.0,10,4,14,251,243,494
KHM-003082,2014,2060504709.0,7,3,10,143,172,315
KHM-003083,2014,2060507509.0,0,2,2,20,25,45
KHM-003084,2014,2060604507.0,0,1,1,15,18,33
KHM-003085,2014,2060607504.0,0,2,2,33,32,65
KHM-003086,2014,2060607710.0,5,9,14,118,138,256
KHM-003087,2014,2060608508.0,0,1,1,15,12,27
KHM-003088,2014,2060609505.0,0,1,1,10,5,15
KHM-003089,2014,2060706706.0,7,9,16,189,236,425
KHM-003090,2014,2060801516.0,0,1,1,29,33,62
KHM-003091,2014,2060804510.0,0,2,2,49,52,101
KHM-003092,2014,2060804702.0,8,9,17,152,154,306
KHM-003093,2014,2060905708.0,8,5,13,174,188,362
KHM-003094,2014,2070102501.0,0,3,3,20,24,44
KHM-003095,2014,2070102701.0,11,9,20,124,142,266
KHM-003096,2014,2070102901.0,16,7,23,427,377,804
KHM-003097,2014,2070104502.0,0,3,3,45,46,91
KHM-003098,2014,2070205704.0,5,2,7,62,101,163
KHM-003099,2014,2070301705.0,4,4,8,30,34,64
KHM-003100,2014,2070302503.0,0,1,1,9,8,17
KHM-003101,2014,2070402702.0,4,7,11,155,188,343
KHM-003102,2014,2080103501.0,0,4,4,47,33,80
KHM-003103,2014,2080103902.0,37,44,81,739,1023,1762
KHM-003104,2014,2080109518.0,0,1,1,19,16,35
KHM-003105,2014,2080202506.0,0,3,3,37,43,80
KHM-003106,2014,2080203505.0,0,3,3,26,36,62
KHM-003107,2014,2080205702.0,11,13,24,196,185,381
KHM-003108,2014,2080302711.0,5,5,10,79,94,173
KHM-003109,2014,2080305503.0,0,3,3,35,50,85
KHM-003110,2014,2080305703.0,8,9,17,200,246,446
KHM-003111,2014,2080405710.0,9,9,18,82,110,192
KHM-003112,2014,2080504707.0,8,10,18,125,200,325
KHM-003113,2014,2080505512.0,0,1,1,15,15,30
KHM-003114,2014,2080603901.0,26,12,38,336,397,733
KHM-003115,2014,2080606514.0,0,1,1,22,20,42
KHM-003116,2014,2080703508.0,0,3,3,40,41,81
KHM-003117,2014,2080703708.0,12,6,18,143,133,276
KHM-003118,2014,2080801502.0,0,3,3,38,38,76
KHM-003119,2014,2080801705.0,12,27,39,175,164,339
KHM-003120,2014,2080802510.0,0,4,4,47,38,85
KHM-003121,2014,2080803513.0,0,1,1,12,15,27
KHM-003122,2014,2080803516.0,0,1,1,12,20,32
KHM-003123,2014,2080804519.0,0,2,2,22,23,45
KHM-003124,2014,2080805709.0,10,10,20,178,194,372
KHM-003125,2014,2080901515.0,0,2,2,19,26,45
KHM-003126,2014,2080901712.0,8,8,16,96,116,212
KHM-003127,2014,2080903517.0,0,1,1,20,16,36
KHM-003128,2014,2080904507.0,0,3,3,48,43,91
KHM-003129,2014,2081001509.0,0,1,1,17,17,34
KHM-003130,2014,2081005706.0,28,11,39,246,262,508
KHM-003131,2014,2090101707.0,4,8,12,194,187,381
KHM-003132,2014,2090107506.0,0,1,1,12,23,35
KHM-003133,2014,2090201505.0,0,2,2,23,28,51
KHM-003134,2014,2090201705.0,11,1,12,83,98,181
KHM-003135,2014,2090304901.0,21,10,31,321,318,639
KHM-003136,2014,2090307513.0,0,1,1,10,10,20
KHM-003137,2014,2090308511.0,1,0,1,11,10,21
KHM-003138,2014,2090401503.0,0,2,2,40,45,85
KHM-003139,2014,2090401702.0,4,5,9,68,54,122
KHM-003140,2014,2090403504.0,0,1,1,9,16,25
KHM-003141,2014,2090504704.0,9,0,9,116,126,242
KHM-003142,2014,2090601507.0,0,1,1,14,15,29
KHM-003143,2014,2090604508.0,0,1,1,8,8,16
KHM-003144,2014,2090605512.0,0,1,1,8,10,18
KHM-003145,2014,2090605706.0,8,2,10,56,64,120
KHM-003146,2014,2090607510.0,0,1,1,9,6,15
KHM-003147,2014,2090607514.0,0,1,1,7,8,15
KHM-003148,2014,2090608703.0,7,3,10,103,119,222
KHM-003149,2014,2090609509.0,0,1,1,10,15,25
KHM-003150,2014,2100105503.0,0,1,1,18,27,45
KHM-003151,2014,2100205704.0,4,6,10,211,221,432
KHM-003152,2014,2100208505.0,0,2,2,25,23,48
KHM-003153,2014,2100210506.0,0,1,1,19,14,33
KHM-003154,2014,2100301502.0,0,2,2,29,57,86
KHM-003155,2014,2100302901.0,10,11,21,307,351,658
KHM-003156,2014,2100305507.0,0,1,1,22,14,36
KHM-003157,2014,2100306509.0,1,0,1,20,11,31
KHM-003158,2014,2100307703.0,5,2,7,83,76,159
KHM-003159,2014,2100501501.0,0,2,2,19,26,45
KHM-003160,2014,2100503705.0,3,2,5,50,76,126
KHM-003161,2014,2100601508.0,0,1,1,12,8,20
KHM-003162,2014,2100603504.0,0,1,1,23,12,35
KHM-003163,2014,2100603706.0,4,4,8,36,38,74
KHM-003164,2014,2100607510.0,0,1,1,9,9,18
KHM-003165,2014,2110101503.0,0,1,1,7,14,21
KHM-003166,2014,2110103507.0,0,2,2,27,40,67
KHM-003167,2014,2110106509.0,0,3,3,31,31,62
KHM-003168,2014,2110106704.0,4,3,7,70,68,138
KHM-003169,2014,2110201707.0,5,1,6,47,60,107
KHM-003170,2014,2110302502.0,1,0,1,4,9,13
KHM-003171,2014,2110306510.0,0,2,2,24,19,43
KHM-003172,2014,2110306706.0,4,1,5,72,95,167
KHM-003173,2014,2110502512.0,0,1,1,12,11,23
KHM-003174,2014,2110503702.0,5,4,9,129,117,246
KHM-003175,2014,2110504504.0,0,2,2,18,24,42
KHM-003176,2014,2110506513.0,0,1,1,21,24,45
KHM-003177,2014,2110604506.0,0,1,1,15,15,30
KHM-003178,2014,2110606703.0,6,3,9,91,68,159
KHM-003179,2014,2110701508.0,0,1,1,15,7,22
KHM-003180,2014,2110706501.0,0,3,3,40,32,72
KHM-003181,2014,2110707901.0,23,14,37,382,375,757
KHM-003182,2014,2120205705.0,3,3,6,71,74,145
KHM-003183,2014,2120404704.0,3,6,9,117,156,273
KHM-003184,2014,2120502702.0,6,2,8,64,42,106
KHM-003185,2014,2120601701.0,4,3,7,100,89,189
KHM-003186,2014,2120603703.0,2,4,6,66,54,120
KHM-003187,2014,2120603901.0,14,8,22,181,201,382
KHM-003188,2014,2130104901.0,19,11,30,324,412,736
KHM-003189,2014,2130109501.0,0,2,2,25,31,56
KHM-003190,2014,2130204704.0,1,5,6,53,52,105
KHM-003191,2014,2130210503.0,0,1,1,4,7,11
KHM-003192,2014,2130303705.0,3,3,6,83,88,171
KHM-003193,2014,2130307504.0,0,1,1,8,4,12
KHM-003194,2014,2130405702.0,6,7,13,146,193,339
KHM-003195,2014,2130508706.0,5,5,10,39,53,92
KHM-003196,2014,2130510502.0,1,0,1,8,4,12
KHM-003197,2014,2130607703.0,6,4,10,77,82,159
KHM-003198,2014,2140214705.0,2,4,6,76,71,147
KHM-003199,2014,2140220503.0,0,1,1,11,8,19
KHM-003200,2014,3010101515.0,0,1,1,11,4,15
KHM-003201,2014,3010102501.0,0,2,2,35,20,55
KHM-003202,2014,3010102901.0,28,22,50,431,538,969
KHM-003203,2014,3010103512.0,0,0,0,10,15,25
KHM-003204,2014,3010104513.0,0,1,1,10,14,24
KHM-003205,2014,3010105527.0,0,0,0,33,27,60
KHM-003206,2014,3010202528.0,0,0,0,8,10,18
KHM-003207,2014,3010202705.0,8,5,13,59,67,126
KHM-003208,2014,3010301516.0,0,1,1,32,43,75
KHM-003209,2014,3010301706.0,6,9,15,90,82,172
KHM-003210,2014,3010401508.0,0,1,1,26,19,45
KHM-003211,2014,3010401711.0,2,11,13,232,239,471
KHM-003212,2014,3010403529.0,0,0,0,21,12,33
KHM-003213,2014,3010405509.0,0,0,0,23,16,39
KHM-003214,2014,3010406525.0,0,1,1,13,12,25
KHM-003215,2014,3010501518.0,0,0,0,21,23,44
KHM-003216,2014,3010501709.0,7,7,14,143,166,309
KHM-003217,2014,3010503524.0,0,0,0,12,13,25
KHM-003218,2014,3010601502.0,0,1,1,22,36,58
KHM-003219,2014,3010603507.0,0,1,1,15,20,35
KHM-003220,2014,3010605520.0,0,0,0,16,17,33
KHM-003221,2014,3010605904.0,27,17,44,642,617,1259
KHM-003222,2014,3010706506.0,0,1,1,30,17,47
KHM-003223,2014,3010801521.0,0,1,1,27,27,54
KHM-003224,2014,3010801903.0,14,17,31,482,334,816
KHM-003225,2014,3010803523.0,0,1,1,10,15,25
KHM-003226,2014,3010805522.0,1,0,1,20,22,42
KHM-003227,2014,3010901503.0,0,1,1,30,30,60
KHM-003228,2014,3010902504.0,0,4,4,47,41,88
KHM-003229,2014,3010902902.0,41,28,69,675,616,1291
KHM-003230,2014,3010907505.0,0,1,1,19,16,35
KHM-003231,2014,3011005514.0,0,0,0,29,33,62
KHM-003232,2014,3011005707.0,8,5,13,241,188,429
KHM-003233,2014,3011102517.0,0,0,0,9,16,25
KHM-003234,2014,3011103530.0,0,1,1,32,38,70
KHM-003235,2014,3011106708.0,4,4,8,132,134,266
KHM-003236,2014,3011201526.0,0,2,2,43,32,75
KHM-003237,2014,3011205519.0,0,0,0,33,21,54
KHM-003238,2014,3020105511.0,0,1,1,42,32,74
KHM-003239,2014,3020109903.0,22,13,35,466,466,932
KHM-003240,2014,3020201705.0,6,3,9,118,94,212
KHM-003241,2014,3020208509.0,0,2,2,22,16,38
KHM-003242,2014,3020301501.0,0,3,3,69,67,136
KHM-003243,2014,3020302507.0,0,2,2,33,18,51
KHM-003244,2014,3020303508.0,0,1,1,13,12,25
KHM-003245,2014,3020303707.0,2,6,8,101,170,271
KHM-003246,2014,3020304513.0,0,0,0,19,16,35
KHM-003247,2014,3020401514.0,0,1,1,18,13,31
KHM-003248,2014,3020406503.0,0,1,1,49,60,109
KHM-003249,2014,3020406708.0,6,4,10,122,127,249
KHM-003250,2014,3020407520.0,0,1,1,19,14,33
KHM-003251,2014,3020503519.0,0,1,1,17,24,41
KHM-003252,2014,3020504504.0,0,1,1,40,47,87
KHM-003253,2014,3020507502.0,0,2,2,62,69,131
KHM-003254,2014,3020507902.0,26,25,51,479,614,1093
KHM-003255,2014,3020601516.0,0,0,0,13,12,25
KHM-003256,2014,3020604505.0,0,3,3,47,43,90
KHM-003257,2014,3020607510.0,0,0,0,17,11,28
KHM-003258,2014,3020612506.0,0,0,0,38,47,85
KHM-003259,2014,3020612901.0,49,21,70,839,898,1737
KHM-003260,2014,3020701512.0,0,2,2,25,30,55
KHM-003261,2014,3020701704.0,2,5,7,101,108,209
KHM-003262,2014,3020801706.0,8,3,11,170,208,378
KHM-003263,2014,3030101512.0,0,1,1,30,29,59
KHM-003264,2014,3030101710.0,4,4,8,73,92,165
KHM-003265,2014,3030103702.0,9,1,10,142,123,265
KHM-003266,2014,3030201708.0,3,2,5,64,100,164
KHM-003267,2014,3030301502.0,0,2,2,31,29,60
KHM-003268,2014,3030301903.0,11,12,23,305,327,632
KHM-003269,2014,3030406705.0,6,4,10,128,116,244
KHM-003270,2014,3030501511.0,0,2,2,50,40,90
KHM-003271,2014,3030501704.0,13,3,16,158,204,362
KHM-003272,2014,3030609503.0,0,2,2,25,23,48
KHM-003273,2014,3030609902.0,31,7,38,448,509,957
KHM-003274,2014,3030610507.0,0,2,2,22,20,42
KHM-003275,2014,3030702504.0,0,2,2,26,28,54
KHM-003276,2014,3030802501.0,0,2,2,10,15,25
KHM-003277,2014,3030804508.0,0,2,2,20,34,54
KHM-003278,2014,3030804901.0,46,33,79,961,914,1875
KHM-003279,2014,3030808505.0,0,1,1,38,32,70
KHM-003280,2014,3030906506.0,0,1,1,22,18,40
KHM-003281,2014,3030912510.0,0,1,1,30,26,56
KHM-003282,2014,3030912709.0,6,3,9,122,141,263
KHM-003283,2014,3031006707.0,3,4,7,77,89,166
KHM-003284,2014,3050102508.0,0,1,1,26,17,43
KHM-003285,2014,3050208501.0,0,2,2,33,27,60
KHM-003286,2014,3050208701.0,13,19,32,133,146,279
KHM-003287,2014,3050209506.0,0,7,7,114,94,208
KHM-003288,2014,3050209901.0,90,99,189,1496,1412,2908
KHM-003289,2014,3050304507.0,0,2,2,20,34,54
KHM-003290,2014,3050307502.0,0,2,2,20,17,37
KHM-003291,2014,3050307902.0,18,16,34,206,224,430
KHM-003292,2014,3050403503.0,0,2,2,58,47,105
KHM-003293,2014,3050403903.0,27,30,57,497,494,991
KHM-003294,2014,3050406505.0,0,4,4,85,76,161
KHM-003295,2014,3050406702.0,8,17,25,195,225,420
KHM-003296,2014,3060102509.0,0,1,1,29,33,62
KHM-003297,2014,3060102512.0,0,3,3,72,49,121
KHM-003298,2014,3060102713.0,12,15,27,272,301,573
KHM-003299,2014,3060105520.0,0,1,1,22,17,39
KHM-003300,2014,3060109511.0,0,1,1,21,22,43
KHM-003301,2014,3060203502.0,0,1,1,20,25,45
KHM-003302,2014,3060204903.0,8,13,21,405,500,905
KHM-003303,2014,3060303707.0,9,6,15,180,184,364
KHM-003304,2014,3060402503.0,0,2,2,30,22,52
KHM-003305,2014,3060402708.0,5,12,17,76,84,160
KHM-003306,2014,3060404517.0,0,1,1,12,11,23
KHM-003307,2014,3060502521.0,0,3,3,49,48,97
KHM-003308,2014,3060510704.0,8,4,12,110,94,204
KHM-003309,2014,3060601510.0,0,2,2,18,22,40
KHM-003310,2014,3060603508.0,0,2,2,21,22,43
KHM-003311,2014,3060605513.0,0,1,1,35,36,71
KHM-003312,2014,3060605902.0,22,27,49,300,361,661
KHM-003313,2014,3060701705.0,3,5,8,142,132,274
KHM-003314,2014,3060802514.0,0,1,1,8,8,16
KHM-003315,2014,3060805505.0,0,2,2,24,12,36
KHM-003316,2014,3060805706.0,2,9,11,72,72,144
KHM-003317,2014,3060905506.0,0,2,2,23,27,50
KHM-003318,2014,3060913901.0,35,59,94,768,843,1611
KHM-003319,2014,3061001515.0,0,2,2,32,30,62
KHM-003320,2014,3061001710.0,6,8,14,125,145,270
KHM-003321,2014,3061101518.0,0,2,2,38,28,66
KHM-003322,2014,3061101715.0,7,12,19,75,76,151
KHM-003323,2014,3061105519.0,0,1,1,19,19,38
KHM-003324,2014,3061202714.0,4,6,10,103,114,217
KHM-003325,2014,3061301709.0,3,2,5,28,54,82
KHM-003326,2014,3061406712.0,4,5,9,133,164,297
KHM-003327,2014,3061410516.0,0,1,1,47,38,85
KHM-003328,2014,3061503507.0,0,2,2,25,35,60
KHM-003329,2014,3061503711.0,2,8,10,106,118,224
KHM-003330,2014,3070101506.0,0,2,2,27,25,52
KHM-003331,2014,3070104507.0,0,2,2,28,24,52
KHM-003332,2014,3070106508.0,0,2,2,32,33,65
KHM-003333,2014,3070106704.0,13,15,28,117,113,230
KHM-003334,2014,3070108504.0,0,1,1,13,17,30
KHM-003335,2014,3070206509.0,0,3,3,46,42,88
KHM-003336,2014,3070208902.0,25,10,35,505,496,1001
KHM-003337,2014,3070301503.0,0,2,2,24,24,48
KHM-003338,2014,3070301903.0,21,20,41,562,559,1121
KHM-003339,2014,3070303510.0,1,0,1,22,21,43
KHM-003340,2014,3070307511.0,0,2,2,36,33,69
KHM-003341,2014,3070401513.0,0,2,2,24,19,43
KHM-003342,2014,3070403501.0,0,5,5,73,81,154
KHM-003343,2014,3070403901.0,39,42,81,688,715,1403
KHM-003344,2014,3070405514.0,0,1,1,11,19,30
KHM-003345,2014,3070501516.0,0,2,2,31,20,51
KHM-003346,2014,3070504709.0,6,3,9,151,150,301
KHM-003347,2014,3070601517.0,0,1,1,10,10,20
KHM-003348,2014,3070603518.0,0,1,1,14,8,22
KHM-003349,2014,3070603708.0,5,9,14,82,114,196
KHM-003350,2014,3070605519.0,0,1,1,17,7,24
KHM-003351,2014,3070607531.0,0,0,0,8,19,27
KHM-003352,2014,3070610532.0,0,1,1,13,11,24
KHM-003353,2014,3070701533.0,0,1,1,13,13,26
KHM-003354,2014,3070704534.0,0,1,1,12,9,21
KHM-003355,2014,3070704706.0,6,5,11,197,192,389
KHM-003356,2014,3070801703.0,8,8,16,205,164,369
KHM-003357,2014,3070804505.0,0,3,3,39,45,84
KHM-003358,2014,3070807520.0,0,2,2,31,31,62
KHM-003359,2014,3070809521.0,0,2,2,38,30,68
KHM-003360,2014,3070901522.0,0,1,1,10,16,26
KHM-003361,2014,3070901707.0,2,11,13,101,95,196
KHM-003362,2014,3070903523.0,0,2,2,29,27,56
KHM-003363,2014,3070906502.0,0,3,3,38,24,62
KHM-003364,2014,3070907524.0,0,1,1,10,12,22
KHM-003365,2014,3071003525.0,0,2,2,31,27,58
KHM-003366,2014,3071005526.0,0,1,1,27,15,42
KHM-003367,2014,3071005702.0,11,7,18,119,115,234
KHM-003368,2014,3071101527.0,0,2,2,46,38,84
KHM-003369,2014,3071107528.0,0,1,1,30,27,57
KHM-003370,2014,3071111530.0,0,1,1,28,19,47
KHM-003371,2014,3071111705.0,10,7,17,144,130,274
KHM-003372,2014,3080105705.0,5,3,8,200,184,384
KHM-003373,2014,3080210902.0,15,18,33,352,373,725
KHM-003374,2014,3080304706.0,2,3,5,61,53,114
KHM-003375,2014,3080402504.0,0,1,1,22,18,40
KHM-003376,2014,3080406511.0,0,1,1,34,26,60
KHM-003377,2014,3080406903.0,18,7,25,284,255,539
KHM-003378,2014,3080502904.0,11,12,23,256,277,533
KHM-003379,2014,3080505512.0,0,1,1,18,26,44
KHM-003380,2014,3080601501.0,0,2,2,44,60,104
KHM-003381,2014,3080601901.0,31,19,50,589,562,1151
KHM-003382,2014,3080602510.0,0,1,1,17,13,30
KHM-003383,2014,3080607507.0,0,1,1,19,16,35
KHM-003384,2014,3080702509.0,0,1,1,14,16,30
KHM-003385,2014,3080704503.0,0,1,1,18,17,35
KHM-003386,2014,3080704707.0,3,5,8,172,192,364
KHM-003387,2014,3080802704.0,6,4,10,166,147,313
KHM-003388,2014,3080805506.0,0,2,2,43,35,78
KHM-003389,2014,3130102513.0,0,1,1,52,53,105
KHM-003390,2014,3130103709.0,6,8,14,146,149,295
KHM-003391,2014,3130105509.0,0,1,1,14,11,25
KHM-003392,2014,3130107510.0,0,1,1,13,12,25
KHM-003393,2014,3130206712.0,6,3,9,66,74,140
KHM-003394,2014,3130307505.0,0,1,1,25,15,40
KHM-003395,2014,3130317502.0,0,2,2,27,23,50
KHM-003396,2014,3130317503.0,0,4,4,70,49,119
KHM-003397,2014,3130401504.0,0,2,2,31,22,53
KHM-003398,2014,3130401706.0,3,10,13,66,75,141
KHM-003399,2014,3130506508.0,0,2,2,24,15,39
KHM-003400,2014,3130506903.0,25,19,44,610,690,1300
KHM-003401,2014,3130603705.0,12,12,24,291,266,557
KHM-003402,2014,3130709904.0,21,17,38,370,391,761
KHM-003403,2014,3130801713.0,3,3,6,109,103,212
KHM-003404,2014,3130816511.0,0,1,1,30,40,70
KHM-003405,2014,3130820901.0,19,20,39,550,568,1118
KHM-003406,2014,3130901501.0,0,1,1,23,17,40
KHM-003407,2014,3131001714.0,3,4,7,113,122,235
KHM-003408,2014,3131102711.0,5,9,14,167,180,347
KHM-003409,2014,3131204506.0,0,2,2,36,29,65
KHM-003410,2014,3131204902.0,34,24,58,414,461,875
KHM-003411,2014,3131302512.0,0,1,1,20,20,40
KHM-003412,2014,3131302708.0,10,8,18,185,228,413
KHM-003413,2014,3131404707.0,3,6,9,130,132,262
KHM-003414,2014,3131502507.0,0,2,2,24,13,37
KHM-003415,2014,3131514710.0,4,4,8,125,132,257
KHM-003416,2014,3140103707.0,6,2,8,106,129,235
KHM-003417,2014,3140202522.0,1,0,1,12,8,20
KHM-003418,2014,3140205521.0,0,1,1,14,18,32
KHM-003419,2014,3140205712.0,3,3,6,46,23,69
KHM-003420,2014,3140303514.0,0,1,1,11,22,33
KHM-003421,2014,3140304905.0,10,15,25,265,294,559
KHM-003422,2014,3140502511.0,0,2,2,43,40,83
KHM-003423,2014,3140504512.0,0,1,1,36,17,53
KHM-003424,2014,3140505513.0,0,1,1,15,10,25
KHM-003425,2014,3140508703.0,12,8,20,168,184,352
KHM-003426,2014,3140602518.0,0,1,1,17,23,40
KHM-003427,2014,3140602711.0,2,5,7,73,74,147
KHM-003428,2014,3140604516.0,0,1,1,12,8,20
KHM-003429,2014,3140701515.0,0,1,1,58,52,110
KHM-003430,2014,3140701709.0,4,4,8,106,116,222
KHM-003431,2014,3140805506.0,0,4,4,56,59,115
KHM-003432,2014,3140805903.0,16,29,45,475,533,1008
KHM-003433,2014,3140808505.0,0,2,2,28,26,54
KHM-003434,2014,3140903508.0,0,2,2,49,47,96
KHM-003435,2014,3140903901.0,39,19,58,506,511,1017
KHM-003436,2014,3140905509.0,0,1,1,46,34,80
KHM-003437,2014,3140905706.0,6,5,11,146,154,300
KHM-003438,2014,3140908520.0,0,1,1,23,22,45
KHM-003439,2014,3140912510.0,0,1,1,31,34,65
KHM-003440,2014,3141003517.0,0,1,1,26,22,48
KHM-003441,2014,3141015904.0,19,13,32,384,486,870
KHM-003442,2014,3141103902.0,19,17,36,261,255,516
KHM-003443,2014,3141104503.0,0,1,1,18,17,35
KHM-003444,2014,3141201519.0,0,1,1,31,26,57
KHM-003445,2014,3141202710.0,5,3,8,83,73,156
KHM-003446,2014,3141301504.0,0,1,1,27,17,44
KHM-003447,2014,3141301708.0,4,6,10,106,116,222
KHM-003448,2014,3141401713.0,3,1,4,65,73,138
KHM-003449,2014,3150106507.0,0,1,1,57,62,119
KHM-003450,2014,3150106704.0,1,8,9,213,219,432
KHM-003451,2014,3150304705.0,7,0,7,121,132,253
KHM-003452,2014,3150402711.0,6,1,7,77,103,180
KHM-003453,2014,3150504503.0,0,3,3,83,101,184
KHM-003454,2014,3150504903.0,21,12,33,459,512,971
KHM-003455,2014,3150601707.0,6,1,7,80,80,160
KHM-003456,2014,3150702902.0,17,12,29,357,370,727
KHM-003457,2014,3150706510.0,0,1,1,39,42,81
KHM-003458,2014,3150706712.0,3,3,6,79,103,182
KHM-003459,2014,3150802703.0,2,3,5,57,54,111
KHM-003460,2014,3150803508.0,0,1,1,38,39,77
KHM-003461,2014,3150903708.0,5,3,8,82,73,155
KHM-003462,2014,3150904505.0,0,1,1,23,27,50
KHM-003463,2014,3151002504.0,0,2,2,50,36,86
KHM-003464,2014,3151010501.0,0,2,2,28,43,71
KHM-003465,2014,3151010901.0,22,9,31,525,609,1134
KHM-003466,2014,3151015706.0,3,5,8,140,126,266
KHM-003467,2014,3151201506.0,0,3,3,66,54,120
KHM-003468,2014,3151201709.0,6,3,9,115,139,254
KHM-003469,2014,3151207509.0,0,1,1,13,16,29
KHM-003470,2014,3151302713.0,2,5,7,78,125,203
KHM-003471,2014,3151401511.0,0,2,2,55,54,109
KHM-003472,2014,3151401710.0,3,0,3,40,44,84
KHM-003473,2014,4010103705.0,6,1,7,59,100,159
KHM-003474,2014,4010201706.0,4,1,5,41,55,96
KHM-003475,2014,4010304707.0,3,4,7,34,33,67
KHM-003476,2014,4010403508.0,0,1,1,16,18,34
KHM-003477,2014,4010404503.0,0,1,1,15,15,30
KHM-003478,2014,4010405901.0,49,23,72,741,817,1558
KHM-003479,2014,4010406506.0,0,0,0,17,19,36
KHM-003480,2014,4010503710.0,3,1,4,35,30,65
KHM-003481,2014,4010603502.0,0,1,1,30,23,53
KHM-003482,2014,4010603709.0,4,2,6,59,62,121
KHM-003483,2014,4010701505.0,0,1,1,12,18,30
KHM-003484,2014,4010703504.0,0,1,1,23,18,41
KHM-003485,2014,4010707902.0,18,9,27,294,369,663
KHM-003486,2014,4010803703.0,3,6,9,129,158,287
KHM-003487,2014,4010904708.0,4,6,10,81,70,151
KHM-003488,2014,4010906507.0,0,1,1,31,29,60
KHM-003489,2014,4011003501.0,0,3,3,28,49,77
KHM-003490,2014,4011003711.0,6,8,14,177,184,361
KHM-003491,2014,4011101509.0,0,1,1,15,5,20
KHM-003492,2014,4011101704.0,7,3,10,118,126,244
KHM-003493,2014,4020102704.0,7,1,8,77,78,155
KHM-003494,2014,4020105706.0,4,3,7,88,88,176
KHM-003495,2014,4020206702.0,6,2,8,126,158,284
KHM-003496,2014,4020302705.0,4,1,5,65,70,135
KHM-003497,2014,4020401503.0,0,1,1,21,21,42
KHM-003498,2014,4020401703.0,7,1,8,100,79,179
KHM-003499,2014,4020501502.0,0,1,1,25,25,50
KHM-003500,2014,4020503501.0,0,1,1,57,48,105
KHM-003501,2014,4020503901.0,12,3,15,324,304,628
KHM-003502,2014,4030104505.0,0,1,1,20,16,36
KHM-003503,2014,4030201508.0,0,1,1,39,28,67
KHM-003504,2014,4030201901.0,98,70,168,1442,1319,2761
KHM-003505,2014,4030203502.0,0,11,11,240,199,439
KHM-003506,2014,4030301507.0,0,1,1,19,16,35
KHM-003507,2014,4030302501.0,0,5,5,102,78,180
KHM-003508,2014,4030401503.0,0,4,4,108,116,224
KHM-003509,2014,4030407504.0,0,1,1,16,9,25
KHM-003510,2014,4030408902.0,77,33,110,763,758,1521
KHM-003511,2014,4040104705.0,3,6,9,146,184,330
KHM-003512,2014,4040201505.0,0,1,1,26,36,62
KHM-003513,2014,4040201702.0,6,1,7,160,179,339
KHM-003514,2014,4040301501.0,0,2,2,37,33,70
KHM-003515,2014,4040301901.0,26,14,40,390,389,779
KHM-003516,2014,4040305709.0,3,1,4,39,46,85
KHM-003517,2014,4040501502.0,0,1,1,18,18,36
KHM-003518,2014,4040501703.0,5,0,5,84,91,175
KHM-003519,2014,4040601707.0,3,3,6,37,49,86
KHM-003520,2014,4040602503.0,0,1,1,13,17,30
KHM-003521,2014,4040701708.0,1,2,3,22,33,55
KHM-003522,2014,4040802504.0,0,1,1,13,12,25
KHM-003523,2014,4040802704.0,8,1,9,84,87,171
KHM-003524,2014,4040901706.0,4,5,9,98,124,222
KHM-003525,2014,4050104708.0,7,1,8,156,167,323
KHM-003526,2014,4050110706.0,4,3,7,125,121,246
KHM-003527,2014,4050206507.0,0,1,1,13,12,25
KHM-003528,2014,4050206709.0,5,3,8,128,164,292
KHM-003529,2014,4050305505.0,0,2,2,37,46,83
KHM-003530,2014,4050306707.0,4,7,11,106,163,269
KHM-003531,2014,4050311509.0,0,2,2,31,30,61
KHM-003532,2014,4050403504.0,0,3,3,50,53,103
KHM-003533,2014,4050403705.0,10,4,14,130,176,306
KHM-003534,2014,4050505506.0,0,1,1,23,27,50
KHM-003535,2014,4050505704.0,7,3,10,116,122,238
KHM-003536,2014,4050601903.0,64,26,90,508,576,1084
KHM-003537,2014,4050602501.0,0,4,4,112,93,205
KHM-003538,2014,4050602901.0,51,26,77,784,668,1452
KHM-003539,2014,4050703502.0,0,2,2,33,42,75
KHM-003540,2014,4050706711.0,4,3,7,66,85,151
KHM-003541,2014,4050804702.0,8,6,14,212,247,459
KHM-003542,2014,4050904902.0,21,17,38,483,506,989
KHM-003543,2014,4051002710.0,6,3,9,77,88,165
KHM-003544,2014,4060101901.0,58,44,102,834,876,1710
KHM-003545,2014,4060102505.0,0,1,1,47,38,85
KHM-003546,2014,4060201512.0,0,3,3,43,26,69
KHM-003547,2014,4060204520.0,0,1,1,11,14,25
KHM-003548,2014,4060204703.0,8,4,12,74,90,164
KHM-003549,2014,4060209524.0,0,1,1,11,10,21
KHM-003550,2014,4060305507.0,0,3,3,50,70,120
KHM-003551,2014,4060306709.0,8,8,16,128,154,282
KHM-003552,2014,4060309528.0,0,1,1,8,17,25
KHM-003553,2014,4060401518.0,0,2,2,21,33,54
KHM-003554,2014,4060406501.0,0,1,1,34,29,63
KHM-003555,2014,4060410527.0,0,0,0,9,16,25
KHM-003556,2014,4060412502.0,0,1,1,7,16,23
KHM-003557,2014,4060413503.0,0,1,1,13,19,32
KHM-003558,2014,4060413710.0,10,3,13,106,95,201
KHM-003559,2014,4060416508.0,0,1,1,12,8,20
KHM-003560,2014,4060501504.0,0,2,2,31,23,54
KHM-003561,2014,4060505708.0,10,2,12,70,88,158
KHM-003562,2014,4060601511.0,0,4,4,52,42,94
KHM-003563,2014,4060605711.0,7,7,14,127,140,267
KHM-003564,2014,4060703513.0,0,3,3,58,53,111
KHM-003565,2014,4060703704.0,8,7,15,104,124,228
KHM-003566,2014,4060707515.0,0,1,1,5,11,16
KHM-003567,2014,4060710514.0,0,2,2,25,28,53
KHM-003568,2014,4060712902.0,60,32,92,515,558,1073
KHM-003569,2014,4060806712.0,4,3,7,74,82,156
KHM-003570,2014,4060902525.0,0,1,1,25,20,45
KHM-003571,2014,4060902701.0,9,7,16,101,114,215
KHM-003572,2014,4061001506.0,0,4,4,57,45,102
KHM-003573,2014,4061001706.0,12,5,17,82,83,165
KHM-003574,2014,4061002517.0,0,1,1,43,35,78
KHM-003575,2014,4061003523.0,0,1,1,26,26,52
KHM-003576,2014,4061104519.0,0,0,0,8,27,35
KHM-003577,2014,4061104707.0,11,9,20,127,134,261
KHM-003578,2014,4061201522.0,0,1,1,28,11,39
KHM-003579,2014,4061204526.0,0,1,1,38,26,64
KHM-003580,2014,4061207509.0,0,3,3,39,46,85
KHM-003581,2014,4061207705.0,7,8,15,119,152,271
KHM-003582,2014,4061208516.0,0,1,1,7,12,19
KHM-003583,2014,4061212521.0,0,2,2,24,25,49
KHM-003584,2014,4061213510.0,0,3,3,48,62,110
KHM-003585,2014,4061307702.0,11,7,18,200,255,455
KHM-003586,2014,4070101709.0,2,4,6,117,126,243
KHM-003587,2014,4070201705.0,14,4,18,155,168,323
KHM-003588,2014,4070302502.0,1,1,2,35,28,63
KHM-003589,2014,4070302708.0,5,7,12,159,201,360
KHM-003590,2014,4070303710.0,3,1,4,32,21,53
KHM-003591,2014,4070401706.0,6,3,9,114,125,239
KHM-003592,2014,4070410711.0,4,2,6,130,111,241
KHM-003593,2014,4070508707.0,2,7,9,126,152,278
KHM-003594,2014,4070604506.0,0,0,0,25,20,45
KHM-003595,2014,4070607501.0,0,2,2,27,31,58
KHM-003596,2014,4070612504.0,0,2,2,43,34,77
KHM-003597,2014,4070612703.0,7,5,12,177,164,341
KHM-003598,2014,4070706902.0,15,4,19,389,366,755
KHM-003599,2014,4070710507.0,0,0,0,18,20,38
KHM-003600,2014,4070805505.0,0,1,1,35,41,76
KHM-003601,2014,4070805704.0,7,4,11,117,126,243
KHM-003602,2014,4070906901.0,29,15,44,404,454,858
KHM-003603,2014,4080101501.0,0,2,2,65,70,135
KHM-003604,2014,4080106701.0,7,4,11,117,158,275
KHM-003605,2014,4080204508.0,0,1,1,11,15,26
KHM-003606,2014,4080206708.0,5,4,9,105,126,231
KHM-003607,2014,4080301505.0,0,0,0,16,14,30
KHM-003608,2014,4080303706.0,9,2,11,116,145,261
KHM-003609,2014,4080307503.0,0,0,0,28,36,64
KHM-003610,2014,4080401705.0,6,0,6,79,108,187
KHM-003611,2014,4080501502.0,0,1,1,43,52,95
KHM-003612,2014,4080501707.0,6,4,10,170,154,324
KHM-003613,2014,4080504507.0,0,1,1,8,13,21
KHM-003614,2014,4080603509.0,0,1,1,14,16,30
KHM-003615,2014,4080605703.0,4,5,9,124,176,300
KHM-003616,2014,4080606709.0,4,3,7,94,86,180
KHM-003617,2014,4080612510.0,0,0,0,12,13,25
KHM-003618,2014,4080702504.0,0,1,1,20,22,42
KHM-003619,2014,4080702704.0,4,7,11,140,181,321
KHM-003620,2014,4080707901.0,21,15,36,570,628,1198
KHM-003621,2014,4080802506.0,0,0,0,12,22,34
KHM-003622,2014,5010105512.0,0,2,2,21,22,43
KHM-003623,2014,5010111516.0,0,1,1,15,15,30
KHM-003624,2014,5010121501.0,0,2,2,38,52,90
KHM-003625,2014,5010207709.0,8,1,9,110,94,204
KHM-003626,2014,5010302706.0,16,10,26,299,269,568
KHM-003627,2014,5010605515.0,0,2,2,27,53,80
KHM-003628,2014,5010605704.0,10,6,16,219,232,451
KHM-003629,2014,5010613517.0,0,0,0,12,13,25
KHM-003630,2014,5010705506.0,0,2,2,36,20,56
KHM-003631,2014,5010711507.0,0,2,2,40,35,75
KHM-003632,2014,5010711902.0,27,8,35,709,659,1368
KHM-003633,2014,5010715502.0,0,1,1,20,15,35
KHM-003634,2014,5010716513.0,0,1,1,17,18,35
KHM-003635,2014,5010801503.0,0,1,1,14,13,27
KHM-003636,2014,5010809504.0,0,2,2,20,34,54
KHM-003637,2014,5010809708.0,8,2,10,104,117,221
KHM-003638,2014,5010909514.0,0,1,1,17,9,26
KHM-003639,2014,5010915901.0,31,9,40,792,654,1446
KHM-003640,2014,5011109511.0,0,1,1,24,24,48
KHM-003641,2014,5011115703.0,14,2,16,158,123,281
KHM-003642,2014,5011211705.0,17,2,19,302,313,615
KHM-003643,2014,5011310707.0,11,3,14,225,152,377
KHM-003644,2014,5011402903.0,29,12,41,633,523,1156
KHM-003645,2014,5011502509.0,0,0,0,6,26,32
KHM-003646,2014,5011502711.0,6,11,17,151,176,327
KHM-003647,2014,5020101506.0,0,1,1,5,6,11
KHM-003648,2014,5020104510.0,0,2,2,38,42,80
KHM-003649,2014,5020109701.0,23,26,49,275,304,579
KHM-003650,2014,5020110501.0,0,2,2,18,26,44
KHM-003651,2014,5020113502.0,0,2,2,31,45,76
KHM-003652,2014,5020207511.0,0,1,1,31,29,60
KHM-003653,2014,5020302901.0,37,8,45,440,456,896
KHM-003654,2014,5020307902.0,36,13,49,961,867,1828
KHM-003655,2014,5020308504.0,0,5,5,131,104,235
KHM-003656,2014,5020311508.0,0,1,1,24,33,57
KHM-003657,2014,5020312507.0,0,1,1,26,26,52
KHM-003658,2014,5020401702.0,21,25,46,436,375,811
KHM-003659,2014,5020409503.0,0,6,6,120,130,250
KHM-003660,2014,5020503509.0,0,1,1,40,35,75
KHM-003661,2014,5020503703.0,12,14,26,320,216,536
KHM-003662,2014,5020505505.0,0,4,4,87,92,179
KHM-003663,2014,5020509512.0,0,2,2,33,20,53
KHM-003664,2014,5030106524.0,0,1,1,32,34,66
KHM-003665,2014,5030106712.0,7,1,8,68,88,156
KHM-003666,2014,5030205519.0,0,1,1,20,28,48
KHM-003667,2014,5030213701.0,11,4,15,158,134,292
KHM-003668,2014,5030215508.0,0,1,1,30,20,50
KHM-003669,2014,5030217515.0,0,1,1,28,18,46
KHM-003670,2014,5030218511.0,1,0,1,17,23,40
KHM-003671,2014,5030219501.0,0,2,2,24,16,40
KHM-003672,2014,5030219901.0,29,5,34,298,237,535
KHM-003673,2014,5030303702.0,8,5,13,175,159,334
KHM-003674,2014,5030318502.0,0,1,1,11,12,23
KHM-003675,2014,5030412711.0,10,2,12,110,119,229
KHM-003676,2014,5030503514.0,0,3,3,56,62,118
KHM-003677,2014,5030503703.0,13,5,18,226,229,455
KHM-003678,2014,5030505516.0,0,2,2,20,35,55
KHM-003679,2014,5030607503.0,0,2,2,36,36,72
KHM-003680,2014,5030610513.0,0,1,1,14,17,31
KHM-003681,2014,5030610902.0,24,5,29,477,367,844
KHM-003682,2014,5030611522.0,0,1,1,23,28,51
KHM-003683,2014,5030616706.0,9,2,11,129,93,222
KHM-003684,2014,5030627704.0,28,11,39,448,363,811
KHM-003685,2014,5030708709.0,9,3,12,83,60,143
KHM-003686,2014,5030804504.0,0,1,1,17,20,37
KHM-003687,2014,5030810505.0,0,2,2,24,30,54
KHM-003688,2014,5030916520.0,0,1,1,63,66,129
KHM-003689,2014,5030916904.0,29,7,36,612,486,1098
KHM-003690,2014,5031005509.0,0,1,1,20,15,35
KHM-003691,2014,5031006713.0,10,1,11,77,72,149
KHM-003692,2014,5031114707.0,10,4,14,149,117,266
KHM-003693,2014,5031116510.0,0,1,1,29,41,70
KHM-003694,2014,5031201710.0,9,3,12,128,149,277
KHM-003695,2014,5031202512.0,0,1,1,27,34,61
KHM-003696,2014,5031204506.0,0,2,2,34,36,70
KHM-003697,2014,5031301521.0,0,1,1,30,22,52
KHM-003698,2014,5031301903.0,27,9,36,327,222,549
KHM-003699,2014,5031314507.0,0,1,1,10,26,36
KHM-003700,2014,5031321518.0,0,1,1,18,18,36
KHM-003701,2014,5040101703.0,5,6,11,50,59,109
KHM-003702,2014,5040303502.0,0,1,1,18,17,35
KHM-003703,2014,5040313702.0,7,3,10,113,137,250
KHM-003704,2014,5040321704.0,3,2,5,38,70,108
KHM-003705,2014,5040404706.0,5,2,7,49,70,119
KHM-003706,2014,5040409705.0,5,3,8,16,47,63
KHM-003707,2014,5040506501.0,0,1,1,19,36,55
KHM-003708,2014,5040506901.0,13,7,20,186,235,421
KHM-003709,2014,5050110713.0,6,4,10,106,98,204
KHM-003710,2014,5050207508.0,0,0,0,19,63,82
KHM-003711,2014,5050207701.0,11,6,17,244,180,424
KHM-003712,2014,5050301710.0,9,2,11,85,107,192
KHM-003713,2014,5050412505.0,0,1,1,12,18,30
KHM-003714,2014,5050412903.0,22,14,36,565,518,1083
KHM-003715,2014,5050501501.0,0,2,2,28,28,56
KHM-003716,2014,5050515511.0,0,1,1,32,28,60
KHM-003717,2014,5050524902.0,47,19,66,806,744,1550
KHM-003718,2014,5050525502.0,0,1,1,37,33,70
KHM-003719,2014,5050605712.0,7,3,10,110,88,198
KHM-003720,2014,5050703513.0,0,1,1,14,9,23
KHM-003721,2014,5050715709.0,7,4,11,94,124,218
KHM-003722,2014,5050805715.0,11,3,14,146,174,320
KHM-003723,2014,5050913714.0,6,5,11,92,102,194
KHM-003724,2014,5051006509.0,0,1,1,15,18,33
KHM-003725,2014,5051017510.0,0,1,1,15,18,33
KHM-003726,2014,5051017904.0,21,16,37,588,584,1172
KHM-003727,2014,5051027506.0,0,1,1,16,19,35
KHM-003728,2014,5051101504.0,0,0,0,66,103,169
KHM-003729,2014,5051109901.0,37,19,56,636,565,1201
KHM-003730,2014,5051214708.0,13,3,16,202,188,390
KHM-003731,2014,5051316711.0,6,2,8,89,82,171
KHM-003732,2014,5051411707.0,6,6,12,120,96,216
KHM-003733,2014,5051505503.0,0,1,1,18,14,32
KHM-003734,2014,5051518507.0,0,2,2,39,39,78
KHM-003735,2014,5051518703.0,11,6,17,281,251,532
KHM-003736,2014,5060102713.0,3,4,7,53,62,115
KHM-003737,2014,5060203710.0,4,3,7,81,86,167
KHM-003738,2014,5060303704.0,15,2,17,225,215,440
KHM-003739,2014,5060403709.0,7,5,12,100,108,208
KHM-003740,2014,5060502705.0,6,2,8,154,95,249
KHM-003741,2014,5060601511.0,0,1,1,10,12,22
KHM-003742,2014,5060602509.0,0,1,1,11,16,27
KHM-003743,2014,5060605505.0,0,2,2,40,47,87
KHM-003744,2014,5060624508.0,0,1,1,19,18,37
KHM-003745,2014,5060624701.0,19,4,23,199,139,338
KHM-003746,2014,5060704512.0,0,1,1,21,22,43
KHM-003747,2014,5060708502.0,0,1,1,22,29,51
KHM-003748,2014,5060807707.0,4,7,11,55,58,113
KHM-003749,2014,5060908706.0,9,3,12,65,69,134
KHM-003750,2014,5061008708.0,5,2,7,73,88,161
KHM-003751,2014,5061107506.0,0,1,1,21,24,45
KHM-003752,2014,5061107714.0,8,1,9,88,78,166
KHM-003753,2014,5061109503.0,0,1,1,34,32,66
KHM-003754,2014,5061109901.0,41,25,66,937,849,1786
KHM-003755,2014,5061203507.0,0,1,1,14,19,33
KHM-003756,2014,5061204510.0,0,0,0,11,16,27
KHM-003757,2014,5061205902.0,17,13,30,488,401,889
KHM-003758,2014,5061207711.0,4,3,7,52,63,115
KHM-003759,2014,5061209715.0,5,3,8,104,69,173
KHM-003760,2014,5070108707.0,13,4,17,152,122,274
KHM-003761,2014,5070209903.0,25,15,40,502,468,970
KHM-003762,2014,5070211518.0,0,2,2,29,31,60
KHM-003763,2014,5070313708.0,6,3,9,93,84,177
KHM-003764,2014,5070504501.0,0,4,4,60,66,126
KHM-003765,2014,5070504706.0,10,9,19,155,126,281
KHM-003766,2014,5070506502.0,0,1,1,26,21,47
KHM-003767,2014,5070510503.0,0,3,3,40,37,77
KHM-003768,2014,5070514504.0,0,3,3,34,38,72
KHM-003769,2014,5070517513.0,0,2,2,23,18,41
KHM-003770,2014,5070618510.0,0,2,2,40,38,78
KHM-003771,2014,5070618702.0,24,8,32,396,368,764
KHM-003772,2014,5070702705.0,10,6,16,101,112,213
KHM-003773,2014,5070704517.0,0,1,1,17,23,40
KHM-003774,2014,5070704711.0,10,8,18,155,119,274
KHM-003775,2014,5070809710.0,9,3,12,178,161,339
KHM-003776,2014,5070913712.0,2,6,8,114,95,209
KHM-003777,2014,5071008505.0,0,2,2,30,24,54
KHM-003778,2014,5071012514.0,0,2,2,32,23,55
KHM-003779,2014,5071013703.0,22,6,28,306,293,599
KHM-003780,2014,5071020521.0,0,1,1,25,22,47
KHM-003781,2014,5071109511.0,0,1,1,20,20,40
KHM-003782,2014,5071109704.0,12,2,14,108,128,236
KHM-003783,2014,5071210709.0,15,2,17,114,116,230
KHM-003784,2014,5071304512.0,0,1,1,19,24,43
KHM-003785,2014,5071308506.0,0,2,2,30,35,65
KHM-003786,2014,5071311520.0,0,1,1,15,25,40
KHM-003787,2014,5071320515.0,0,2,2,41,39,80
KHM-003788,2014,5071320902.0,35,17,52,759,521,1280
KHM-003789,2014,5071404713.0,7,5,12,52,59,111
KHM-003790,2014,5071501507.0,0,3,3,63,70,133
KHM-003791,2014,5071501901.0,46,31,77,775,646,1421
KHM-003792,2014,5071502508.0,0,3,3,67,62,129
KHM-003793,2014,5071517509.0,1,3,4,50,50,100
KHM-003794,2014,5071522516.0,0,1,1,14,6,20
KHM-003795,2014,5080105704.0,12,4,16,206,201,407
KHM-003796,2014,5080202501.0,0,1,1,8,16,24
KHM-003797,2014,5080202902.0,32,10,42,520,491,1011
KHM-003798,2014,5080410502.0,0,2,2,39,26,65
KHM-003799,2014,5080410901.0,16,9,25,444,366,810
KHM-003800,2014,5080504706.0,6,4,10,145,163,308
KHM-003801,2014,5080507504.0,0,1,1,22,15,37
KHM-003802,2014,5080606705.0,6,3,9,66,60,126
KHM-003803,2014,5080710503.0,0,3,3,32,30,62
KHM-003804,2014,5080805703.0,9,5,14,142,185,327
KHM-003805,2014,6010101713.0,3,4,7,81,108,189
KHM-003806,2014,6010201504.0,0,5,5,70,74,144
KHM-003807,2014,6010201511.0,0,2,2,30,26,56
KHM-003808,2014,6010207714.0,2,8,10,81,98,179
KHM-003809,2014,6010212508.0,0,2,2,30,33,63
KHM-003810,2014,6010212902.0,40,30,70,575,686,1261
KHM-003811,2014,6010301514.0,0,1,1,13,11,24
KHM-003812,2014,6010302506.0,0,2,2,15,25,40
KHM-003813,2014,6010306513.0,0,2,2,15,13,28
KHM-003814,2014,6010308904.0,27,27,54,528,657,1185
KHM-003815,2014,6010401712.0,7,3,10,177,154,331
KHM-003816,2014,6010501519.0,0,1,1,22,24,46
KHM-003817,2014,6010506711.0,5,7,12,166,191,357
KHM-003818,2014,6010604501.0,0,3,3,20,27,47
KHM-003819,2014,6010606520.0,0,1,1,34,36,70
KHM-003820,2014,6010606906.0,14,11,25,303,336,639
KHM-003821,2014,6010701510.0,0,1,1,17,19,36
KHM-003822,2014,6010701704.0,5,8,13,161,223,384
KHM-003823,2014,6010801705.0,9,6,15,198,249,447
KHM-003824,2014,6010807515.0,0,1,1,18,19,37
KHM-003825,2014,6010909518.0,0,2,2,76,92,168
KHM-003826,2014,6010909717.0,5,6,11,133,151,284
KHM-003827,2014,6011002715.0,5,1,6,77,92,169
KHM-003828,2014,6011005524.0,0,1,1,17,10,27
KHM-003829,2014,6011101509.0,0,4,4,55,52,107
KHM-003830,2014,6011101905.0,15,10,25,484,642,1126
KHM-003831,2014,6011207706.0,5,7,12,86,124,210
KHM-003832,2014,6011303707.0,6,10,16,171,191,362
KHM-003833,2014,6011307502.0,0,2,2,63,52,115
KHM-003834,2014,6011409507.0,0,3,3,34,41,75
KHM-003835,2014,6011409903.0,28,25,53,538,525,1063
KHM-003836,2014,6011514710.0,8,4,12,178,201,379
KHM-003837,2014,6011604716.0,0,0,0,112,109,221
KHM-003838,2014,6011701505.0,0,4,4,51,49,100
KHM-003839,2014,6011701708.0,5,7,12,78,91,169
KHM-003840,2014,6011805512.0,0,1,1,8,2,10
KHM-003841,2014,6011819901.0,42,9,51,762,822,1584
KHM-003842,2014,6011823517.0,0,2,2,16,16,32
KHM-003843,2014,6020104708.0,4,6,10,96,185,281
KHM-003844,2014,6020202712.0,2,4,6,51,56,107
KHM-003845,2014,6020302709.0,4,2,6,47,47,94
KHM-003846,2014,6020402501.0,0,3,3,37,58,95
KHM-003847,2014,6020402902.0,21,16,37,491,530,1021
KHM-003848,2014,6020404504.0,0,2,2,32,26,58
KHM-003849,2014,6020407704.0,7,6,13,126,136,262
KHM-003850,2014,6020503711.0,4,5,9,92,112,204
KHM-003851,2014,6020505512.0,0,1,1,11,7,18
KHM-003852,2014,6020602710.0,7,0,7,31,41,72
KHM-003853,2014,6020711505.0,0,3,3,54,71,125
KHM-003854,2014,6020712705.0,6,6,12,140,200,340
KHM-003855,2014,6020713703.0,5,6,11,95,115,210
KHM-003856,2014,6020808507.0,0,1,1,37,24,61
KHM-003857,2014,6020810901.0,22,12,34,531,473,1004
KHM-003858,2014,6020901503.0,0,1,1,54,51,105
KHM-003859,2014,6020901707.0,5,6,11,98,84,182
KHM-003860,2014,6020906502.0,0,1,1,28,32,60
KHM-003861,2014,6020909506.0,0,4,4,88,91,179
KHM-003862,2014,6020909706.0,15,2,17,128,172,300
KHM-003863,2014,6020911508.0,0,1,1,15,15,30
KHM-003864,2014,6021001509.0,0,1,1,18,12,30
KHM-003865,2014,6021003713.0,6,5,11,73,99,172
KHM-003866,2014,6021105510.0,0,4,4,34,37,71
KHM-003867,2014,6021105714.0,3,5,8,90,105,195
KHM-003868,2014,6030101501.0,0,4,4,48,43,91
KHM-003869,2014,6030102902.0,46,35,81,573,650,1223
KHM-003870,2014,6030103502.0,0,2,2,12,8,20
KHM-003871,2014,6030104705.0,9,5,14,120,124,244
KHM-003872,2014,6030201512.0,0,2,2,8,13,21
KHM-003873,2014,6030201704.0,9,10,19,124,115,239
KHM-003874,2014,6030202510.0,0,8,8,192,206,398
KHM-003875,2014,6030301521.0,0,1,1,9,7,16
KHM-003876,2014,6030302710.0,4,6,10,58,55,113
KHM-003877,2014,6030401511.0,0,2,2,21,23,44
KHM-003878,2014,6030401703.0,6,5,11,91,86,177
KHM-003879,2014,6030402520.0,0,0,0,30,35,65
KHM-003880,2014,6030403519.0,0,2,2,13,11,24
KHM-003881,2014,6030601522.0,0,1,1,20,11,31
KHM-003882,2014,6030601709.0,7,5,12,51,61,112
KHM-003883,2014,6030602504.0,0,2,2,16,12,28
KHM-003884,2014,6030603507.0,0,1,1,3,5,8
KHM-003885,2014,6030802503.0,0,3,3,34,36,70
KHM-003886,2014,6030803708.0,5,4,9,59,77,136
KHM-003887,2014,6030901514.0,0,2,2,11,14,25
KHM-003888,2014,6030902509.0,0,8,8,67,89,156
KHM-003889,2014,6030902901.0,57,61,118,1244,1198,2442
KHM-003890,2014,6031006508.0,0,5,5,51,61,112
KHM-003891,2014,6031007516.0,0,2,2,32,23,55
KHM-003892,2014,6031009517.0,0,2,2,19,24,43
KHM-003893,2014,6031009903.0,33,27,60,500,540,1040
KHM-003894,2014,6031011515.0,0,1,1,7,21,28
KHM-003895,2014,6040101705.0,4,4,8,76,108,184
KHM-003896,2014,6040203501.0,1,1,2,38,42,80
KHM-003897,2014,6040203902.0,12,6,18,185,224,409
KHM-003898,2014,6040303706.0,4,2,6,62,104,166
KHM-003899,2014,6040401504.0,0,1,1,19,24,43
KHM-003900,2014,6040401707.0,4,2,6,110,146,256
KHM-003901,2014,6040502709.0,4,2,6,45,41,86
KHM-003902,2014,6040507503.0,0,1,1,36,54,90
KHM-003903,2014,6040507901.0,16,5,21,332,306,638
KHM-003904,2014,6040602708.0,6,0,6,32,48,80
KHM-003905,2014,6040701502.0,0,2,2,33,32,65
KHM-003906,2014,6040702703.0,5,3,8,129,170,299
KHM-003907,2014,6050106502.0,0,1,1,16,15,31
KHM-003908,2014,6050106702.0,8,5,13,112,94,206
KHM-003909,2014,6050108510.0,0,1,1,18,12,30
KHM-003910,2014,6050111511.0,0,1,1,17,17,34
KHM-003911,2014,6050111902.0,16,12,28,210,275,485
KHM-003912,2014,6050202503.0,0,1,1,12,13,25
KHM-003913,2014,6050202706.0,5,2,7,48,65,113
KHM-003914,2014,6050204514.0,0,1,1,4,6,10
KHM-003915,2014,6050301501.0,1,1,2,36,35,71
KHM-003916,2014,6050301701.0,23,14,37,200,282,482
KHM-003917,2014,6050302506.0,0,1,1,10,15,25
KHM-003918,2014,6050302901.0,68,31,99,444,414,858
KHM-003919,2014,6050315508.0,0,1,1,33,25,58
KHM-003920,2014,6050315704.0,6,4,10,90,94,184
KHM-003921,2014,6050406512.0,0,1,1,8,10,18
KHM-003922,2014,6050407509.0,0,1,1,11,19,30
KHM-003923,2014,6050407707.0,4,2,6,36,65,101
KHM-003924,2014,6050501516.0,0,0,0,14,10,24
KHM-003925,2014,6050502705.0,6,4,10,160,173,333
KHM-003926,2014,6050507505.0,0,2,2,31,34,65
KHM-003927,2014,6050508504.0,0,1,1,8,9,17
KHM-003928,2014,6060101502.0,0,1,1,15,15,30
KHM-003929,2014,6060103503.0,0,2,2,21,30,51
KHM-003930,2014,6060103703.0,7,5,12,106,150,256
KHM-003931,2014,6060203706.0,6,1,7,16,15,31
KHM-003932,2014,6060302705.0,6,2,8,30,38,68
KHM-003933,2014,6060406507.0,0,1,1,7,17,24
KHM-003934,2014,6060408709.0,6,1,7,76,74,150
KHM-003935,2014,6060503702.0,8,4,12,149,157,306
KHM-003936,2014,6060612506.0,0,1,1,13,12,25
KHM-003937,2014,6060612704.0,6,3,9,95,106,201
KHM-003938,2014,6060710501.0,0,5,5,73,52,125
KHM-003939,2014,6060710901.0,30,9,39,422,405,827
KHM-003940,2014,6060802708.0,2,0,2,18,18,36
KHM-003941,2014,6060908504.0,0,1,1,10,15,25
KHM-003942,2014,6060908505.0,0,1,1,15,10,25
KHM-003943,2014,6060908707.0,9,2,11,73,66,139
KHM-003944,2014,6070101707.0,4,3,7,104,128,232
KHM-003945,2014,6070203709.0,4,4,8,111,104,215
KHM-003946,2014,6070301515.0,0,1,1,10,12,22
KHM-003947,2014,6070302902.0,24,44,68,467,449,916
KHM-003948,2014,6070303510.0,0,1,1,6,9,15
KHM-003949,2014,6070304505.0,0,2,2,56,61,117
KHM-003950,2014,6070307506.0,0,2,2,29,26,55
KHM-003951,2014,6070309508.0,0,1,1,12,6,18
KHM-003952,2014,6070405903.0,15,11,26,295,421,716
KHM-003953,2014,6070408516.0,0,1,1,21,19,40
KHM-003954,2014,6070501705.0,0,0,0,85,120,205
KHM-003955,2014,6070601502.0,0,1,1,15,23,38
KHM-003956,2014,6070602704.0,6,7,13,97,117,214
KHM-003957,2014,6070702503.0,0,2,2,47,29,76
KHM-003958,2014,6070703512.0,0,1,1,11,14,25
KHM-003959,2014,6070705509.0,0,1,1,15,25,40
KHM-003960,2014,6070705708.0,8,5,13,135,139,274
KHM-003961,2014,6070709504.0,0,2,2,18,27,45
KHM-003962,2014,6070804513.0,0,1,1,17,18,35
KHM-003963,2014,6070806511.0,0,1,1,12,11,23
KHM-003964,2014,6070807901.0,31,27,58,761,681,1442
KHM-003965,2014,6070810507.0,0,1,1,13,17,30
KHM-003966,2014,6070811501.0,0,4,4,49,68,117
KHM-003967,2014,6070901514.0,0,0,0,9,6,15
KHM-003968,2014,6070901706.0,1,6,7,89,144,233
KHM-003969,2014,6071004517.0,0,1,1,13,18,31
KHM-003970,2014,6071004710.0,9,7,16,118,133,251
KHM-003971,2014,6080103519.0,0,1,1,13,10,23
KHM-003972,2014,6080103708.0,5,2,7,111,103,214
KHM-003973,2014,6080112516.0,0,1,1,16,19,35
KHM-003974,2014,6080201705.0,2,6,8,132,141,273
KHM-003975,2014,6080202506.0,0,1,1,38,37,75
KHM-003976,2014,6080203512.0,0,1,1,20,10,30
KHM-003977,2014,6080302517.0,0,1,1,10,19,29
KHM-003978,2014,6080303514.0,0,1,1,18,9,27
KHM-003979,2014,6080304711.0,4,5,9,98,114,212
KHM-003980,2014,6080305523.0,0,4,4,16,11,27
KHM-003981,2014,6080306525.0,0,0,0,14,21,35
KHM-003982,2014,6080309515.0,0,1,1,24,25,49
KHM-003983,2014,6080401509.0,0,1,1,12,22,34
KHM-003984,2014,6080402526.0,0,1,1,12,13,25
KHM-003985,2014,6080402706.0,3,5,8,54,51,105
KHM-003986,2014,6080406511.0,0,2,2,44,36,80
KHM-003987,2014,6080501507.0,0,1,1,20,20,40
KHM-003988,2014,6080502502.0,0,4,4,119,108,227
KHM-003989,2014,6080504510.0,0,1,1,13,20,33
KHM-003990,2014,6080504707.0,4,4,8,92,101,193
KHM-003991,2014,6080605703.0,4,3,7,65,81,146
KHM-003992,2014,6080801709.0,4,1,5,46,60,106
KHM-003993,2014,6080802520.0,1,0,1,15,10,25
KHM-003994,2014,6080908513.0,0,1,1,9,11,20
KHM-003995,2014,6080911903.0,13,7,20,269,250,519
KHM-003996,2014,6081004710.0,4,3,7,64,76,140
KHM-003997,2014,6081105902.0,11,3,14,196,234,430
KHM-003998,2014,6081202505.0,0,2,2,43,45,88
KHM-003999,2014,6081217704.0,5,6,11,153,125,278
KHM-004000,2014,6081301503.0,0,1,1,37,45,82
KHM-004001,2014,6081305901.0,25,20,45,645,595,1240
KHM-004002,2014,6081308524.0,0,1,1,11,7,18
KHM-004003,2014,6081311508.0,0,1,1,10,15,25
KHM-004004,2014,6081312504.0,0,1,1,32,38,70
KHM-004005,2014,7010101501.0,0,3,3,43,32,75
KHM-004006,2014,7010101707.0,9,15,24,145,144,289
KHM-004007,2014,7010201502.0,0,2,2,39,17,56
KHM-004008,2014,7010201903.0,19,18,37,352,323,675
KHM-004009,2014,7010206503.0,1,1,2,12,18,30
KHM-004010,2014,7010302530.0,0,1,1,14,22,36
KHM-004011,2014,7010303504.0,0,1,1,25,20,45
KHM-004012,2014,7010306505.0,0,2,2,17,36,53
KHM-004013,2014,7010307708.0,6,6,12,62,79,141
KHM-004014,2014,7010401506.0,0,2,2,32,28,60
KHM-004015,2014,7010401709.0,9,7,16,97,112,209
KHM-004016,2014,7010405536.0,0,1,1,11,9,20
KHM-004017,2014,7010406904.0,19,12,31,353,321,674
KHM-004018,2014,7010407507.0,0,2,2,26,24,50
KHM-004019,2014,7010410537.0,0,1,1,18,11,29
KHM-004020,2014,7010502508.0,0,1,1,13,16,29
KHM-004021,2014,7010504509.0,0,1,1,22,8,30
KHM-004022,2014,7010504710.0,5,10,15,95,95,190
KHM-004023,2014,7010505510.0,0,1,1,13,15,28
KHM-004024,2014,7010603532.0,0,1,1,20,18,38
KHM-004025,2014,7010603713.0,7,3,10,52,54,106
KHM-004026,2014,7010701511.0,0,1,1,15,15,30
KHM-004027,2014,7010701703.0,11,9,20,115,106,221
KHM-004028,2014,7010704512.0,0,0,0,23,17,40
KHM-004029,2014,7010705535.0,0,1,1,14,13,27
KHM-004030,2014,7010801533.0,0,1,1,10,10,20
KHM-004031,2014,7010801712.0,2,8,10,56,61,117
KHM-004032,2014,7010803514.0,0,1,1,9,9,18
KHM-004033,2014,7010806516.0,0,1,1,10,10,20
KHM-004034,2014,7010807517.0,0,1,1,5,10,15
KHM-004035,2014,7010809518.0,0,1,1,9,7,16
KHM-004036,2014,7010901519.0,0,1,1,18,18,36
KHM-004037,2014,7010901711.0,5,8,13,99,76,175
KHM-004038,2014,7011001521.0,0,1,1,13,17,30
KHM-004039,2014,7011002522.0,0,3,3,45,34,79
KHM-004040,2014,7011002902.0,44,24,68,607,560,1167
KHM-004041,2014,7011005523.0,0,2,2,33,43,76
KHM-004042,2014,7011005706.0,15,9,24,244,203,447
KHM-004043,2014,7011007524.0,0,1,1,17,14,31
KHM-004044,2014,7011101525.0,0,1,1,23,25,48
KHM-004045,2014,7011103526.0,0,1,1,11,5,16
KHM-004046,2014,7011105527.0,0,1,1,7,7,14
KHM-004047,2014,7011107528.0,0,4,4,42,40,82
KHM-004048,2014,7011107529.0,0,1,1,20,15,35
KHM-004049,2014,7011107705.0,21,30,51,430,409,839
KHM-004050,2014,7011107901.0,28,14,42,353,383,736
KHM-004051,2014,7020101528.0,0,1,1,17,18,35
KHM-004052,2014,7020104522.0,0,1,1,24,22,46
KHM-004053,2014,7020107708.0,4,4,8,25,32,57
KHM-004054,2014,7020201501.0,0,1,1,9,6,15
KHM-004055,2014,7020203502.0,0,1,1,10,15,25
KHM-004056,2014,7020203903.0,32,18,50,681,597,1278
KHM-004057,2014,7020204525.0,0,1,1,10,11,21
KHM-004058,2014,7020206503.0,0,1,1,24,16,40
KHM-004059,2014,7020303713.0,6,3,9,99,86,185
KHM-004060,2014,7020306504.0,0,2,2,30,20,50
KHM-004061,2014,7020403521.0,0,1,1,13,12,25
KHM-004062,2014,7020404505.0,0,1,1,10,15,25
KHM-004063,2014,7020404707.0,9,5,14,153,123,276
KHM-004064,2014,7020406506.0,0,2,2,27,14,41
KHM-004065,2014,7020501507.0,0,2,2,17,14,31
KHM-004066,2014,7020503508.0,0,3,3,18,16,34
KHM-004067,2014,7020504509.0,0,4,4,33,31,64
KHM-004068,2014,7020504902.0,38,26,64,611,493,1104
KHM-004069,2014,7020601526.0,0,1,1,15,15,30
KHM-004070,2014,7020601705.0,6,7,13,134,105,239
KHM-004071,2014,7020603529.0,0,1,1,12,8,20
KHM-004072,2014,7020702510.0,0,1,1,13,17,30
KHM-004073,2014,7020702710.0,5,5,10,86,96,182
KHM-004074,2014,7020801712.0,8,4,12,93,93,186
KHM-004075,2014,7020902703.0,9,4,13,130,122,252
KHM-004076,2014,7021001511.0,0,2,2,29,34,63
KHM-004077,2014,7021001714.0,5,4,9,74,56,130
KHM-004078,2014,7021102512.0,0,2,2,27,26,53
KHM-004079,2014,7021102704.0,8,6,14,76,97,173
KHM-004080,2014,7021104513.0,0,1,1,10,9,19
KHM-004081,2014,7021105524.0,0,1,1,11,8,19
KHM-004082,2014,7021201514.0,0,1,1,12,10,22
KHM-004083,2014,7021204515.0,0,1,1,27,23,50
KHM-004084,2014,7021204709.0,10,2,12,156,130,286
KHM-004085,2014,7021301516.0,0,1,1,13,13,26
KHM-004086,2014,7021301901.0,31,33,64,787,726,1513
KHM-004087,2014,7021308517.0,0,3,3,68,52,120
KHM-004088,2014,7021401518.0,0,1,1,13,17,30
KHM-004089,2014,7021404519.0,0,2,2,24,28,52
KHM-004090,2014,7021404706.0,9,5,14,146,136,282
KHM-004091,2014,7021405527.0,0,1,1,13,12,25
KHM-004092,2014,7021501520.0,0,1,1,15,14,29
KHM-004093,2014,7021503530.0,0,1,1,6,9,15
KHM-004094,2014,7021505523.0,0,2,2,31,35,66
KHM-004095,2014,7021505711.0,6,4,10,115,91,206
KHM-004096,2014,7030105502.0,0,2,2,35,26,61
KHM-004097,2014,7030105902.0,15,16,31,515,490,1005
KHM-004098,2014,7030302517.0,0,1,1,16,16,32
KHM-004099,2014,7030302708.0,6,4,10,106,118,224
KHM-004100,2014,7030303522.0,0,1,1,9,8,17
KHM-004101,2014,7030304503.0,0,1,1,21,28,49
KHM-004102,2014,7030402504.0,0,2,2,11,12,23
KHM-004103,2014,7030402506.0,0,2,2,22,18,40
KHM-004104,2014,7030402711.0,7,7,14,124,108,232
KHM-004105,2014,7030404507.0,0,1,1,11,14,25
KHM-004106,2014,7030501527.0,0,1,1,15,23,38
KHM-004107,2014,7030501706.0,8,3,11,128,122,250
KHM-004108,2014,7030601523.0,0,1,1,0,11,11
KHM-004109,2014,7030602520.0,0,1,1,14,6,20
KHM-004110,2014,7030603515.0,0,1,1,11,19,30
KHM-004111,2014,7030604508.0,0,1,1,25,21,46
KHM-004112,2014,7030604713.0,4,2,6,98,72,170
KHM-004113,2014,7030704701.0,15,9,24,300,264,564
KHM-004114,2014,7030706518.0,0,1,1,23,22,45
KHM-004115,2014,7030801704.0,8,3,11,130,151,281
KHM-004116,2014,7031003712.0,4,3,7,41,65,106
KHM-004117,2014,7031102513.0,0,1,1,16,19,35
KHM-004118,2014,7031102702.0,10,7,17,155,145,300
KHM-004119,2014,7031201501.0,0,3,3,34,36,70
KHM-004120,2014,7031201509.0,0,2,2,28,18,46
KHM-004121,2014,7031202510.0,0,1,1,11,10,21
KHM-004122,2014,7031203511.0,1,0,1,22,17,39
KHM-004123,2014,7031204901.0,61,34,95,1095,1051,2146
KHM-004124,2014,7031302709.0,6,2,8,133,128,261
KHM-004125,2014,7031401505.0,0,0,0,19,23,42
KHM-004126,2014,7031401707.0,5,6,11,63,88,151
KHM-004127,2014,7031402516.0,0,0,0,13,7,20
KHM-004128,2014,7031403512.0,0,0,0,25,31,56
KHM-004129,2014,7031501705.0,9,2,11,131,174,305
KHM-004130,2014,7031601710.0,7,1,8,114,114,228
KHM-004131,2014,7031602526.0,1,0,1,9,11,20
KHM-004132,2014,7031701519.0,0,2,2,25,59,84
KHM-004133,2014,7031701903.0,18,4,22,211,185,396
KHM-004134,2014,7031702521.0,0,0,0,16,14,30
KHM-004135,2014,7040104509.0,0,1,1,30,25,55
KHM-004136,2014,7040104706.0,6,5,11,169,188,357
KHM-004137,2014,7040203504.0,0,1,1,16,14,30
KHM-004138,2014,7040203704.0,8,5,13,140,159,299
KHM-004139,2014,7040304506.0,0,1,1,11,14,25
KHM-004140,2014,7040304705.0,4,6,10,156,113,269
KHM-004141,2014,7040401708.0,7,1,8,121,116,237
KHM-004142,2014,7040402507.0,1,0,1,7,10,17
KHM-004143,2014,7040504505.0,0,2,2,21,19,40
KHM-004144,2014,7040504707.0,6,2,8,115,95,210
KHM-004145,2014,7040601501.0,0,1,1,17,18,35
KHM-004146,2014,7040601703.0,11,1,12,115,138,253
KHM-004147,2014,7040603502.0,0,1,1,8,12,20
KHM-004148,2014,7040701508.0,0,1,1,2,8,10
KHM-004149,2014,7040701901.0,36,17,53,592,731,1323
KHM-004150,2014,7040703503.0,0,2,2,15,21,36
KHM-004151,2014,7050101708.0,6,1,7,41,35,76
KHM-004152,2014,7050201501.0,0,1,1,18,21,39
KHM-004153,2014,7050201901.0,39,17,56,949,852,1801
KHM-004154,2014,7050203503.0,0,1,1,16,14,30
KHM-004155,2014,7050210506.0,0,1,1,15,20,35
KHM-004156,2014,7050305706.0,6,3,9,89,85,174
KHM-004157,2014,7050404704.0,6,7,13,160,139,299
KHM-004158,2014,7050501709.0,6,3,9,100,102,202
KHM-004159,2014,7050503507.0,0,1,1,15,13,28
KHM-004160,2014,7050602508.0,0,1,1,13,17,30
KHM-004161,2014,7050602509.0,0,1,1,18,14,32
KHM-004162,2014,7050701707.0,8,7,15,229,228,457
KHM-004163,2014,7050806502.0,0,1,1,14,18,32
KHM-004164,2014,7050806702.0,10,7,17,196,172,368
KHM-004165,2014,7050808505.0,0,1,1,26,14,40
KHM-004166,2014,7050901902.0,23,22,45,681,740,1421
KHM-004167,2014,7051001504.0,0,1,1,17,12,29
KHM-004168,2014,7051003705.0,6,2,8,86,87,173
KHM-004169,2014,7060101705.0,7,2,9,121,113,234
KHM-004170,2014,7060201714.0,5,2,7,127,94,221
KHM-004171,2014,7060301506.0,0,1,1,12,19,31
KHM-004172,2014,7060303710.0,5,5,10,116,99,215
KHM-004173,2014,7060401501.0,0,2,2,38,35,73
KHM-004174,2014,7060402708.0,14,1,15,191,157,348
KHM-004175,2014,7060501502.0,0,3,3,47,38,85
KHM-004176,2014,7060502503.0,0,1,1,15,8,23
KHM-004177,2014,7060502707.0,6,5,11,120,71,191
KHM-004178,2014,7060606901.0,46,21,67,785,707,1492
KHM-004179,2014,7060701712.0,6,2,8,66,64,130
KHM-004180,2014,7060804713.0,6,4,10,108,101,209
KHM-004181,2014,7060902510.0,0,2,2,33,35,68
KHM-004182,2014,7060902902.0,31,13,44,661,512,1173
KHM-004183,2014,7061201509.0,0,1,1,20,30,50
KHM-004184,2014,7061204704.0,15,7,22,280,286,566
KHM-004185,2014,7061301507.0,0,1,1,20,17,37
KHM-004186,2014,7061301709.0,6,4,10,107,109,216
KHM-004187,2014,7061402508.0,0,1,1,27,17,44
KHM-004188,2014,7061402706.0,3,8,11,150,143,293
KHM-004189,2014,7061406703.0,4,7,11,160,113,273
KHM-004190,2014,7061504711.0,7,2,9,96,81,177
KHM-004191,2014,7061605715.0,5,3,8,69,71,140
KHM-004192,2014,7070101701.0,11,7,18,172,197,369
KHM-004193,2014,7070202501.0,0,3,3,50,45,95
KHM-004194,2014,7070202708.0,7,8,15,103,94,197
KHM-004195,2014,7070302707.0,9,5,14,119,155,274
KHM-004196,2014,7070304509.0,0,1,1,13,17,30
KHM-004197,2014,7070402502.0,0,1,1,18,33,51
KHM-004198,2014,7070402710.0,2,7,9,32,39,71
KHM-004199,2014,7070502503.0,0,1,1,17,20,37
KHM-004200,2014,7070504709.0,8,4,12,82,97,179
KHM-004201,2014,7070701512.0,0,2,2,35,29,64
KHM-004202,2014,7070704517.0,0,0,0,6,15,21
KHM-004203,2014,7070704712.0,5,4,9,115,120,235
KHM-004204,2014,7070802706.0,10,5,15,138,111,249
KHM-004205,2014,7070901716.0,6,2,8,48,47,95
KHM-004206,2014,7071101704.0,7,4,11,175,156,331
KHM-004207,2014,7071102903.0,11,0,11,115,118,233
KHM-004208,2014,7071201510.0,0,1,1,12,20,32
KHM-004209,2014,7071203515.0,0,1,1,24,20,44
KHM-004210,2014,7071203714.0,4,5,9,69,63,132
KHM-004211,2014,7071204516.0,0,1,1,24,24,48
KHM-004212,2014,7071302504.0,0,2,2,29,18,47
KHM-004213,2014,7071302702.0,11,9,20,202,200,402
KHM-004214,2014,7071305711.0,6,3,9,104,127,231
KHM-004215,2014,7071501518.0,0,1,1,9,13,22
KHM-004216,2014,7071502715.0,6,2,8,59,90,149
KHM-004217,2014,7071601902.0,28,23,51,710,718,1428
KHM-004218,2014,7071602511.0,0,1,1,12,11,23
KHM-004219,2014,7071604505.0,0,1,1,11,19,30
KHM-004220,2014,7071702713.0,3,5,8,60,71,131
KHM-004221,2014,7071801506.0,0,1,1,21,18,39
KHM-004222,2014,7071803901.0,18,19,37,409,372,781
KHM-004223,2014,7080101504.0,0,2,2,32,47,79
KHM-004224,2014,7080101510.0,0,1,1,3,5,8
KHM-004225,2014,7080101701.0,11,28,39,299,253,552
KHM-004226,2014,7080102501.0,0,4,4,51,49,100
KHM-004227,2014,7080102505.0,0,1,1,18,19,37
KHM-004228,2014,7080201702.0,4,9,13,95,74,169
KHM-004229,2014,7080302506.0,0,1,1,21,23,44
KHM-004230,2014,7080302703.0,9,17,26,158,182,340
KHM-004231,2014,1020705552.0,0,0,0,0,0,0
KHM-004232,2014,1020808534.0,0,0,0,0,0,0
KHM-004233,2014,1021005551.0,0,0,0,0,0,0
KHM-004234,2014,1030110530.0,0,0,0,0,0,0
KHM-004235,2014,1030609518.0,0,0,0,0,0,0
KHM-004236,2014,1040611533.0,0,0,0,0,0,0
KHM-004237,2014,1040704505.0,0,0,0,0,0,0
KHM-004238,2014,1040801527.0,0,0,0,0,0,0
KHM-004239,2014,1040911523.0,0,0,0,0,0,0
KHM-004240,2014,1050205531.0,0,0,0,0,0,0
KHM-004241,2014,1050211532.0,0,0,0,0,0,0
KHM-004242,2014,1050503523.0,0,0,0,0,0,0
KHM-004243,2014,1070504515.0,0,0,0,0,0,0
KHM-004244,2014,1080803516.0,0,0,0,0,0,0
KHM-004245,2014,1090501522.0,0,0,0,0,0,0
KHM-004246,2014,1090609024.0,0,0,0,0,0,0
KHM-004247,2014,1090609520.0,0,0,0,0,0,0
KHM-004248,2014,1100103526.0,0,0,0,0,0,0
KHM-004249,2014,1100105530.0,0,0,0,0,0,0
KHM-004250,2014,1100110529.0,0,0,0,0,0,0
KHM-004251,2014,1100112523.0,0,0,0,0,0,0
KHM-004252,2014,1100113518.0,0,0,0,0,0,0
KHM-004253,2014,1100114527.0,0,0,0,0,0,0
KHM-004254,2014,1100211512.0,0,0,0,0,0,0
KHM-004255,2014,1100304028.0,0,0,0,0,0,0
KHM-004256,2014,1100304507.0,0,0,0,0,0,0
KHM-004257,2014,1100315520.0,0,0,0,0,0,0
KHM-004258,2014,2010416517.0,0,0,0,0,0,0
KHM-004259,2014,2020704519.0,0,0,0,0,0,0
KHM-004260,2014,2040313069.0,0,0,0,0,0,0
KHM-004261,2014,2040313070.0,0,0,0,0,0,0
KHM-004262,2014,2040514064.0,0,0,0,0,0,0
KHM-004263,2014,2040515065.0,0,0,0,0,0,0
KHM-004264,2014,2040516066.0,0,0,0,0,0,0
KHM-004265,2014,2040610013.0,0,0,0,0,0,0
KHM-004266,2014,2040612039.0,0,0,0,0,0,0
KHM-004267,2014,2040614036.0,0,0,0,0,0,0
KHM-004268,2014,2040614511.0,0,0,0,0,0,0
KHM-004269,2014,2040615040.0,0,0,0,0,0,0
KHM-004270,2014,2040615507.0,0,0,0,0,0,0
KHM-004271,2014,2040616041.0,0,0,0,0,0,0
KHM-004272,2014,2040616506.0,0,0,0,0,0,0
KHM-004273,2014,2040617042.0,0,0,0,0,0,0
KHM-004274,2014,2040618043.0,0,0,0,0,0,0
KHM-004275,2014,2040619049.0,0,0,0,0,0,0
KHM-004276,2014,2040620050.0,0,0,0,0,0,0
KHM-004277,2014,2040621048.0,0,0,0,0,0,0
KHM-004278,2014,2040622055.0,0,0,0,0,0,0
KHM-004279,2014,2040622509.0,0,0,0,0,0,0
KHM-004280,2014,2040623058.0,0,0,0,0,0,0
KHM-004281,2014,2040625060.0,0,0,0,0,0,0
KHM-004282,2014,2040625072.0,0,0,0,0,0,0
KHM-004283,2014,2060207015.0,0,0,0,0,0,0
KHM-004284,2014,2070106010.0,0,0,0,0,0,0
KHM-004285,2014,2070106027.0,0,0,0,0,0,0
KHM-004286,2014,2070106028.0,0,0,0,0,0,0
KHM-004287,2014,2070110018.0,0,0,0,0,0,0
KHM-004288,2014,2070110505.0,0,0,0,0,0,0
KHM-004289,2014,2070110703.0,0,0,0,0,0,0
KHM-004290,2014,2070111020.0,0,0,0,0,0,0
KHM-004291,2014,2070112013.0,0,0,0,0,0,0
KHM-004292,2014,2070112021.0,0,0,0,0,0,0
KHM-004293,2014,2070112026.0,0,0,0,0,0,0
KHM-004294,2014,2070112029.0,0,0,0,0,0,0
KHM-004295,2014,2070114023.0,0,0,0,0,0,0
KHM-004296,2014,2070115002.0,0,0,0,0,0,0
KHM-004297,2014,2070116035.0,0,0,0,0,0,0
KHM-004298,2014,2070404025.0,0,0,0,0,0,0
KHM-004299,2014,2070404040.0,0,0,0,0,0,0
KHM-004300,2014,2080603006.0,0,0,0,0,0,0
KHM-004301,2014,2080603504.0,0,0,0,0,0,0
KHM-004302,2014,2100201002.0,0,0,0,0,0,0
KHM-004303,2014,2100213020.0,0,0,0,0,0,0
KHM-004304,2014,2100213702.0,0,0,0,0,0,0
KHM-004305,2014,2140104701.0,0,0,0,0,0,0
KHM-004306,2014,2140106006.0,0,0,0,0,0,0
KHM-004307,2014,2140107007.0,0,0,0,0,0,0
KHM-004308,2014,2140108008.0,0,0,0,0,0,0
KHM-004309,2014,2140108704.0,0,0,0,0,0,0
KHM-004310,2014,2140202010.0,0,0,0,0,0,0
KHM-004311,2014,2140202505.0,0,0,0,0,0,0
KHM-004312,2014,2140202706.0,0,0,0,0,0,0
KHM-004313,2014,2140204012.0,0,0,0,0,0,0
KHM-004314,2014,2140204013.0,0,0,0,0,0,0
KHM-004315,2014,2140204703.0,0,0,0,0,0,0
KHM-004316,2014,2140205014.0,0,0,0,0,0,0
KHM-004317,2014,2140206015.0,0,0,0,0,0,0
KHM-004318,2014,2140207016.0,0,0,0,0,0,0
KHM-004319,2014,2140207501.0,0,0,0,0,0,0
KHM-004320,2014,2140208017.0,0,0,0,0,0,0
KHM-004321,2014,2140209018.0,0,0,0,0,0,0
KHM-004322,2014,2140210019.0,0,0,0,0,0,0
KHM-004323,2014,2140210702.0,0,0,0,0,0,0
KHM-004324,2014,2140211020.0,0,0,0,0,0,0
KHM-004325,2014,2140214022.0,0,0,0,0,0,0
KHM-004326,2014,2140214026.0,0,0,0,0,0,0
KHM-004327,2014,2140217502.0,0,0,0,0,0,0
KHM-004328,2014,2140218901.0,0,0,0,0,0,0
KHM-004329,2014,2140219025.0,0,0,0,0,0,0
KHM-004330,2014,2140219504.0,0,0,0,0,0,0
KHM-004331,2014,2141011021.0,0,0,0,0,0,0
KHM-004332,2014,3010302529.0,0,0,0,0,0,0
KHM-004333,2014,3010704704.0,0,0,0,0,0,0
KHM-004334,2014,3011201710.0,0,0,0,0,0,0
KHM-004335,2014,3020213518.0,0,0,0,0,0,0
KHM-004336,2014,3020215021.0,0,0,0,0,0,0
KHM-004337,2014,3020608517.0,0,0,0,0,0,0
KHM-004338,2014,3020709515.0,0,0,0,0,0,0
KHM-004339,2014,3020807019.0,0,0,0,0,0,0
KHM-004340,2014,3030705701.0,0,0,0,0,0,0
KHM-004341,2014,3040101001.0,0,0,0,0,0,0
KHM-004342,2014,3040101515.0,0,0,0,0,0,0
KHM-004343,2014,3040102002.0,0,0,0,0,0,0
KHM-004344,2014,3040104050.0,0,0,0,0,0,0
KHM-004345,2014,3040107003.0,0,0,0,0,0,0
KHM-004346,2014,3040107501.0,0,0,0,0,0,0
KHM-004347,2014,3040108056.0,0,0,0,0,0,0
KHM-004348,2014,3040108511.0,0,0,0,0,0,0
KHM-004349,2014,3040110033.0,0,0,0,0,0,0
KHM-004350,2014,3040111004.0,0,0,0,0,0,0
KHM-004351,2014,3040111901.0,0,0,0,0,0,0
KHM-004352,2014,3040113005.0,0,0,0,0,0,0
KHM-004353,2014,3040113504.0,0,0,0,0,0,0
KHM-004354,2014,3040201006.0,0,0,0,0,0,0
KHM-004355,2014,3040201502.0,0,0,0,0,0,0
KHM-004356,2014,3040201902.0,0,0,0,0,0,0
KHM-004357,2014,3040204008.0,0,0,0,0,0,0
KHM-004358,2014,3040205007.0,0,0,0,0,0,0
KHM-004359,2014,3040205508.0,0,0,0,0,0,0
KHM-004360,2014,3040209057.0,0,0,0,0,0,0
KHM-004361,2014,3040209518.0,0,0,0,0,0,0
KHM-004362,2014,3040302009.0,0,0,0,0,0,0
KHM-004363,2014,3040302705.0,0,0,0,0,0,0
KHM-004364,2014,3040303010.0,0,0,0,0,0,0
KHM-004365,2014,3040303512.0,0,0,0,0,0,0
KHM-004366,2014,3040304011.0,0,0,0,0,0,0
KHM-004367,2014,3040304507.0,0,0,0,0,0,0
KHM-004368,2014,3040305012.0,0,0,0,0,0,0
KHM-004369,2014,3040305052.0,0,0,0,0,0,0
KHM-004370,2014,3040306013.0,0,0,0,0,0,0
KHM-004371,2014,3040307035.0,0,0,0,0,0,0
KHM-004372,2014,3040307513.0,0,0,0,0,0,0
KHM-004373,2014,3040309045.0,0,0,0,0,0,0
KHM-004374,2014,3040309517.0,0,0,0,0,0,0
KHM-004375,2014,3040401014.0,0,0,0,0,0,0
KHM-004376,2014,3040401703.0,0,0,0,0,0,0
KHM-004377,2014,3040404016.0,0,0,0,0,0,0
KHM-004378,2014,3040405017.0,0,0,0,0,0,0
KHM-004379,2014,3040501018.0,0,0,0,0,0,0
KHM-004380,2014,3040503019.0,0,0,0,0,0,0
KHM-004381,2014,3040503706.0,0,0,0,0,0,0
KHM-004382,2014,3040504036.0,0,0,0,0,0,0
KHM-004383,2014,3040504053.0,0,0,0,0,0,0
KHM-004384,2014,3040505041.0,0,0,0,0,0,0
KHM-004385,2014,3040506037.0,0,0,0,0,0,0
KHM-004386,2014,3040506505.0,0,0,0,0,0,0
KHM-004387,2014,3040510039.0,0,0,0,0,0,0
KHM-004388,2014,3040511044.0,0,0,0,0,0,0
KHM-004389,2014,3040512046.0,0,0,0,0,0,0
KHM-004390,2014,3040512702.0,0,0,0,0,0,0
KHM-004391,2014,3040513049.0,0,0,0,0,0,0
KHM-004392,2014,3040515051.0,0,0,0,0,0,0
KHM-004393,2014,3040516054.0,0,0,0,0,0,0
KHM-004394,2014,3040517055.0,0,0,0,0,0,0
KHM-004395,2014,3040602021.0,0,0,0,0,0,0
KHM-004396,2014,3040604701.0,0,0,0,0,0,0
KHM-004397,2014,3040605023.0,0,0,0,0,0,0
KHM-004398,2014,3040605510.0,0,0,0,0,0,0
KHM-004399,2014,3040606024.0,0,0,0,0,0,0
KHM-004400,2014,3040607043.0,0,0,0,0,0,0
KHM-004401,2014,3040608708.0,0,0,0,0,0,0
KHM-004402,2014,3040609026.0,0,0,0,0,0,0
KHM-004403,2014,3040610047.0,0,0,0,0,0,0
KHM-004404,2014,3040610509.0,0,0,0,0,0,0
KHM-004405,2014,3040701040.0,0,0,0,0,0,0
KHM-004406,2014,3040701707.0,0,0,0,0,0,0
KHM-004407,2014,3040702027.0,0,0,0,0,0,0
KHM-004408,2014,3040703028.0,0,0,0,0,0,0
KHM-004409,2014,3040705029.0,0,0,0,0,0,0
KHM-004410,2014,3040705704.0,0,0,0,0,0,0
KHM-004411,2014,3040706030.0,0,0,0,0,0,0
KHM-004412,2014,3040706514.0,0,0,0,0,0,0
KHM-004413,2014,3040707031.0,0,0,0,0,0,0
KHM-004414,2014,3040709032.0,0,0,0,0,0,0
KHM-004415,2014,3040709506.0,0,0,0,0,0,0
KHM-004416,2014,3040710048.0,0,0,0,0,0,0
KHM-004417,2014,3040711042.0,0,0,0,0,0,0
KHM-004418,2014,3050404006.0,0,0,0,0,0,0
KHM-004419,2014,3050404504.0,0,0,0,0,0,0
KHM-004420,2014,3050406703.0,0,0,0,0,0,0
KHM-004421,2014,3060101001.0,0,0,0,0,0,0
KHM-004422,2014,3060101501.0,0,0,0,0,0,0
KHM-004423,2014,3060101522.0,0,0,0,0,0,0
KHM-004424,2014,3060504007.0,0,0,0,0,0,0
KHM-004425,2014,3060504504.0,0,0,0,0,0,0
KHM-004426,2014,3070407013.0,0,0,0,0,0,0
KHM-004427,2014,3090101001.0,0,0,0,0,0,0
KHM-004428,2014,3090101517.0,0,0,0,0,0,0
KHM-004429,2014,3090101708.0,0,0,0,0,0,0
KHM-004430,2014,3090102042.0,0,0,0,0,0,0
KHM-004431,2014,3090104041.0,0,0,0,0,0,0
KHM-004432,2014,3090105039.0,0,0,0,0,0,0
KHM-004433,2014,3090105525.0,0,0,0,0,0,0
KHM-004434,2014,3090106040.0,0,0,0,0,0,0
KHM-004435,2014,3090106524.0,0,0,0,0,0,0
KHM-004436,2014,3090107047.0,0,0,0,0,0,0
KHM-004437,2014,3090108049.0,0,0,0,0,0,0
KHM-004438,2014,3090201002.0,0,0,0,0,0,0
KHM-004439,2014,3090201521.0,0,0,0,0,0,0
KHM-004440,2014,3090201902.0,0,0,0,0,0,0
KHM-004441,2014,3090202028.0,0,0,0,0,0,0
KHM-004442,2014,3090301003.0,0,0,0,0,0,0
KHM-004443,2014,3090302036.0,0,0,0,0,0,0
KHM-004444,2014,3090302710.0,0,0,0,0,0,0
KHM-004445,2014,3090401029.0,0,0,0,0,0,0
KHM-004446,2014,3090402005.0,0,0,0,0,0,0
KHM-004447,2014,3090402705.0,0,0,0,0,0,0
KHM-004448,2014,3090403006.0,0,0,0,0,0,0
KHM-004449,2014,3090502007.0,0,0,0,0,0,0
KHM-004450,2014,3090502502.0,0,0,0,0,0,0
KHM-004451,2014,3090503008.0,0,0,0,0,0,0
KHM-004452,2014,3090503706.0,0,0,0,0,0,0
KHM-004453,2014,3090504501.0,0,0,0,0,0,0
KHM-004454,2014,3090505030.0,0,0,0,0,0,0
KHM-004455,2014,3090505515.0,0,0,0,0,0,0
KHM-004456,2014,3090506044.0,0,0,0,0,0,0
KHM-004457,2014,3090506528.0,0,0,0,0,0,0
KHM-004458,2014,3090507009.0,0,0,0,0,0,0
KHM-004459,2014,3090601011.0,0,0,0,0,0,0
KHM-004460,2014,3090601709.0,0,0,0,0,0,0
KHM-004461,2014,3090603010.0,0,0,0,0,0,0
KHM-004462,2014,3090603523.0,0,0,0,0,0,0
KHM-004463,2014,3090701013.0,0,0,0,0,0,0
KHM-004464,2014,3090701503.0,0,0,0,0,0,0
KHM-004465,2014,3090702014.0,0,0,0,0,0,0
KHM-004466,2014,3090702504.0,0,0,0,0,0,0
KHM-004467,2014,3090702903.0,0,0,0,0,0,0
KHM-004468,2014,3090802016.0,0,0,0,0,0,0
KHM-004469,2014,3090803017.0,0,0,0,0,0,0
KHM-004470,2014,3090804702.0,0,0,0,0,0,0
KHM-004471,2014,3090805018.0,0,0,0,0,0,0
KHM-004472,2014,3090805522.0,0,0,0,0,0,0
KHM-004473,2014,3090903031.0,0,0,0,0,0,0
KHM-004474,2014,3090903505.0,0,0,0,0,0,0
KHM-004475,2014,3090903701.0,0,0,0,0,0,0
KHM-004476,2014,3090905032.0,0,0,0,0,0,0
KHM-004477,2014,3090905506.0,0,0,0,0,0,0
KHM-004478,2014,3090906038.0,0,0,0,0,0,0
KHM-004479,2014,3090906507.0,0,0,0,0,0,0
KHM-004480,2014,3090907037.0,0,0,0,0,0,0
KHM-004481,2014,3090907516.0,0,0,0,0,0,0
KHM-004482,2014,3091001033.0,0,0,0,0,0,0
KHM-004483,2014,3091002034.0,0,0,0,0,0,0
KHM-004484,2014,3091002527.0,0,0,0,0,0,0
KHM-004485,2014,3091003019.0,0,0,0,0,0,0
KHM-004486,2014,3091003508.0,0,0,0,0,0,0
KHM-004487,2014,3091004020.0,0,0,0,0,0,0
KHM-004488,2014,3091004509.0,0,0,0,0,0,0
KHM-004489,2014,3091004901.0,0,0,0,0,0,0
KHM-004490,2014,3091005021.0,0,0,0,0,0,0
KHM-004491,2014,3091005520.0,0,0,0,0,0,0
KHM-004492,2014,3091101043.0,0,0,0,0,0,0
KHM-004493,2014,3091102022.0,0,0,0,0,0,0
KHM-004494,2014,3091102711.0,0,0,0,0,0,0
KHM-004495,2014,3091104023.0,0,0,0,0,0,0
KHM-004496,2014,3091106045.0,0,0,0,0,0,0
KHM-004497,2014,3091205035.0,0,0,0,0,0,0
KHM-004498,2014,3091205510.0,0,0,0,0,0,0
KHM-004499,2014,3091206024.0,0,0,0,0,0,0
KHM-004500,2014,3091206511.0,0,0,0,0,0,0
KHM-004501,2014,3091207025.0,0,0,0,0,0,0
KHM-004502,2014,3091207512.0,0,0,0,0,0,0
KHM-004503,2014,3091208026.0,0,0,0,0,0,0
KHM-004504,2014,3091208526.0,0,0,0,0,0,0
KHM-004505,2014,3091209027.0,0,0,0,0,0,0
KHM-004506,2014,3091210004.0,0,0,0,0,0,0
KHM-004507,2014,3091210513.0,0,0,0,0,0,0
KHM-004508,2014,3091210704.0,0,0,0,0,0,0
KHM-004509,2014,3091211046.0,0,0,0,0,0,0
KHM-004510,2014,3091212048.0,0,0,0,0,0,0
KHM-004511,2014,3100102001.0,0,0,0,0,0,0
KHM-004512,2014,3100102710.0,0,0,0,0,0,0
KHM-004513,2014,3100104002.0,0,0,0,0,0,0
KHM-004514,2014,3100104531.0,0,0,0,0,0,0
KHM-004515,2014,3100105003.0,0,0,0,0,0,0
KHM-004516,2014,3100106099.0,0,0,0,0,0,0
KHM-004517,2014,3100110098.0,0,0,0,0,0,0
KHM-004518,2014,3100111041.0,0,0,0,0,0,0
KHM-004519,2014,3100201090.0,0,0,0,0,0,0
KHM-004520,2014,3100203005.0,0,0,0,0,0,0
KHM-004521,2014,3100203714.0,0,0,0,0,0,0
KHM-004522,2014,3100204006.0,0,0,0,0,0,0
KHM-004523,2014,3100210093.0,0,0,0,0,0,0
KHM-004524,2014,3100301007.0,0,0,0,0,0,0
KHM-004525,2014,3100301527.0,0,0,0,0,0,0
KHM-004526,2014,3100301707.0,0,0,0,0,0,0
KHM-004527,2014,3100303097.0,0,0,0,0,0,0
KHM-004528,2014,3100304008.0,0,0,0,0,0,0
KHM-004529,2014,3100304533.0,0,0,0,0,0,0
KHM-004530,2014,3100306009.0,0,0,0,0,0,0
KHM-004531,2014,3100310010.0,0,0,0,0,0,0
KHM-004532,2014,3100310521.0,0,0,0,0,0,0
KHM-004533,2014,3100311074.0,0,0,0,0,0,0
KHM-004534,2014,3100311524.0,0,0,0,0,0,0
KHM-004535,2014,3100316085.0,0,0,0,0,0,0
KHM-004536,2014,3100316519.0,0,0,0,0,0,0
KHM-004537,2014,3100317043.0,0,0,0,0,0,0
KHM-004538,2014,3100318102.0,0,0,0,0,0,0
KHM-004539,2014,3100402082.0,0,0,0,0,0,0
KHM-004540,2014,3100403070.0,0,0,0,0,0,0
KHM-004541,2014,3100404096.0,0,0,0,0,0,0
KHM-004542,2014,3100404532.0,0,0,0,0,0,0
KHM-004543,2014,3100405100.0,0,0,0,0,0,0
KHM-004544,2014,3100407011.0,0,0,0,0,0,0
KHM-004545,2014,3100407517.0,0,0,0,0,0,0
KHM-004546,2014,3100408012.0,0,0,0,0,0,0
KHM-004547,2014,3100408523.0,0,0,0,0,0,0
KHM-004548,2014,3100409013.0,0,0,0,0,0,0
KHM-004549,2014,3100409516.0,0,0,0,0,0,0
KHM-004550,2014,3100410083.0,0,0,0,0,0,0
KHM-004551,2014,3100412014.0,0,0,0,0,0,0
KHM-004552,2014,3100412702.0,0,0,0,0,0,0
KHM-004553,2014,3100414042.0,0,0,0,0,0,0
KHM-004554,2014,3100414512.0,0,0,0,0,0,0
KHM-004555,2014,3100503079.0,0,0,0,0,0,0
KHM-004556,2014,3100504015.0,0,0,0,0,0,0
KHM-004557,2014,3100505016.0,0,0,0,0,0,0
KHM-004558,2014,3100505502.0,0,0,0,0,0,0
KHM-004559,2014,3100505902.0,0,0,0,0,0,0
KHM-004560,2014,3100506077.0,0,0,0,0,0,0
KHM-004561,2014,3100507081.0,0,0,0,0,0,0
KHM-004562,2014,3100510080.0,0,0,0,0,0,0
KHM-004563,2014,3100512103.0,0,0,0,0,0,0
KHM-004564,2014,3100512530.0,0,0,0,0,0,0
KHM-004565,2014,3100512715.0,0,0,0,0,0,0
KHM-004566,2014,3100516078.0,0,0,0,0,0,0
KHM-004567,2014,3100517089.0,0,0,0,0,0,0
KHM-004568,2014,3100517529.0,0,0,0,0,0,0
KHM-004569,2014,3100518503.0,0,0,0,0,0,0
KHM-004570,2014,3100518708.0,0,0,0,0,0,0
KHM-004571,2014,3100519048.0,0,0,0,0,0,0
KHM-004572,2014,3100520049.0,0,0,0,0,0,0
KHM-004573,2014,3100521051.0,0,0,0,0,0,0
KHM-004574,2014,3100601067.0,0,0,0,0,0,0
KHM-004575,2014,3100602068.0,0,0,0,0,0,0
KHM-004576,2014,3100602704.0,0,0,0,0,0,0
KHM-004577,2014,3100604019.0,0,0,0,0,0,0
KHM-004578,2014,3100605020.0,0,0,0,0,0,0
KHM-004579,2014,3100606075.0,0,0,0,0,0,0
KHM-004580,2014,3100606534.0,0,0,0,0,0,0
KHM-004581,2014,3100607087.0,0,0,0,0,0,0
KHM-004582,2014,3100607515.0,0,0,0,0,0,0
KHM-004583,2014,3100608045.0,0,0,0,0,0,0
KHM-004584,2014,3100609046.0,0,0,0,0,0,0
KHM-004585,2014,3100610047.0,0,0,0,0,0,0
KHM-004586,2014,3100610518.0,0,0,0,0,0,0
KHM-004587,2014,3100611101.0,0,0,0,0,0,0
KHM-004588,2014,3100701023.0,0,0,0,0,0,0
KHM-004589,2014,3100701712.0,0,0,0,0,0,0
KHM-004590,2014,3100702024.0,0,0,0,0,0,0
KHM-004591,2014,3100702513.0,0,0,0,0,0,0
KHM-004592,2014,3100706025.0,0,0,0,0,0,0
KHM-004593,2014,3100707071.0,0,0,0,0,0,0
KHM-004594,2014,3100710095.0,0,0,0,0,0,0
KHM-004595,2014,3100710520.0,0,0,0,0,0,0
KHM-004596,2014,3100801027.0,0,0,0,0,0,0
KHM-004597,2014,3100801509.0,0,0,0,0,0,0
KHM-004598,2014,3100802072.0,0,0,0,0,0,0
KHM-004599,2014,3100804028.0,0,0,0,0,0,0
KHM-004600,2014,3100805901.0,0,0,0,0,0,0
KHM-004601,2014,3100810029.0,0,0,0,0,0,0
KHM-004602,2014,3100811501.0,0,0,0,0,0,0
KHM-004603,2014,3100812030.0,0,0,0,0,0,0
KHM-004604,2014,3100812508.0,0,0,0,0,0,0
KHM-004605,2014,3100813031.0,0,0,0,0,0,0
KHM-004606,2014,3100813505.0,0,0,0,0,0,0
KHM-004607,2014,3100814032.0,0,0,0,0,0,0
KHM-004608,2014,3101002033.0,0,0,0,0,0,0
KHM-004609,2014,3101003034.0,0,0,0,0,0,0
KHM-004610,2014,3101011036.0,0,0,0,0,0,0
KHM-004611,2014,3101012037.0,0,0,0,0,0,0
KHM-004612,2014,3101012703.0,0,0,0,0,0,0
KHM-004613,2014,3101101052.0,0,0,0,0,0,0
KHM-004614,2014,3101102088.0,0,0,0,0,0,0
KHM-004615,2014,3101102510.0,0,0,0,0,0,0
KHM-004616,2014,3101103069.0,0,0,0,0,0,0
KHM-004617,2014,3101103525.0,0,0,0,0,0,0
KHM-004618,2014,3101104053.0,0,0,0,0,0,0
KHM-004619,2014,3101104535.0,0,0,0,0,0,0
KHM-004620,2014,3101105091.0,0,0,0,0,0,0
KHM-004621,2014,3101105522.0,0,0,0,0,0,0
KHM-004622,2014,3101109086.0,0,0,0,0,0,0
KHM-004623,2014,3101110092.0,0,0,0,0,0,0
KHM-004624,2014,3101110709.0,0,0,0,0,0,0
KHM-004625,2014,3101303058.0,0,0,0,0,0,0
KHM-004626,2014,3101304059.0,0,0,0,0,0,0
KHM-004627,2014,3101304711.0,0,0,0,0,0,0
KHM-004628,2014,3101307060.0,0,0,0,0,0,0
KHM-004629,2014,3101310061.0,0,0,0,0,0,0
KHM-004630,2014,3101311062.0,0,0,0,0,0,0
KHM-004631,2014,3101313063.0,0,0,0,0,0,0
KHM-004632,2014,3101315076.0,0,0,0,0,0,0
KHM-004633,2014,3101316038.0,0,0,0,0,0,0
KHM-004634,2014,3101317039.0,0,0,0,0,0,0
KHM-004635,2014,3101318040.0,0,0,0,0,0,0
KHM-004636,2014,3101401064.0,0,0,0,0,0,0
KHM-004637,2014,3101403507.0,0,0,0,0,0,0
KHM-004638,2014,3101403903.0,0,0,0,0,0,0
KHM-004639,2014,3101407065.0,0,0,0,0,0,0
KHM-004640,2014,3101408044.0,0,0,0,0,0,0
KHM-004641,2014,3101408066.0,0,0,0,0,0,0
KHM-004642,2014,3101408514.0,0,0,0,0,0,0
KHM-004643,2014,3101409094.0,0,0,0,0,0,0
KHM-004644,2014,3101409528.0,0,0,0,0,0,0
KHM-004645,2014,3101410084.0,0,0,0,0,0,0
KHM-004646,2014,3101501055.0,0,0,0,0,0,0
KHM-004647,2014,3101501511.0,0,0,0,0,0,0
KHM-004648,2014,3101502056.0,0,0,0,0,0,0
KHM-004649,2014,3101502713.0,0,0,0,0,0,0
KHM-004650,2014,3101504057.0,0,0,0,0,0,0
KHM-004651,2014,3101506073.0,0,0,0,0,0,0
KHM-004652,2014,3101507018.0,0,0,0,0,0,0
KHM-004653,2014,3101507506.0,0,0,0,0,0,0
KHM-004654,2014,3101602021.0,0,0,0,0,0,0
KHM-004655,2014,3101602526.0,0,0,0,0,0,0
KHM-004656,2014,3101605022.0,0,0,0,0,0,0
KHM-004657,2014,3101605706.0,0,0,0,0,0,0
KHM-004658,2014,3101607050.0,0,0,0,0,0,0
KHM-004659,2014,3110109001.0,0,0,0,0,0,0
KHM-004660,2014,3110112002.0,0,0,0,0,0,0
KHM-004661,2014,3110112507.0,0,0,0,0,0,0
KHM-004662,2014,3110115003.0,0,0,0,0,0,0
KHM-004663,2014,3110117004.0,0,0,0,0,0,0
KHM-004664,2014,3110117509.0,0,0,0,0,0,0
KHM-004665,2014,3110119005.0,0,0,0,0,0,0
KHM-004666,2014,3110119510.0,0,0,0,0,0,0
KHM-004667,2014,3110119704.0,0,0,0,0,0,0
KHM-004668,2014,3110121006.0,0,0,0,0,0,0
KHM-004669,2014,3110201007.0,0,0,0,0,0,0
KHM-004670,2014,3110202903.0,0,0,0,0,0,0
KHM-004671,2014,3110204008.0,0,0,0,0,0,0
KHM-004672,2014,3110207010.0,0,0,0,0,0,0
KHM-004673,2014,3110207504.0,0,0,0,0,0,0
KHM-004674,2014,3110213011.0,0,0,0,0,0,0
KHM-004675,2014,3110214012.0,0,0,0,0,0,0
KHM-004676,2014,3110301013.0,0,0,0,0,0,0
KHM-004677,2014,3110301505.0,0,0,0,0,0,0
KHM-004678,2014,3110301705.0,0,0,0,0,0,0
KHM-004679,2014,3110309014.0,0,0,0,0,0,0
KHM-004680,2014,3110310015.0,0,0,0,0,0,0
KHM-004681,2014,3110316016.0,0,0,0,0,0,0
KHM-004682,2014,3110404017.0,0,0,0,0,0,0
KHM-004683,2014,3110404901.0,0,0,0,0,0,0
KHM-004684,2014,3110407018.0,0,0,0,0,0,0
KHM-004685,2014,3110415019.0,0,0,0,0,0,0
KHM-004686,2014,3110419020.0,0,0,0,0,0,0
KHM-004687,2014,3110422021.0,0,0,0,0,0,0
KHM-004688,2014,3110501022.0,0,0,0,0,0,0
KHM-004689,2014,3110502023.0,0,0,0,0,0,0
KHM-004690,2014,3110504024.0,0,0,0,0,0,0
KHM-004691,2014,3110510025.0,0,0,0,0,0,0
KHM-004692,2014,3110707033.0,0,0,0,0,0,0
KHM-004693,2014,3110711034.0,0,0,0,0,0,0
KHM-004694,2014,3110714035.0,0,0,0,0,0,0
KHM-004695,2014,3110714702.0,0,0,0,0,0,0
KHM-004696,2014,3110716036.0,0,0,0,0,0,0
KHM-004697,2014,3110719026.0,0,0,0,0,0,0
KHM-004698,2014,3110719502.0,0,0,0,0,0,0
KHM-004699,2014,3110720030.0,0,0,0,0,0,0
KHM-004700,2014,3110722029.0,0,0,0,0,0,0
KHM-004701,2014,3110722503.0,0,0,0,0,0,0
KHM-004702,2014,3110722902.0,0,0,0,0,0,0
KHM-004703,2014,3110804037.0,0,0,0,0,0,0
KHM-004704,2014,3110815038.0,0,0,0,0,0,0
KHM-004705,2014,3110815703.0,0,0,0,0,0,0
KHM-004706,2014,3110820031.0,0,0,0,0,0,0
KHM-004707,2014,3110821027.0,0,0,0,0,0,0
KHM-004708,2014,3110822028.0,0,0,0,0,0,0
KHM-004709,2014,3120202001.0,0,0,0,0,0,0
KHM-004710,2014,3120204066.0,0,0,0,0,0,0
KHM-004711,2014,3120204514.0,0,0,0,0,0,0
KHM-004712,2014,3120205002.0,0,0,0,0,0,0
KHM-004713,2014,3120206003.0,0,0,0,0,0,0
KHM-004714,2014,3120213004.0,0,0,0,0,0,0
KHM-004715,2014,3120213505.0,0,0,0,0,0,0
KHM-004716,2014,3120215068.0,0,0,0,0,0,0
KHM-004717,2014,3120217005.0,0,0,0,0,0,0
KHM-004718,2014,3120217701.0,0,0,0,0,0,0
KHM-004719,2014,3120218006.0,0,0,0,0,0,0
KHM-004720,2014,3120220057.0,0,0,0,0,0,0
KHM-004721,2014,3120220511.0,0,0,0,0,0,0
KHM-004722,2014,3120301007.0,0,0,0,0,0,0
KHM-004723,2014,3120302008.0,0,0,0,0,0,0
KHM-004724,2014,3120304010.0,0,0,0,0,0,0
KHM-004725,2014,3120304706.0,0,0,0,0,0,0
KHM-004726,2014,3120307011.0,0,0,0,0,0,0
KHM-004727,2014,3120308064.0,0,0,0,0,0,0
KHM-004728,2014,3120309071.0,0,0,0,0,0,0
KHM-004729,2014,3120313069.0,0,0,0,0,0,0
KHM-004730,2014,3120314012.0,0,0,0,0,0,0
KHM-004731,2014,3120316013.0,0,0,0,0,0,0
KHM-004732,2014,3120316512.0,0,0,0,0,0,0
KHM-004733,2014,3120319014.0,0,0,0,0,0,0
KHM-004734,2014,3120319903.0,0,0,0,0,0,0
KHM-004735,2014,3120320065.0,0,0,0,0,0,0
KHM-004736,2014,3120321015.0,0,0,0,0,0,0
KHM-004737,2014,3120401016.0,0,0,0,0,0,0
KHM-004738,2014,3120401501.0,0,0,0,0,0,0
KHM-004739,2014,3120401902.0,0,0,0,0,0,0
KHM-004740,2014,3120405017.0,0,0,0,0,0,0
KHM-004741,2014,3120408018.0,0,0,0,0,0,0
KHM-004742,2014,3120409019.0,0,0,0,0,0,0
KHM-004743,2014,3120410070.0,0,0,0,0,0,0
KHM-004744,2014,3120413020.0,0,0,0,0,0,0
KHM-004745,2014,3120413709.0,0,0,0,0,0,0
KHM-004746,2014,3120422021.0,0,0,0,0,0,0
KHM-004747,2014,3120503056.0,0,0,0,0,0,0
KHM-004748,2014,3120505022.0,0,0,0,0,0,0
KHM-004749,2014,3120505504.0,0,0,0,0,0,0
KHM-004750,2014,3120506901.0,0,0,0,0,0,0
KHM-004751,2014,3120508023.0,0,0,0,0,0,0
KHM-004752,2014,3120510024.0,0,0,0,0,0,0
KHM-004753,2014,3120510506.0,0,0,0,0,0,0
KHM-004754,2014,3120513025.0,0,0,0,0,0,0
KHM-004755,2014,3120513508.0,0,0,0,0,0,0
KHM-004756,2014,3120515067.0,0,0,0,0,0,0
KHM-004757,2014,3120601026.0,0,0,0,0,0,0
KHM-004758,2014,3120601502.0,0,0,0,0,0,0
KHM-004759,2014,3120603027.0,0,0,0,0,0,0
KHM-004760,2014,3120610060.0,0,0,0,0,0,0
KHM-004761,2014,3120617029.0,0,0,0,0,0,0
KHM-004762,2014,3120618030.0,0,0,0,0,0,0
KHM-004763,2014,3120618705.0,0,0,0,0,0,0
KHM-004764,2014,3120619063.0,0,0,0,0,0,0
KHM-004765,2014,3120622702.0,0,0,0,0,0,0
KHM-004766,2014,3120623031.0,0,0,0,0,0,0
KHM-004767,2014,3120624054.0,0,0,0,0,0,0
KHM-004768,2014,3120625055.0,0,0,0,0,0,0
KHM-004769,2014,3120627032.0,0,0,0,0,0,0
KHM-004770,2014,3120629037.0,0,0,0,0,0,0
KHM-004771,2014,3120630038.0,0,0,0,0,0,0
KHM-004772,2014,3120631041.0,0,0,0,0,0,0
KHM-004773,2014,3120636039.0,0,0,0,0,0,0
KHM-004774,2014,3120701033.0,0,0,0,0,0,0
KHM-004775,2014,3120701708.0,0,0,0,0,0,0
KHM-004776,2014,3120704034.0,0,0,0,0,0,0
KHM-004777,2014,3120705035.0,0,0,0,0,0,0
KHM-004778,2014,3120705503.0,0,0,0,0,0,0
KHM-004779,2014,3120708058.0,0,0,0,0,0,0
KHM-004780,2014,3120709062.0,0,0,0,0,0,0
KHM-004781,2014,3120709513.0,0,0,0,0,0,0
KHM-004782,2014,3120802042.0,0,0,0,0,0,0
KHM-004783,2014,3120803043.0,0,0,0,0,0,0
KHM-004784,2014,3120805044.0,0,0,0,0,0,0
KHM-004785,2014,3120807045.0,0,0,0,0,0,0
KHM-004786,2014,3120809059.0,0,0,0,0,0,0
KHM-004787,2014,3120811047.0,0,0,0,0,0,0
KHM-004788,2014,3120813048.0,0,0,0,0,0,0
KHM-004789,2014,3120813515.0,0,0,0,0,0,0
KHM-004790,2014,3120813707.0,0,0,0,0,0,0
KHM-004791,2014,3120901049.0,0,0,0,0,0,0
KHM-004792,2014,3120901510.0,0,0,0,0,0,0
KHM-004793,2014,3120902050.0,0,0,0,0,0,0
KHM-004794,2014,3120903051.0,0,0,0,0,0,0
KHM-004795,2014,3120903710.0,0,0,0,0,0,0
KHM-004796,2014,3120904052.0,0,0,0,0,0,0
KHM-004797,2014,3120906053.0,0,0,0,0,0,0
KHM-004798,2014,3120906509.0,0,0,0,0,0,0
KHM-004799,2014,3130317703.0,0,0,0,0,0,0
KHM-004800,2014,3140505010.0,0,0,0,0,0,0
KHM-004801,2014,3150705011.0,0,0,0,0,0,0
KHM-004802,2014,3150801013.0,0,0,0,0,0,0
KHM-004803,2014,3151013042.0,0,0,0,0,0,0
KHM-004804,2014,3151016030.0,0,0,0,0,0,0
KHM-004805,2014,3151019025.0,0,0,0,0,0,0
KHM-004806,2014,3151020037.0,0,0,0,0,0,0
KHM-004807,2014,3151021038.0,0,0,0,0,0,0
KHM-004808,2014,3160105001.0,0,0,0,0,0,0
KHM-004809,2014,3160105713.0,0,0,0,0,0,0
KHM-004810,2014,3160110002.0,0,0,0,0,0,0
KHM-004811,2014,3160111003.0,0,0,0,0,0,0
KHM-004812,2014,3160112004.0,0,0,0,0,0,0
KHM-004813,2014,3160114005.0,0,0,0,0,0,0
KHM-004814,2014,3160115006.0,0,0,0,0,0,0
KHM-004815,2014,3160116007.0,0,0,0,0,0,0
KHM-004816,2014,3160120102.0,0,0,0,0,0,0
KHM-004817,2014,3160202008.0,0,0,0,0,0,0
KHM-004818,2014,3160202714.0,0,0,0,0,0,0
KHM-004819,2014,3160207009.0,0,0,0,0,0,0
KHM-004820,2014,3160211100.0,0,0,0,0,0,0
KHM-004821,2014,3160301081.0,0,0,0,0,0,0
KHM-004822,2014,3160303082.0,0,0,0,0,0,0
KHM-004823,2014,3160303709.0,0,0,0,0,0,0
KHM-004824,2014,3160308083.0,0,0,0,0,0,0
KHM-004825,2014,3160308516.0,0,0,0,0,0,0
KHM-004826,2014,3160309084.0,0,0,0,0,0,0
KHM-004827,2014,3160313069.0,0,0,0,0,0,0
KHM-004828,2014,3160314071.0,0,0,0,0,0,0
KHM-004829,2014,3160319099.0,0,0,0,0,0,0
KHM-004830,2014,3160401010.0,0,0,0,0,0,0
KHM-004831,2014,3160404011.0,0,0,0,0,0,0
KHM-004832,2014,3160412014.0,0,0,0,0,0,0
KHM-004833,2014,3160414015.0,0,0,0,0,0,0
KHM-004834,2014,3160417017.0,0,0,0,0,0,0
KHM-004835,2014,3160417508.0,0,0,0,0,0,0
KHM-004836,2014,3160417710.0,0,0,0,0,0,0
KHM-004837,2014,3160419012.0,0,0,0,0,0,0
KHM-004838,2014,3160419515.0,0,0,0,0,0,0
KHM-004839,2014,3160502018.0,0,0,0,0,0,0
KHM-004840,2014,3160506019.0,0,0,0,0,0,0
KHM-004841,2014,3160508020.0,0,0,0,0,0,0
KHM-004842,2014,3160508706.0,0,0,0,0,0,0
KHM-004843,2014,3160601021.0,0,0,0,0,0,0
KHM-004844,2014,3160601712.0,0,0,0,0,0,0
KHM-004845,2014,3160602022.0,0,0,0,0,0,0
KHM-004846,2014,3160603101.0,0,0,0,0,0,0
KHM-004847,2014,3160606023.0,0,0,0,0,0,0
KHM-004848,2014,3160608024.0,0,0,0,0,0,0
KHM-004849,2014,3160609025.0,0,0,0,0,0,0
KHM-004850,2014,3160609517.0,0,0,0,0,0,0
KHM-004851,2014,3160611093.0,0,0,0,0,0,0
KHM-004852,2014,3160611512.0,0,0,0,0,0,0
KHM-004853,2014,3160805026.0,0,0,0,0,0,0
KHM-004854,2014,3160805509.0,0,0,0,0,0,0
KHM-004855,2014,3160806027.0,0,0,0,0,0,0
KHM-004856,2014,3160806518.0,0,0,0,0,0,0
KHM-004857,2014,3160808028.0,0,0,0,0,0,0
KHM-004858,2014,3160808711.0,0,0,0,0,0,0
KHM-004859,2014,3160812060.0,0,0,0,0,0,0
KHM-004860,2014,3160815503.0,0,0,0,0,0,0
KHM-004861,2014,3160817052.0,0,0,0,0,0,0
KHM-004862,2014,3160817502.0,0,0,0,0,0,0
KHM-004863,2014,3160818091.0,0,0,0,0,0,0
KHM-004864,2014,3160818902.0,0,0,0,0,0,0
KHM-004865,2014,3160901073.0,0,0,0,0,0,0
KHM-004866,2014,3160906074.0,0,0,0,0,0,0
KHM-004867,2014,3160911075.0,0,0,0,0,0,0
KHM-004868,2014,3160911906.0,0,0,0,0,0,0
KHM-004869,2014,3160914076.0,0,0,0,0,0,0
KHM-004870,2014,3160919094.0,0,0,0,0,0,0
KHM-004871,2014,3160920098.0,0,0,0,0,0,0
KHM-004872,2014,3161103085.0,0,0,0,0,0,0
KHM-004873,2014,3161107086.0,0,0,0,0,0,0
KHM-004874,2014,3161111087.0,0,0,0,0,0,0
KHM-004875,2014,3161111514.0,0,0,0,0,0,0
KHM-004876,2014,3161111702.0,0,0,0,0,0,0
KHM-004877,2014,3161203029.0,0,0,0,0,0,0
KHM-004878,2014,3161204097.0,0,0,0,0,0,0
KHM-004879,2014,3161205030.0,0,0,0,0,0,0
KHM-004880,2014,3161205905.0,0,0,0,0,0,0
KHM-004881,2014,3161208032.0,0,0,0,0,0,0
KHM-004882,2014,3161209031.0,0,0,0,0,0,0
KHM-004883,2014,3161210033.0,0,0,0,0,0,0
KHM-004884,2014,3161210096.0,0,0,0,0,0,0
KHM-004885,2014,3161213095.0,0,0,0,0,0,0
KHM-004886,2014,3161214055.0,0,0,0,0,0,0
KHM-004887,2014,3161215056.0,0,0,0,0,0,0
KHM-004888,2014,3161301034.0,0,0,0,0,0,0
KHM-004889,2014,3161302035.0,0,0,0,0,0,0
KHM-004890,2014,3161302520.0,0,0,0,0,0,0
KHM-004891,2014,3161303707.0,0,0,0,0,0,0
KHM-004892,2014,3161305036.0,0,0,0,0,0,0
KHM-004893,2014,3161404037.0,0,0,0,0,0,0
KHM-004894,2014,3161404510.0,0,0,0,0,0,0
KHM-004895,2014,3161406038.0,0,0,0,0,0,0
KHM-004896,2014,3161406708.0,0,0,0,0,0,0
KHM-004897,2014,3161412106.0,0,0,0,0,0,0
KHM-004898,2014,3161503039.0,0,0,0,0,0,0
KHM-004899,2014,3161503903.0,0,0,0,0,0,0
KHM-004900,2014,3161505041.0,0,0,0,0,0,0
KHM-004901,2014,3161507040.0,0,0,0,0,0,0
KHM-004902,2014,3161509043.0,0,0,0,0,0,0
KHM-004903,2014,3161601044.0,0,0,0,0,0,0
KHM-004904,2014,3161603045.0,0,0,0,0,0,0
KHM-004905,2014,3161604046.0,0,0,0,0,0,0
KHM-004906,2014,3161605047.0,0,0,0,0,0,0
KHM-004907,2014,3161605513.0,0,0,0,0,0,0
KHM-004908,2014,3161608103.0,0,0,0,0,0,0
KHM-004909,2014,3161610048.0,0,0,0,0,0,0
KHM-004910,2014,3161612049.0,0,0,0,0,0,0
KHM-004911,2014,3161613050.0,0,0,0,0,0,0
KHM-004912,2014,3161613519.0,0,0,0,0,0,0
KHM-004913,2014,3161613904.0,0,0,0,0,0,0
KHM-004914,2014,3161614051.0,0,0,0,0,0,0
KHM-004915,2014,3161615053.0,0,0,0,0,0,0
KHM-004916,2014,3161616054.0,0,0,0,0,0,0
KHM-004917,2014,3161618065.0,0,0,0,0,0,0
KHM-004918,2014,3161622104.0,0,0,0,0,0,0
KHM-004919,2014,3161623105.0,0,0,0,0,0,0
KHM-004920,2014,3170102001.0,0,0,0,0,0,0
KHM-004921,2014,3170105002.0,0,0,0,0,0,0
KHM-004922,2014,3170105501.0,0,0,0,0,0,0
KHM-004923,2014,3170105702.0,0,0,0,0,0,0
KHM-004924,2014,3170110003.0,0,0,0,0,0,0
KHM-004925,2014,3170112004.0,0,0,0,0,0,0
KHM-004926,2014,3170112901.0,0,0,0,0,0,0
KHM-004927,2014,3170113005.0,0,0,0,0,0,0
KHM-004928,2014,3170114006.0,0,0,0,0,0,0
KHM-004929,2014,3170115010.0,0,0,0,0,0,0
KHM-004930,2014,3170201007.0,0,0,0,0,0,0
KHM-004931,2014,3170202008.0,0,0,0,0,0,0
KHM-004932,2014,3170202701.0,0,0,0,0,0,0
KHM-004933,2014,3170207009.0,0,0,0,0,0,0
KHM-004934,2014,3170211011.0,0,0,0,0,0,0
KHM-004935,2014,3170211503.0,0,0,0,0,0,0
KHM-004936,2014,3170212012.0,0,0,0,0,0,0
KHM-004937,2014,3170212503.0,0,0,0,0,0,0
KHM-004938,2014,4030201506.0,0,0,0,0,0,0
KHM-004939,2014,4050503508.0,0,0,0,0,0,0
KHM-004940,2014,4080802702.0,0,0,0,0,0,0
KHM-004941,2014,5030523016.0,0,0,0,0,0,0
KHM-004942,2014,5031302523.0,0,0,0,0,0,0
KHM-004943,2014,5051313057.0,0,0,0,0,0,0
KHM-004944,2014,5061201903.0,0,0,0,0,0,0
KHM-004945,2014,6010305519.0,0,0,0,0,0,0
KHM-004946,2014,6010505526.0,0,0,0,0,0,0
KHM-004947,2014,6010802523.0,0,0,0,0,0,0
KHM-004948,2014,6011004525.0,0,0,0,0,0,0
KHM-004949,2014,6011102521.0,0,0,0,0,0,0
KHM-004950,2014,6020201512.0,0,0,0,0,0,0
KHM-004951,2014,6020205511.0,0,0,0,0,0,0
KHM-004952,2014,6020303515.0,0,0,0,0,0,0
KHM-004953,2014,6020305516.0,0,0,0,0,0,0
KHM-004954,2014,6020409513.0,0,0,0,0,0,0
KHM-004955,2014,6020710514.0,0,0,0,0,0,0
KHM-004956,2014,6020806521.0,0,0,0,0,0,0
KHM-004957,2014,6020810522.0,0,0,0,0,0,0
KHM-004958,2014,6020815520.0,0,0,0,0,0,0
KHM-004959,2014,6020907068.0,0,0,0,0,0,0
KHM-004960,2014,6020916519.0,0,0,0,0,0,0
KHM-004961,2014,6020918518.0,0,0,0,0,0,0
KHM-004962,2014,6031007034.0,0,0,0,0,0,0
KHM-004963,2014,6031008035.0,0,0,0,0,0,0
KHM-004964,2014,6040106505.0,0,0,0,0,0,0
KHM-004965,2014,6040206506.0,0,0,0,0,0,0
KHM-004966,2014,6040304508.0,0,0,0,0,0,0
KHM-004967,2014,6040306507.0,0,0,0,0,0,0
KHM-004968,2014,6040307509.0,0,0,0,0,0,0
KHM-004969,2014,6040513511.0,0,0,0,0,0,0
KHM-004970,2014,6040514512.0,0,0,0,0,0,0
KHM-004971,2014,6040604510.0,0,0,0,0,0,0
KHM-004972,2014,6040704513.0,0,0,0,0,0,0
KHM-004973,2014,6050201513.0,0,0,0,0,0,0
KHM-004974,2014,6050304512.0,0,0,0,0,0,0
KHM-004975,2014,6050502517.0,0,0,0,0,0,0
KHM-004976,2014,6060401508.0,0,0,0,0,0,0
KHM-004977,2014,6060402506.0,0,0,0,0,0,0
KHM-004978,2014,6060506508.0,0,0,0,0,0,0
KHM-004979,2014,6060602509.0,0,0,0,0,0,0
KHM-004980,2014,6060702517.0,0,0,0,0,0,0
KHM-004981,2014,6060704516.0,0,0,0,0,0,0
KHM-004982,2014,6060705514.0,0,0,0,0,0,0
KHM-004983,2014,6060707513.0,0,0,0,0,0,0
KHM-004984,2014,6060713515.0,0,0,0,0,0,0
KHM-004985,2014,6060906512.0,0,0,0,0,0,0
KHM-004986,2014,6070704518.0,0,0,0,0,0,0
KHM-004987,2014,6070803031.0,0,0,0,0,0,0
KHM-004988,2014,6070803519.0,0,0,0,0,0,0
KHM-004989,2014,6070909001.0,0,0,0,0,0,0
KHM-004990,2014,6070910057.0,0,0,0,0,0,0
KHM-004991,2014,6070911520.0,0,0,0,0,0,0
KHM-004992,2014,6080702712.0,0,0,0,0,0,0
KHM-004993,2014,6080901518.0,0,0,0,0,0,0
KHM-004994,2014,6081210526.0,0,0,0,0,0,0
KHM-004995,2014,6081212525.0,0,0,0,0,0,0
KHM-004996,2014,7010104532.0,0,0,0,0,0,0
KHM-004997,2014,7040102510.0,0,0,0,0,0,0
KHM-004998,2014,7040403702.0,0,0,0,0,0,0
KHM-004999,2014,7071202514.0,0,0,0,0,0,0
KHM-005000,2014,7071803508.0,0,0,0,0,0,0
KHM-005001,2014,7080403008.0,3,7,10,165,129,294
KHM-005002,2014,7080404009.0,4,9,13,223,223,446
KHM-005003,2014,7080502010.0,8,6,14,256,217,473
KHM-005004,2014,7080503011.0,3,4,7,106,115,221
KHM-005005,2014,8010103001.0,0,6,6,206,162,368
KHM-005006,2014,8010104028.0,5,4,9,279,250,529
KHM-005007,2014,8010205029.0,3,4,7,209,187,396
KHM-005008,2014,8010206002.0,1,5,6,212,181,393
KHM-005009,2014,8010305003.0,2,10,12,319,281,600
KHM-005010,2014,8010404038.0,1,3,4,91,86,177
KHM-005011,2014,8010405005.0,11,8,19,492,430,922
KHM-005012,2014,8010502006.0,1,5,6,214,138,352
KHM-005013,2014,8010506030.0,3,0,3,54,52,106
KHM-005014,2014,8010603007.0,2,9,11,329,302,631
KHM-005015,2014,8010612008.0,3,6,9,316,297,613
KHM-005016,2014,8010701009.0,2,3,5,70,71,141
KHM-005017,2014,8010705031.0,2,3,5,257,247,504
KHM-005018,2014,8010707036.0,1,2,3,55,28,83
KHM-005019,2014,8010801010.0,2,2,4,180,152,332
KHM-005020,2014,8010902011.0,4,11,15,287,296,583
KHM-005021,2014,8011301013.0,3,1,4,95,85,180
KHM-005022,2014,8011503015.0,3,5,8,295,234,529
KHM-005023,2014,8011602016.0,2,5,7,174,155,329
KHM-005024,2014,8011706017.0,2,3,5,185,176,361
KHM-005025,2014,8011805018.0,2,0,2,251,203,454
KHM-005026,2014,8011806019.0,1,2,3,162,168,330
KHM-005027,2014,8012201021.0,1,10,11,275,251,526
KHM-005028,2014,8012501023.0,0,2,2,138,134,272
KHM-005029,2014,8012505033.0,1,2,3,141,120,261
KHM-005030,2014,8012701025.0,3,2,5,294,245,539
KHM-005031,2014,8012704037.0,1,2,3,51,46,97
KHM-005032,2014,8012705026.0,1,2,3,159,163,322
KHM-005033,2014,8012801027.0,2,3,5,172,168,340
KHM-005034,2014,8012803034.0,4,1,5,162,136,298
KHM-005035,2014,8012805039.0,2,1,3,129,140,269
KHM-005036,2014,8012808035.0,1,2,3,133,111,244
KHM-005037,2014,8020101001.0,1,3,4,227,212,439
KHM-005038,2014,8020101043.0,1,2,3,224,181,405
KHM-005039,2014,8020102002.0,2,4,6,380,372,752
KHM-005040,2014,8020103003.0,2,1,3,245,215,460
KHM-005041,2014,8020201047.0,1,5,6,186,87,273
KHM-005042,2014,8020202004.0,5,5,10,194,105,299
KHM-005043,2014,8020203010.0,3,2,5,151,95,246
KHM-005044,2014,8020204041.0,4,0,4,110,103,213
KHM-005045,2014,8020204044.0,1,0,1,67,51,118
KHM-005046,2014,8020302005.0,3,14,17,529,474,1003
KHM-005047,2014,8020303006.0,5,14,19,489,456,945
KHM-005048,2014,8020303039.0,1,1,2,94,76,170
KHM-005049,2014,8020401042.0,8,4,12,283,262,545
KHM-005050,2014,8020402007.0,5,4,9,258,210,468
KHM-005051,2014,8020403008.0,2,4,6,116,101,217
KHM-005052,2014,8020601016.0,5,28,33,692,618,1310
KHM-005053,2014,8020602018.0,1,6,7,254,253,507
KHM-005054,2014,8020603017.0,2,2,4,74,59,133
KHM-005055,2014,8020603019.0,2,5,7,94,69,163
KHM-005056,2014,8020604048.0,1,3,4,75,78,153
KHM-005057,2014,8020701022.0,0,8,8,157,130,287
KHM-005058,2014,8020702020.0,4,7,11,351,260,611
KHM-005059,2014,8020703045.0,2,0,2,258,240,498
KHM-005060,2014,8020704021.0,7,1,8,262,220,482
KHM-005061,2014,8020801023.0,1,2,3,205,179,384
KHM-005062,2014,8020801046.0,0,3,3,124,86,210
KHM-005063,2014,8020802025.0,3,3,6,205,157,362
KHM-005064,2014,8020803024.0,1,6,7,326,254,580
KHM-005065,2014,8021101032.0,2,1,3,272,223,495
KHM-005066,2014,8021102033.0,1,11,12,309,282,591
KHM-005067,2014,8021103036.0,1,8,9,533,538,1071
KHM-005068,2014,8021105035.0,0,4,4,298,229,527
KHM-005069,2014,8021106034.0,1,2,3,228,218,446
KHM-005070,2014,8021106040.0,1,1,2,83,85,168
KHM-005071,2014,8030103001.0,7,2,9,282,173,455
KHM-005072,2014,8030104002.0,3,1,4,158,119,277
KHM-005073,2014,8030201004.0,2,4,6,219,168,387
KHM-005074,2014,8030203029.0,3,0,3,137,146,283
KHM-005075,2014,8030205042.0,5,2,7,171,125,296
KHM-005076,2014,8030302006.0,3,2,5,117,94,211
KHM-005077,2014,8030303031.0,3,2,5,131,109,240
KHM-005078,2014,8030404007.0,5,15,20,367,298,665
KHM-005079,2014,8030501032.0,1,0,1,95,58,153
KHM-005080,2014,8030502008.0,1,4,5,241,204,445
KHM-005081,2014,8030504009.0,1,2,3,149,126,275
KHM-005082,2014,8030601010.0,7,12,19,545,445,990
KHM-005083,2014,8030604043.0,1,1,2,94,109,203
KHM-005084,2014,8030701033.0,0,4,4,214,177,391
KHM-005085,2014,8030705012.0,3,5,8,385,413,798
KHM-005086,2014,8030707011.0,2,1,3,148,123,271
KHM-005087,2014,8030804013.0,1,8,9,403,353,756
KHM-005088,2014,8030901014.0,3,9,12,427,361,788
KHM-005089,2014,8031003015.0,13,21,34,784,726,1510
KHM-005090,2014,8031102017.0,10,4,14,318,259,577
KHM-005091,2014,8031104018.0,6,13,19,426,385,811
KHM-005092,2014,8031106016.0,0,7,7,170,170,340
KHM-005093,2014,8031201019.0,7,7,14,246,199,445
KHM-005094,2014,8031202020.0,7,7,14,316,254,570
KHM-005095,2014,8031301021.0,5,7,12,447,405,852
KHM-005096,2014,8031305034.0,1,6,7,276,239,515
KHM-005097,2014,8031306035.0,1,1,2,145,145,290
KHM-005098,2014,8031401038.0,0,4,4,128,173,301
KHM-005099,2014,8031403022.0,7,5,12,364,347,711
KHM-005100,2014,8031405037.0,1,2,3,105,95,200
KHM-005101,2014,8031406036.0,1,1,2,56,39,95
KHM-005102,2014,8031502023.0,1,6,7,196,157,353
KHM-005103,2014,8031503039.0,1,2,3,171,124,295
KHM-005104,2014,8031601024.0,5,8,13,210,160,370
KHM-005105,2014,8031604025.0,3,5,8,178,182,360
KHM-005106,2014,8031606040.0,3,0,3,59,71,130
KHM-005107,2014,8031702026.0,1,7,8,208,186,394
KHM-005108,2014,8031801041.0,2,4,6,235,253,488
KHM-005109,2014,8031803027.0,5,10,15,424,403,827
KHM-005110,2014,8031808028.0,4,4,8,294,275,569
KHM-005111,2014,8040102002.0,7,1,8,343,325,668
KHM-005112,2014,8040104028.0,2,2,4,254,235,489
KHM-005113,2014,8040106038.0,0,1,1,14,7,21
KHM-005114,2014,8040108001.0,5,0,5,204,173,377
KHM-005115,2014,8040201007.0,4,3,7,238,191,429
KHM-005116,2014,8040203003.0,3,4,7,167,159,326
KHM-005117,2014,8040208004.0,5,3,8,312,303,615
KHM-005118,2014,8040305006.0,6,4,10,343,298,641
KHM-005119,2014,8040309005.0,0,3,3,223,205,428
KHM-005120,2014,8040310032.0,2,0,2,90,93,183
KHM-005121,2014,8040401008.0,2,6,8,265,212,477
KHM-005122,2014,8040404027.0,0,1,1,40,33,73
KHM-005123,2014,8040406029.0,1,1,2,33,35,68
KHM-005124,2014,8040501010.0,2,8,10,314,252,566
KHM-005125,2014,8040503011.0,1,3,4,65,39,104
KHM-005126,2014,8040704012.0,8,2,10,441,433,874
KHM-005127,2014,8040707013.0,2,3,5,211,232,443
KHM-005128,2014,8040711014.0,4,0,4,253,281,534
KHM-005129,2014,8040802015.0,2,2,4,161,113,274
KHM-005130,2014,8040806016.0,4,9,13,434,428,862
KHM-005131,2014,8040809017.0,4,3,7,252,195,447
KHM-005132,2014,8040901033.0,1,0,1,73,74,147
KHM-005133,2014,8040902018.0,2,2,4,158,144,302
KHM-005134,2014,8040903039.0,1,0,1,13,15,28
KHM-005135,2014,8040904037.0,1,0,1,15,17,32
KHM-005136,2014,8041002020.0,7,6,13,276,238,514
KHM-005137,2014,8041003021.0,8,5,13,298,291,589
KHM-005138,2014,8041005040.0,4,1,5,159,143,302
KHM-005139,2014,8041009019.0,6,3,9,350,378,728
KHM-005140,2014,8041010036.0,3,3,6,236,229,465
KHM-005141,2014,8041101009.0,5,20,25,357,344,701
KHM-005142,2014,8041104022.0,2,8,10,224,199,423
KHM-005143,2014,8041106023.0,5,16,21,484,436,920
KHM-005144,2014,8041111024.0,5,9,14,301,331,632
KHM-005145,2014,8041201034.0,2,5,7,299,248,547
KHM-005146,2014,8041203035.0,1,3,4,286,246,532
KHM-005147,2014,8041204026.0,3,1,4,222,203,425
KHM-005148,2014,8041205025.0,3,6,9,369,332,701
KHM-005149,2014,8041208031.0,2,2,4,230,206,436
KHM-005150,2014,8041209030.0,2,1,3,35,33,68
KHM-005151,2014,8050101001.0,4,11,15,264,266,530
KHM-005152,2014,8050102002.0,5,13,18,371,333,704
KHM-005153,2014,8050104003.0,1,4,5,78,65,143
KHM-005154,2014,8050201012.0,1,1,2,96,60,156
KHM-005155,2014,8050202004.0,4,3,7,131,126,257
KHM-005156,2014,8050203020.0,2,0,2,79,72,151
KHM-005157,2014,8050301005.0,6,3,9,164,146,310
KHM-005158,2014,8050302014.0,3,3,6,86,83,169
KHM-005159,2014,8050303013.0,1,4,5,83,69,152
KHM-005160,2014,8050401016.0,1,2,3,115,107,222
KHM-005161,2014,8050402006.0,3,1,4,144,138,282
KHM-005162,2014,8050403015.0,3,3,6,230,201,431
KHM-005163,2014,8050501017.0,2,1,3,42,30,72
KHM-005164,2014,8050502008.0,1,6,7,271,285,556
KHM-005165,2014,8050503007.0,2,6,8,282,282,564
KHM-005166,2014,8050601009.0,12,14,26,447,436,883
KHM-005167,2014,8050602010.0,4,4,8,237,221,458
KHM-005168,2014,8050603018.0,1,0,1,86,73,159
KHM-005169,2014,8050702019.0,2,3,5,68,71,139
KHM-005170,2014,8050703011.0,4,4,8,164,156,320
KHM-005171,2014,8060101001.0,5,3,8,311,255,566
KHM-005172,2014,8060102003.0,3,0,3,108,105,213
KHM-005173,2014,8060103002.0,3,2,5,97,86,183
KHM-005174,2014,8060104033.0,1,0,1,78,52,130
KHM-005175,2014,8060201005.0,3,1,4,166,148,314
KHM-005176,2014,8060202004.0,2,0,2,133,155,288
KHM-005177,2014,8060302006.0,4,6,10,252,241,493
KHM-005178,2014,8060402007.0,3,5,8,124,106,230
KHM-005179,2014,8060501008.0,0,8,8,151,155,306
KHM-005180,2014,8060502009.0,3,3,6,63,57,120
KHM-005181,2014,8060601010.0,1,7,8,183,196,379
KHM-005182,2014,8060702011.0,4,8,12,232,215,447
KHM-005183,2014,8060705012.0,1,8,9,220,206,426
KHM-005184,2014,8060801034.0,3,0,3,73,69,142
KHM-005185,2014,8060802013.0,3,5,8,180,138,318
KHM-005186,2014,8060901030.0,2,1,3,153,167,320
KHM-005187,2014,8060902031.0,1,0,1,27,46,73
KHM-005188,2014,8061001014.0,2,1,3,95,81,176
KHM-005189,2014,8061003015.0,2,4,6,232,207,439
KHM-005190,2014,8061101032.0,1,0,1,72,84,156
KHM-005191,2014,8061102017.0,0,5,5,98,94,192
KHM-005192,2014,8061103018.0,4,3,7,194,173,367
KHM-005193,2014,8061104019.0,3,4,7,104,101,205
KHM-005194,2014,8061105016.0,4,2,6,97,96,193
KHM-005195,2014,8061201022.0,2,5,7,161,143,304
KHM-005196,2014,8061202021.0,3,1,4,144,150,294
KHM-005197,2014,8061203020.0,4,0,4,167,152,319
KHM-005198,2014,8061301025.0,0,4,4,241,202,443
KHM-005199,2014,8061302023.0,3,2,5,328,301,629
KHM-005200,2014,8061303024.0,3,0,3,170,203,373
KHM-005201,2014,8061401027.0,1,5,6,63,69,132
KHM-005202,2014,8061402026.0,4,3,7,171,124,295
KHM-005203,2014,8061501029.0,5,9,14,176,135,311
KHM-005204,2014,8061503028.0,2,6,8,80,72,152
KHM-005205,2014,8070304007.0,14,12,26,652,588,1240
KHM-005206,2014,8070306009.0,1,1,2,160,132,292
KHM-005207,2014,8070307008.0,3,2,5,238,212,450
KHM-005208,2014,8070401012.0,3,7,10,165,141,306
KHM-005209,2014,8070403011.0,11,11,22,294,289,583
KHM-005210,2014,8070404010.0,4,20,24,431,362,793
KHM-005211,2014,8070701013.0,5,13,18,219,239,458
KHM-005212,2014,8070702014.0,2,8,10,260,211,471
KHM-005213,2014,8070704015.0,2,2,4,29,36,65
KHM-005214,2014,8070801018.0,2,8,10,99,75,174
KHM-005215,2014,8070803016.0,2,7,9,202,167,369
KHM-005216,2014,8070804017.0,2,9,11,113,119,232
KHM-005217,2014,8070903019.0,2,3,5,89,84,173
KHM-005218,2014,8070904020.0,4,7,11,250,222,472
KHM-005219,2014,8070905033.0,0,3,3,62,72,134
KHM-005220,2014,8071001021.0,3,3,6,250,290,540
KHM-005221,2014,8071002028.0,1,1,2,134,105,239
KHM-005222,2014,8071003029.0,0,0,0,93,64,157
KHM-005223,2014,8071004022.0,0,3,3,105,121,226
KHM-005224,2014,8071005023.0,2,0,2,126,149,275
KHM-005225,2014,8071006031.0,0,0,0,78,66,144
KHM-005226,2014,8071007030.0,1,0,1,6,9,15
KHM-005227,2014,8071101026.0,1,8,9,231,175,406
KHM-005228,2014,8071102024.0,1,4,5,128,118,246
KHM-005229,2014,8071103032.0,3,2,5,93,110,203
KHM-005230,2014,8071104025.0,5,7,12,228,209,437
KHM-005231,2014,8080104001.0,6,23,29,1116,946,2062
KHM-005232,2014,8080305028.0,0,4,4,261,193,454
KHM-005233,2014,8080308004.0,1,3,4,74,62,136
KHM-005234,2014,8080401005.0,3,7,10,581,510,1091
KHM-005235,2014,8080404029.0,0,3,3,147,125,272
KHM-005236,2014,8080406030.0,1,3,4,243,232,475
KHM-005237,2014,8080703032.0,2,2,4,108,73,181
KHM-005238,2014,8080709011.0,2,6,8,256,256,512
KHM-005239,2014,8080803013.0,0,4,4,151,164,315
KHM-005240,2014,8080811033.0,1,2,3,167,154,321
KHM-005241,2014,8080813012.0,1,2,3,226,180,406
KHM-005242,2014,8080901015.0,5,0,5,151,182,333
KHM-005243,2014,8080907023.0,3,1,4,98,99,197
KHM-005244,2014,8080913034.0,3,0,3,187,204,391
KHM-005245,2014,8080922014.0,3,4,7,416,391,807
KHM-005246,2014,8081113036.0,2,1,3,249,193,442
KHM-005247,2014,8081119017.0,3,8,11,532,484,1016
KHM-005248,2014,8081308019.0,3,4,7,354,338,692
KHM-005249,2014,8081323020.0,2,4,6,249,211,460
KHM-005250,2014,8081405022.0,4,1,5,271,174,445
KHM-005251,2014,8081411021.0,1,1,2,97,84,181
KHM-005252,2014,8081419040.0,3,0,3,140,123,263
KHM-005253,2014,8081426026.0,1,1,2,142,147,289
KHM-005254,2014,8081602025.0,4,2,6,273,186,459
KHM-005255,2014,8081612035.0,2,2,4,161,136,297
KHM-005256,2014,8081618043.0,2,1,3,102,90,192
KHM-005257,2014,8081623024.0,3,4,7,253,254,507
KHM-005258,2014,8090109019.0,1,0,1,192,215,407
KHM-005259,2014,8090115041.0,1,2,3,250,243,493
KHM-005260,2014,8090116001.0,2,0,2,220,186,406
KHM-005261,2014,8090201020.0,1,0,1,109,105,214
KHM-005262,2014,8090202036.0,0,1,1,81,81,162
KHM-005263,2014,8090203051.0,1,2,3,73,50,123
KHM-005264,2014,8090208021.0,4,1,5,72,58,130
KHM-005265,2014,8090208049.0,2,0,2,76,57,133
KHM-005266,2014,8090210002.0,0,6,6,251,205,456
KHM-005267,2014,8090215046.0,0,0,0,95,106,201
KHM-005268,2014,8090301022.0,1,3,4,93,68,161
KHM-005269,2014,8090304003.0,6,3,9,324,357,681
KHM-005270,2014,8090305023.0,3,1,4,86,89,175
KHM-005271,2014,8090305034.0,3,2,5,61,58,119
KHM-005272,2014,8090401024.0,3,6,9,100,126,226
KHM-005273,2014,8090402004.0,0,7,7,105,113,218
KHM-005274,2014,8090405025.0,5,0,5,105,94,199
KHM-005275,2014,8090406037.0,4,2,6,59,61,120
KHM-005276,2014,8090502005.0,3,7,10,177,180,357
KHM-005277,2014,8090505042.0,9,7,16,272,248,520
KHM-005278,2014,8090506006.0,2,0,2,44,44,88
KHM-005279,2014,8090508048.0,3,0,3,97,90,187
KHM-005280,2014,8090510038.0,0,2,2,97,108,205
KHM-005281,2014,8090511007.0,1,1,2,115,90,205
KHM-005282,2014,8090601026.0,2,2,4,278,248,526
KHM-005283,2014,8090614008.0,6,2,8,368,411,779
KHM-005284,2014,8090618033.0,4,0,4,242,199,441
KHM-005285,2014,8090701040.0,0,3,3,59,64,123
KHM-005286,2014,8090702009.0,1,4,5,92,87,179
KHM-005287,2014,8090703027.0,4,2,6,201,196,397
KHM-005288,2014,8091001030.0,3,5,8,256,220,476
KHM-005289,2014,8091003012.0,5,3,8,271,273,544
KHM-005290,2014,8091102013.0,2,2,4,43,50,93
KHM-005291,2014,8091103050.0,0,0,0,32,18,50
KHM-005292,2014,8091105035.0,1,3,4,208,199,407
KHM-005293,2014,8091108014.0,0,6,6,255,225,480
KHM-005294,2014,8091303044.0,0,0,0,83,74,157
KHM-005295,2014,8091311016.0,2,0,2,139,123,262
KHM-005296,2014,8091312043.0,2,1,3,121,96,217
KHM-005297,2014,8091315017.0,3,2,5,255,273,528
KHM-005298,2014,8091401032.0,1,2,3,62,64,126
KHM-005299,2014,8091408047.0,1,3,4,136,110,246
KHM-005300,2014,8091412018.0,1,13,14,300,287,587
KHM-005301,2014,8100102046.0,0,2,2,38,48,86
KHM-005302,2014,8100103001.0,3,3,6,338,299,637
KHM-005303,2014,8100104003.0,0,4,4,102,104,206
KHM-005304,2014,8100105002.0,3,2,5,68,60,128
KHM-005305,2014,8100106004.0,2,2,4,251,232,483
KHM-005306,2014,8100107045.0,2,4,6,151,113,264
KHM-005307,2014,8100201061.0,0,1,1,14,8,22
KHM-005308,2014,8100202006.0,3,2,5,144,78,222
KHM-005309,2014,8100204005.0,2,1,3,80,92,172
KHM-005310,2014,8100301008.0,3,9,12,303,251,554
KHM-005311,2014,8100304007.0,2,9,11,262,193,455
KHM-005312,2014,8100403009.0,1,1,2,216,181,397
KHM-005313,2014,8100403047.0,1,1,2,107,98,205
KHM-005314,2014,8100405010.0,1,0,1,112,82,194
KHM-005315,2014,8100405063.0,1,0,1,22,18,40
KHM-005316,2014,8100504013.0,4,1,5,373,351,724
KHM-005317,2014,8100510011.0,4,4,8,411,434,845
KHM-005318,2014,8100515012.0,3,1,4,209,236,445
KHM-005319,2014,8100601014.0,1,2,3,239,254,493
KHM-005320,2014,8100604049.0,2,1,3,64,80,144
KHM-005321,2014,8100605048.0,3,0,3,50,59,109
KHM-005322,2014,8100702015.0,4,6,10,479,413,892
KHM-005323,2014,8100703016.0,2,6,8,110,102,212
KHM-005324,2014,8100704017.0,0,3,3,68,55,123
KHM-005325,2014,8100706018.0,3,4,7,297,247,544
KHM-005326,2014,8100706064.0,2,2,4,64,55,119
KHM-005327,2014,8100707019.0,1,4,5,179,156,335
KHM-005328,2014,8100709020.0,6,2,8,335,308,643
KHM-005329,2014,8100801021.0,2,13,15,510,438,948
KHM-005330,2014,8100805022.0,4,16,20,313,320,633
KHM-005331,2014,8100807050.0,2,0,2,162,205,367
KHM-005332,2014,8100901023.0,2,9,11,552,526,1078
KHM-005333,2014,8100904025.0,2,2,4,175,179,354
KHM-005334,2014,8100905024.0,2,0,2,115,85,200
KHM-005335,2014,8101006051.0,3,3,6,201,173,374
KHM-005336,2014,8101007026.0,3,3,6,439,415,854
KHM-005337,2014,8101008052.0,2,2,4,314,246,560
KHM-005338,2014,8101101028.0,6,1,7,279,280,559
KHM-005339,2014,8101102027.0,1,6,7,336,253,589
KHM-005340,2014,8101103062.0,1,2,3,109,99,208
KHM-005341,2014,8101104029.0,3,1,4,29,34,63
KHM-005342,2014,8101201030.0,6,4,10,471,432,903
KHM-005343,2014,8101204053.0,1,1,2,151,146,297
KHM-005344,2014,8101206054.0,2,0,2,153,159,312
KHM-005345,2014,8101207031.0,5,3,8,249,198,447
KHM-005346,2014,8101209055.0,0,2,2,163,146,309
KHM-005347,2014,8101302032.0,2,4,6,238,196,434
KHM-005348,2014,8101303033.0,3,4,7,320,305,625
KHM-005349,2014,8101304034.0,1,4,5,93,101,194
KHM-005350,2014,8101402035.0,2,6,8,303,250,553
KHM-005351,2014,8101404056.0,1,1,2,44,25,69
KHM-005352,2014,8101405036.0,0,0,0,83,85,168
KHM-005353,2014,8101406057.0,1,1,2,54,45,99
KHM-005354,2014,8101407037.0,2,0,2,273,272,545
KHM-005355,2014,8101409058.0,1,2,3,291,231,522
KHM-005356,2014,8101501059.0,1,1,2,125,126,251
KHM-005357,2014,8101502038.0,1,4,5,169,139,308
KHM-005358,2014,8101503041.0,2,2,4,117,99,216
KHM-005359,2014,8101505060.0,1,2,3,103,70,173
KHM-005360,2014,8101506040.0,4,1,5,320,329,649
KHM-005361,2014,8101508039.0,1,6,7,309,260,569
KHM-005362,2014,8101604042.0,4,6,10,235,222,457
KHM-005363,2014,8101605043.0,2,2,4,109,85,194
KHM-005364,2014,8101608044.0,1,1,2,209,234,443
KHM-005365,2014,8110201001.0,5,37,42,546,483,1029
KHM-005366,2014,8110202002.0,10,32,42,612,494,1106
KHM-005367,2014,8110303003.0,6,18,24,491,466,957
KHM-005368,2014,8110304010.0,3,3,6,59,70,129
KHM-005369,2014,8110401004.0,16,31,47,506,465,971
KHM-005370,2014,8110401005.0,11,14,25,510,472,982
KHM-005371,2014,8110402006.0,11,19,30,746,723,1469
KHM-005372,2014,8110502007.0,7,11,18,426,364,790
KHM-005373,2014,8110601008.0,9,15,24,378,341,719
KHM-005374,2014,8110602011.0,6,11,17,234,198,432
KHM-005375,2014,8110603009.0,6,4,10,219,192,411
KHM-005376,2014,9010101001.0,7,6,13,252,232,484
KHM-005377,2014,9010104013.0,3,2,5,107,95,202
KHM-005378,2014,9010106002.0,5,0,5,109,112,221
KHM-005379,2014,9010201004.0,2,4,6,144,100,244
KHM-005380,2014,9010202005.0,3,2,5,78,89,167
KHM-005381,2014,9010204006.0,1,2,3,55,60,115
KHM-005382,2014,9010303007.0,4,1,5,103,102,205
KHM-005383,2014,9010401008.0,6,0,6,76,89,165
KHM-005384,2014,9010402009.0,1,4,5,89,91,180
KHM-005385,2014,9010403012.0,5,1,6,71,74,145
KHM-005386,2014,9010405010.0,12,9,21,433,412,845
KHM-005387,2014,9010406014.0,3,0,3,46,48,94
KHM-005388,2014,9020101001.0,6,5,11,208,179,387
KHM-005389,2014,9020103002.0,4,1,5,72,55,127
KHM-005390,2014,9020104008.0,4,0,4,62,45,107
KHM-005391,2014,9020105006.0,0,0,0,12,6,18
KHM-005392,2014,9020204007.0,4,1,5,68,57,125
KHM-005393,2014,9020301004.0,5,2,7,51,36,87
KHM-005394,2014,9030101001.0,3,3,6,92,75,167
KHM-005395,2014,9030201002.0,4,1,5,36,49,85
KHM-005396,2014,9030203003.0,4,3,7,131,103,234
KHM-005397,2014,9030204006.0,3,1,4,51,81,132
KHM-005398,2014,9030301008.0,2,1,3,29,21,50
KHM-005399,2014,9030302004.0,2,2,4,60,43,103
KHM-005400,2014,9030401005.0,1,5,6,75,74,149
KHM-005401,2014,9030402009.0,2,0,2,38,44,82
KHM-005402,2014,9030404007.0,1,4,5,84,68,152
KHM-005403,2014,9030404011.0,1,0,1,18,27,45
KHM-005404,2014,9040101001.0,18,14,32,401,342,743
KHM-005405,2014,9040103003.0,5,8,13,212,157,369
KHM-005406,2014,9040104002.0,3,4,7,49,48,97
KHM-005407,2014,9040105006.0,5,5,10,117,103,220
KHM-005408,2014,9040204004.0,16,6,22,155,191,346
KHM-005409,2014,9040302005.0,3,2,5,43,29,72
KHM-005410,2014,9050101001.0,2,8,10,313,296,609
KHM-005411,2014,9050104010.0,1,2,3,37,40,77
KHM-005412,2014,9050105002.0,2,0,2,47,41,88
KHM-005413,2014,9050106003.0,2,4,6,85,94,179
KHM-005414,2014,9050107008.0,4,10,14,369,342,711
KHM-005415,2014,9050107011.0,0,0,0,15,25,40
KHM-005416,2014,9050201004.0,2,0,2,19,11,30
KHM-005417,2014,9050203009.0,4,3,7,58,62,120
KHM-005418,2014,9050302006.0,2,1,3,43,42,85
KHM-005419,2014,9050303007.0,3,0,3,28,15,43
KHM-005420,2014,9060101033.0,1,1,2,29,21,50
KHM-005421,2014,9060102001.0,6,7,13,180,201,381
KHM-005422,2014,9060103002.0,4,2,6,128,97,225
KHM-005423,2014,9060104003.0,2,2,4,68,67,135
KHM-005424,2014,9060105004.0,3,4,7,54,69,123
KHM-005425,2014,9060201032.0,2,1,3,62,39,101
KHM-005426,2014,9060203007.0,0,5,5,59,44,103
KHM-005427,2014,9060204008.0,1,2,3,52,39,91
KHM-005428,2014,9060205009.0,3,1,4,80,81,161
KHM-005429,2014,9060206034.0,1,2,3,44,45,89
KHM-005430,2014,9060301010.0,2,2,4,47,31,78
KHM-005431,2014,9060302011.0,4,3,7,93,86,179
KHM-005432,2014,9060303012.0,3,1,4,72,73,145
KHM-005433,2014,9060304013.0,1,3,4,46,35,81
KHM-005434,2014,9060305041.0,3,0,3,36,32,68
KHM-005435,2014,9060401042.0,1,4,5,63,59,122
KHM-005436,2014,9060403014.0,3,3,6,114,109,223
KHM-005437,2014,9060405035.0,1,3,4,30,36,66
KHM-005438,2014,9060407015.0,5,2,7,163,156,319
KHM-005439,2014,9060502017.0,1,3,4,93,99,192
KHM-005440,2014,9060503018.0,3,1,4,80,76,156
KHM-005441,2014,9060504019.0,4,1,5,59,80,139
KHM-005442,2014,9060505020.0,5,1,6,108,93,201
KHM-005443,2014,9060507040.0,3,1,4,131,127,258
KHM-005444,2014,9060701026.0,4,1,5,84,90,174
KHM-005445,2014,9060702027.0,5,2,7,165,173,338
KHM-005446,2014,9060704029.0,10,13,23,336,311,647
KHM-005447,2014,9060705030.0,4,3,7,63,81,144
KHM-005448,2014,9060706031.0,0,7,7,162,146,308
KHM-005449,2014,9070102001.0,3,6,9,202,175,377
KHM-005450,2014,9070202005.0,1,0,1,22,31,53
KHM-005451,2014,9070402003.0,3,1,4,45,30,75
KHM-005452,2014,9070502010.0,2,0,2,18,20,38
KHM-005453,2014,9070503006.0,4,2,6,65,47,112
KHM-005454,2014,10010104001.0,1,3,4,42,33,75
KHM-005455,2014,10010105002.0,1,5,6,130,133,263
KHM-005456,2014,10010106003.0,3,14,17,349,337,686
KHM-005457,2014,10010201004.0,2,2,4,83,79,162
KHM-005458,2014,10010202005.0,1,6,7,191,165,356
KHM-005459,2014,10010203029.0,2,2,4,113,123,236
KHM-005460,2014,10010204006.0,4,3,7,147,156,303
KHM-005461,2014,10010205030.0,1,3,4,59,57,116
KHM-005462,2014,10010206007.0,1,2,3,70,83,153
KHM-005463,2014,10010208033.0,2,0,2,49,58,107
KHM-005464,2014,10010302009.0,5,18,23,331,344,675
KHM-005465,2014,10010303010.0,1,8,9,114,115,229
KHM-005466,2014,10010401011.0,3,0,3,102,119,221
KHM-005467,2014,10010402012.0,2,0,2,49,45,94
KHM-005468,2014,10010403013.0,3,2,5,131,129,260
KHM-005469,2014,10010404014.0,2,0,2,56,63,119
KHM-005470,2014,10010502015.0,3,4,7,107,102,209
KHM-005471,2014,10010504016.0,6,12,18,277,303,580
KHM-005472,2014,10010505031.0,2,2,4,54,45,99
KHM-005473,2014,10010601017.0,0,6,6,120,114,234
KHM-005474,2014,10010603018.0,5,3,8,139,116,255
KHM-005475,2014,10010604019.0,2,4,6,106,137,243
KHM-005476,2014,10010703020.0,5,10,15,249,282,531
KHM-005477,2014,10010704021.0,3,10,13,228,209,437
KHM-005478,2014,10010705022.0,2,3,5,105,112,217
KHM-005479,2014,10010801023.0,3,9,12,185,150,335
KHM-005480,2014,10010802032.0,1,4,5,120,114,234
KHM-005481,2014,10010803025.0,2,4,6,78,72,150
KHM-005482,2014,10010804026.0,2,4,6,71,78,149
KHM-005483,2014,10010805027.0,3,6,9,102,126,228
KHM-005484,2014,10010806028.0,2,4,6,91,61,152
KHM-005485,2014,10020101001.0,2,3,5,50,43,93
KHM-005486,2014,10020102002.0,0,4,4,45,36,81
KHM-005487,2014,10020302005.0,0,20,20,254,238,492
KHM-005488,2014,10020302006.0,2,10,12,258,213,471
KHM-005489,2014,10020304007.0,4,8,12,188,173,361
KHM-005490,2014,10020401008.0,3,3,6,78,72,150
KHM-005491,2014,10020402009.0,6,8,14,257,277,534
KHM-005492,2014,10020403010.0,2,10,12,183,137,320
KHM-005493,2014,10020404011.0,5,6,11,168,169,337
KHM-005494,2014,10020405012.0,1,15,16,332,295,627
KHM-005495,2014,10020501013.0,4,16,20,296,287,583
KHM-005496,2014,10020801003.0,3,11,14,200,169,369
KHM-005497,2014,10020802004.0,1,5,6,65,54,119
KHM-005498,2014,10030101001.0,1,5,6,91,84,175
KHM-005499,2014,10030102002.0,3,12,15,168,152,320
KHM-005500,2014,10030103003.0,4,9,13,121,113,234
KHM-005501,2014,10030105004.0,1,5,6,49,68,117
KHM-005502,2014,10030106005.0,4,0,4,100,126,226
KHM-005503,2014,10030107041.0,2,0,2,18,12,30
KHM-005504,2014,10030201006.0,2,3,5,96,95,191
KHM-005505,2014,10030201042.0,0,4,4,67,56,123
KHM-005506,2014,10030202007.0,3,7,10,265,270,535
KHM-005507,2014,10030205008.0,3,7,10,247,268,515
KHM-005508,2014,10030206009.0,0,7,7,175,171,346
KHM-005509,2014,10030301010.0,4,2,6,120,102,222
KHM-005510,2014,10030302011.0,1,2,3,65,60,125
KHM-005511,2014,10030303012.0,1,7,8,201,175,376
KHM-005512,2014,10030304013.0,1,3,4,82,82,164
KHM-005513,2014,10030401014.0,0,1,1,10,4,14
KHM-005514,2014,10030402015.0,1,3,4,85,76,161
KHM-005515,2014,10030501016.0,3,1,4,58,70,128
KHM-005516,2014,10030502017.0,0,4,4,49,78,127
KHM-005517,2014,10030503018.0,1,0,1,9,6,15
KHM-005518,2014,10030504019.0,1,0,1,22,21,43
KHM-005519,2014,10030505020.0,3,3,6,82,74,156
KHM-005520,2014,10030506021.0,4,12,16,191,212,403
KHM-005521,2014,10030507022.0,3,9,12,208,214,422
KHM-005522,2014,10030508023.0,1,7,8,123,118,241
KHM-005523,2014,10030509024.0,0,4,4,35,38,73
KHM-005524,2014,10030510025.0,4,3,7,105,105,210
KHM-005525,2014,10030511043.0,1,5,6,171,140,311
KHM-005526,2014,10030601026.0,2,12,14,214,168,382
KHM-005527,2014,10030602027.0,4,10,14,153,156,309
KHM-005528,2014,10030603028.0,4,7,11,115,105,220
KHM-005529,2014,10030701029.0,2,1,3,92,85,177
KHM-005530,2014,10030703030.0,2,6,8,232,201,433
KHM-005531,2014,10030704031.0,1,4,5,63,62,125
KHM-005532,2014,10030705032.0,2,2,4,72,53,125
KHM-005533,2014,10030706033.0,0,5,5,147,113,260
KHM-005534,2014,10030707034.0,2,2,4,148,126,274
KHM-005535,2014,10030801035.0,3,2,5,82,70,152
KHM-005536,2014,10030802036.0,3,3,6,67,66,133
KHM-005537,2014,10030803037.0,2,1,3,60,59,119
KHM-005538,2014,10030804038.0,1,4,5,56,49,105
KHM-005539,2014,10030805039.0,2,1,3,61,60,121
KHM-005540,2014,10030806040.0,4,5,9,272,260,532
KHM-005541,2014,10040101001.0,3,1,4,174,194,368
KHM-005542,2014,10040102002.0,3,2,5,111,72,183
KHM-005543,2014,10040103003.0,3,3,6,58,61,119
KHM-005544,2014,10040201004.0,6,1,7,214,217,431
KHM-005545,2014,10040202035.0,4,1,5,120,157,277
KHM-005546,2014,10040203005.0,2,1,3,84,92,176
KHM-005547,2014,10040204006.0,3,0,3,95,91,186
KHM-005548,2014,10040205007.0,3,3,6,80,114,194
KHM-005549,2014,10040206039.0,3,0,3,111,106,217
KHM-005550,2014,10040207036.0,2,3,5,131,134,265
KHM-005551,2014,10040207042.0,3,1,4,43,55,98
KHM-005552,2014,10040301008.0,3,0,3,86,94,180
KHM-005553,2014,10040303009.0,1,3,4,78,68,146
KHM-005554,2014,10040304010.0,3,2,5,97,114,211
KHM-005555,2014,10040305011.0,2,1,3,96,108,204
KHM-005556,2014,10040305037.0,2,1,3,66,81,147
KHM-005557,2014,10040403040.0,2,0,2,41,52,93
KHM-005558,2014,10040404012.0,2,3,5,88,88,176
KHM-005559,2014,10040405013.0,3,11,14,249,255,504
KHM-005560,2014,10040501014.0,3,11,14,71,116,187
KHM-005561,2014,10040502047.0,1,1,2,107,84,191
KHM-005562,2014,10040504015.0,5,4,9,221,214,435
KHM-005563,2014,10040505016.0,2,2,4,107,115,222
KHM-005564,2014,10040505048.0,1,2,3,113,92,205
KHM-005565,2014,10040505049.0,3,0,3,103,80,183
KHM-005566,2014,10040505051.0,1,1,2,133,113,246
KHM-005567,2014,10040506046.0,1,1,2,102,56,158
KHM-005568,2014,10040601017.0,2,1,3,102,99,201
KHM-005569,2014,10040601043.0,1,0,1,93,79,172
KHM-005570,2014,10040602018.0,3,2,5,243,236,479
KHM-005571,2014,10040603038.0,1,1,2,85,66,151
KHM-005572,2014,10040604050.0,0,0,0,46,47,93
KHM-005573,2014,10040701019.0,1,6,7,115,115,230
KHM-005574,2014,10040704044.0,1,2,3,47,55,102
KHM-005575,2014,10040705020.0,2,1,3,63,53,116
KHM-005576,2014,10040706021.0,6,14,20,394,373,767
KHM-005577,2014,10040708022.0,2,3,5,74,65,139
KHM-005578,2014,10040801023.0,1,5,6,89,79,168
KHM-005579,2014,10040802024.0,3,3,6,93,70,163
KHM-005580,2014,10040803025.0,2,5,7,177,165,342
KHM-005581,2014,10040804026.0,2,4,6,200,165,365
KHM-005582,2014,10040805027.0,4,3,7,120,101,221
KHM-005583,2014,10040901028.0,1,2,3,90,88,178
KHM-005584,2014,10040904029.0,2,1,3,115,106,221
KHM-005585,2014,10040905030.0,2,1,3,93,83,176
KHM-005586,2014,10040906041.0,2,1,3,90,72,162
KHM-005587,2014,10041001031.0,3,0,3,121,119,240
KHM-005588,2014,10041002032.0,2,4,6,99,98,197
KHM-005589,2014,10041003033.0,2,2,4,72,67,139
KHM-005590,2014,10041004034.0,2,2,4,86,77,163
KHM-005591,2014,10050101001.0,2,1,3,104,97,201
KHM-005592,2014,10050102002.0,1,1,2,103,107,210
KHM-005593,2014,10050103003.0,1,0,1,24,28,52
KHM-005594,2014,10050104037.0,0,2,2,17,16,33
KHM-005595,2014,10050105005.0,1,5,6,286,264,550
KHM-005596,2014,10050106006.0,2,1,3,72,74,146
KHM-005597,2014,10050107007.0,2,4,6,155,179,334
KHM-005598,2014,10050108008.0,1,2,3,64,83,147
KHM-005599,2014,10050109042.0,1,0,1,20,27,47
KHM-005600,2014,10050110043.0,1,0,1,43,42,85
KHM-005601,2014,10050201038.0,2,2,4,196,140,336
KHM-005602,2014,10050202009.0,4,2,6,158,157,315
KHM-005603,2014,10050204041.0,1,1,2,100,74,174
KHM-005604,2014,10050205039.0,2,1,3,96,86,182
KHM-005605,2014,10050206004.0,2,2,4,224,158,382
KHM-005606,2014,10050208048.0,1,0,1,35,21,56
KHM-005607,2014,10050209053.0,2,2,4,163,157,320
KHM-005608,2014,10050210054.0,1,3,4,328,298,626
KHM-005609,2014,10050303012.0,3,0,3,114,81,195
KHM-005610,2014,10050304013.0,2,3,5,128,94,222
KHM-005611,2014,10050305014.0,2,1,3,200,159,359
KHM-005612,2014,10050306032.0,5,11,16,541,476,1017
KHM-005613,2014,10050307015.0,2,9,11,257,235,492
KHM-005614,2014,10050308016.0,2,3,5,157,195,352
KHM-005615,2014,10050309017.0,0,7,7,217,234,451
KHM-005616,2014,10050310029.0,0,2,2,35,21,56
KHM-005617,2014,10050310031.0,2,0,2,19,20,39
KHM-005618,2014,10050310050.0,2,0,2,74,65,139
KHM-005619,2014,10050311030.0,2,2,4,63,58,121
KHM-005620,2014,10050311033.0,1,0,1,15,5,20
KHM-005621,2014,10050315034.0,3,0,3,27,34,61
KHM-005622,2014,10050401018.0,1,2,3,130,107,237
KHM-005623,2014,10050402019.0,1,5,6,208,193,401
KHM-005624,2014,10050403020.0,2,0,2,162,121,283
KHM-005625,2014,10050404021.0,1,1,2,129,127,256
KHM-005626,2014,10050405036.0,2,0,2,55,70,125
KHM-005627,2014,10050406022.0,4,1,5,176,148,324
KHM-005628,2014,10050407040.0,1,1,2,255,241,496
KHM-005629,2014,10050407047.0,1,1,2,47,61,108
KHM-005630,2014,10050408044.0,1,0,1,45,58,103
KHM-005631,2014,10050409045.0,2,2,4,243,234,477
KHM-005632,2014,10050410046.0,2,0,2,66,72,138
KHM-005633,2014,10050410049.0,2,0,2,74,51,125
KHM-005634,2014,10050411052.0,1,0,1,98,109,207
KHM-005635,2014,10050501023.0,2,8,10,254,245,499
KHM-005636,2014,10050502024.0,1,3,4,95,88,183
KHM-005637,2014,10050504026.0,3,3,6,223,205,428
KHM-005638,2014,10050505027.0,4,2,6,166,142,308
KHM-005639,2014,10050506028.0,2,3,5,159,149,308
KHM-005640,2014,10050507055.0,2,2,4,118,119,237
KHM-005641,2014,10060101001.0,1,5,6,135,118,253
KHM-005642,2014,10060103002.0,2,2,4,58,38,96
KHM-005643,2014,10060104003.0,1,5,6,40,39,79
KHM-005644,2014,10060105004.0,2,4,6,66,65,131
KHM-005645,2014,10060106005.0,1,6,7,138,144,282
KHM-005646,2014,10060108006.0,5,4,9,94,83,177
KHM-005647,2014,10060109058.0,2,5,7,95,103,198
KHM-005648,2014,10060201007.0,3,3,6,169,126,295
KHM-005649,2014,10060202008.0,5,3,8,163,135,298
KHM-005650,2014,10060202065.0,2,0,2,52,58,110
KHM-005651,2014,10060202067.0,1,1,2,80,77,157
KHM-005652,2014,10060301009.0,6,5,11,203,205,408
KHM-005653,2014,10060302057.0,1,2,3,55,42,97
KHM-005654,2014,10060303010.0,2,2,4,61,60,121
KHM-005655,2014,10060304011.0,2,2,4,73,84,157
KHM-005656,2014,10060305012.0,1,4,5,90,99,189
KHM-005657,2014,10060306013.0,4,2,6,81,71,152
KHM-005658,2014,10060307059.0,2,2,4,67,59,126
KHM-005659,2014,10060309014.0,3,0,3,31,37,68
KHM-005660,2014,10060401015.0,1,2,3,120,80,200
KHM-005661,2014,10060402055.0,1,2,3,149,164,313
KHM-005662,2014,10060403016.0,1,1,2,64,82,146
KHM-005663,2014,10060403063.0,1,1,2,40,53,93
KHM-005664,2014,10060405017.0,2,5,7,231,204,435
KHM-005665,2014,10060406018.0,2,0,2,55,29,84
KHM-005666,2014,10060502019.0,2,4,6,162,135,297
KHM-005667,2014,10060503020.0,5,5,10,151,144,295
KHM-005668,2014,10060504060.0,2,3,5,60,48,108
KHM-005669,2014,10060602021.0,1,3,4,29,25,54
KHM-005670,2014,10060603022.0,3,1,4,40,44,84
KHM-005671,2014,10060605023.0,0,4,4,49,35,84
KHM-005672,2014,10060701037.0,2,1,3,84,62,146
KHM-005673,2014,10060702038.0,0,3,3,93,77,170
KHM-005674,2014,10060703039.0,1,6,7,162,125,287
KHM-005675,2014,10060704040.0,4,9,13,218,216,434
KHM-005676,2014,10060705041.0,1,2,3,45,36,81
KHM-005677,2014,10060706042.0,2,2,4,39,45,84
KHM-005678,2014,10060801043.0,2,4,6,131,125,256
KHM-005679,2014,10060802044.0,1,2,3,58,47,105
KHM-005680,2014,10060803045.0,3,3,6,104,96,200
KHM-005681,2014,10060804046.0,2,2,4,53,65,118
KHM-005682,2014,10060805047.0,0,2,2,15,20,35
KHM-005683,2014,10060806048.0,1,3,4,50,37,87
KHM-005684,2014,10060901049.0,3,3,6,128,108,236
KHM-005685,2014,10060902050.0,3,10,13,220,236,456
KHM-005686,2014,10060903051.0,2,3,5,52,33,85
KHM-005687,2014,10061001052.0,1,5,6,199,177,376
KHM-005688,2014,10061005054.0,2,2,4,171,165,336
KHM-005689,2014,10061006066.0,1,1,2,80,57,137
KHM-005690,2014,10061007053.0,1,1,2,100,84,184
KHM-005691,2014,10061008030.0,2,2,4,91,106,197
KHM-005692,2014,11010101001.0,4,0,4,32,44,76
KHM-005693,2014,11010103008.0,5,0,5,42,50,92
KHM-005694,2014,11010104009.0,2,4,6,113,101,214
KHM-005695,2014,11010201002.0,2,3,5,48,42,90
KHM-005696,2014,11010203017.0,5,0,5,25,29,54
KHM-005697,2014,11010205003.0,6,2,8,122,136,258
KHM-005698,2014,11010302004.0,7,0,7,76,64,140
KHM-005699,2014,11010303013.0,5,1,6,111,85,196
KHM-005700,2014,11010304014.0,2,1,3,25,29,54
KHM-005701,2014,11010305015.0,4,0,4,31,31,62
KHM-005702,2014,11010306021.0,3,1,4,32,31,63
KHM-005703,2014,11010401006.0,8,9,17,294,285,579
KHM-005704,2014,11010401016.0,2,6,8,135,126,261
KHM-005705,2014,11010401019.0,0,8,8,135,124,259
KHM-005706,2014,11010401020.0,3,3,6,111,118,229
KHM-005707,2014,11010402018.0,7,0,7,73,74,147
KHM-005708,2014,11010403026.0,4,0,4,40,39,79
KHM-005709,2014,11010406007.0,3,4,7,144,165,309
KHM-005710,2014,11010406027.0,2,1,3,20,16,36
KHM-005711,2014,11010501012.0,3,1,4,22,25,47
KHM-005712,2014,11010502010.0,3,1,4,25,24,49
KHM-005713,2014,11010503011.0,2,2,4,34,39,73
KHM-005714,2014,11010504022.0,3,0,3,14,22,36
KHM-005715,2014,11010505005.0,2,4,6,108,117,225
KHM-005716,2014,11020103006.0,2,4,6,68,80,148
KHM-005717,2014,11020104007.0,4,2,6,92,91,183
KHM-005718,2014,11020201012.0,0,1,1,6,9,15
KHM-005719,2014,11020202001.0,4,2,6,48,61,109
KHM-005720,2014,11020202017.0,1,5,6,81,72,153
KHM-005721,2014,11020301008.0,1,5,6,83,80,163
KHM-005722,2014,11020302019.0,2,2,4,26,37,63
KHM-005723,2014,11020303018.0,2,1,3,21,15,36
KHM-005724,2014,11020304009.0,4,0,4,41,39,80
KHM-005725,2014,11020305014.0,3,0,3,35,20,55
KHM-005726,2014,11020306022.0,1,2,3,18,26,44
KHM-005727,2014,11020405002.0,3,3,6,90,67,157
KHM-005728,2014,11020406013.0,5,0,5,55,42,97
KHM-005729,2014,11020407015.0,4,0,4,57,43,100
KHM-005730,2014,11020501010.0,4,2,6,98,88,186
KHM-005731,2014,11020503020.0,1,2,3,21,27,48
KHM-005732,2014,11020601016.0,2,4,6,78,87,165
KHM-005733,2014,11020604003.0,4,2,6,82,81,163
KHM-005734,2014,11020605004.0,3,3,6,74,86,160
KHM-005735,2014,11020609005.0,6,8,14,281,298,579
KHM-005736,2014,11020610023.0,3,0,3,23,16,39
KHM-005737,2014,11030101001.0,6,0,6,142,138,280
KHM-005738,2014,11030202004.0,1,3,4,33,42,75
KHM-005739,2014,11030202008.0,1,2,3,13,6,19
KHM-005740,2014,11030203005.0,1,2,3,13,17,30
KHM-005741,2014,11030203006.0,0,3,3,13,20,33
KHM-005742,2014,11030204002.0,3,3,6,24,36,60
KHM-005743,2014,11030205003.0,3,3,6,103,96,199
KHM-005744,2014,11030205007.0,6,0,6,19,25,44
KHM-005745,2014,11030205010.0,2,1,3,19,20,39
KHM-005746,2014,11040103004.0,2,4,6,66,87,153
KHM-005747,2014,11040105009.0,1,5,6,92,92,184
KHM-005748,2014,11040201002.0,2,4,6,69,63,132
KHM-005749,2014,11040202007.0,2,4,6,100,91,191
KHM-005750,2014,11040203011.0,4,2,6,44,67,111
KHM-005751,2014,11040204010.0,3,4,7,85,84,169
KHM-005752,2014,11040301005.0,0,5,5,100,100,200
KHM-005753,2014,11040303006.0,2,4,6,25,37,62
KHM-005754,2014,11040404008.0,2,4,6,114,91,205
KHM-005755,2014,11040406001.0,2,14,16,325,346,671
KHM-005756,2014,11040408013.0,2,0,2,45,29,74
KHM-005757,2014,11050102007.0,0,6,6,89,95,184
KHM-005758,2014,11050204001.0,1,5,6,96,85,181
KHM-005759,2014,11050305002.0,10,14,24,503,465,968
KHM-005760,2014,11050401003.0,3,0,3,48,41,89
KHM-005761,2014,11050401008.0,2,2,4,36,43,79
KHM-005762,2014,11050401009.0,1,1,2,28,24,52
KHM-005763,2014,11050402006.0,1,2,3,74,70,144
KHM-005764,2014,11050403004.0,2,3,5,84,84,168
KHM-005765,2014,11050404005.0,2,2,4,48,36,84
KHM-005766,2014,12010101001.0,4,10,14,85,73,158
KHM-005767,2014,12010105004.0,8,22,30,370,351,721
KHM-005768,2014,12010205003.0,7,17,24,197,150,347
KHM-005769,2014,12010305005.0,8,45,53,425,411,836
KHM-005770,2014,12010407006.0,8,38,46,692,638,1330
KHM-005771,2014,12010501007.0,9,23,32,188,168,356
KHM-005772,2014,12010603008.0,20,40,60,617,601,1218
KHM-005773,2014,12010707009.0,3,14,17,212,229,441
KHM-005774,2014,12010801010.0,9,33,42,279,321,600
KHM-005775,2014,12010901011.0,8,23,31,190,181,371
KHM-005776,2014,12011005012.0,11,40,51,433,324,757
KHM-005777,2014,12011103013.0,11,44,55,609,598,1207
KHM-005778,2014,12011204014.0,4,33,37,418,433,851
KHM-005779,2014,12020102042.0,3,1,4,46,57,103
KHM-005780,2014,12020105007.0,4,6,10,118,111,229
KHM-005781,2014,12020106008.0,15,37,52,1207,1158,2365
KHM-005782,2014,12020704019.0,3,11,14,244,198,442
KHM-005783,2014,12020705034.0,3,4,7,204,131,335
KHM-005784,2014,12020710020.0,6,9,15,472,457,929
KHM-005785,2014,12020803026.0,0,8,8,213,179,392
KHM-005786,2014,12020805036.0,2,10,12,213,165,378
KHM-005787,2014,12021003032.0,3,4,7,118,110,228
KHM-005788,2014,12021005037.0,3,3,6,111,94,205
KHM-005789,2014,12021008024.0,1,8,9,184,161,345
KHM-005790,2014,12021009025.0,2,6,8,151,135,286
KHM-005791,2014,12021202014.0,2,8,10,166,168,334
KHM-005792,2014,12021301021.0,3,10,13,230,250,480
KHM-005793,2014,12021303022.0,0,2,2,30,49,79
KHM-005794,2014,12021401033.0,3,5,8,62,68,130
KHM-005795,2014,12021406027.0,3,3,6,83,52,135
KHM-005796,2014,12021501001.0,5,3,8,120,108,228
KHM-005797,2014,12021503002.0,5,8,13,463,386,849
KHM-005798,2014,12022004053.0,2,5,7,131,112,243
KHM-005799,2014,12022103055.0,8,8,16,480,512,992
KHM-005800,2014,12022104054.0,5,4,9,194,152,346
KHM-005801,2014,12022202056.0,4,2,6,131,138,269
KHM-005802,2014,12022606064.0,4,5,9,177,191,368
KHM-005803,2014,12022703063.0,2,3,5,80,80,160
KHM-005804,2014,12030302005.0,8,36,44,437,369,806
KHM-005805,2014,12030405001.0,6,49,55,339,342,681
KHM-005806,2014,12030607003.0,14,69,83,1479,1362,2841
KHM-005807,2014,12030704010.0,7,19,26,334,313,647
KHM-005808,2014,12030802011.0,18,47,65,985,932,1917
KHM-005809,2014,12031002007.0,23,65,88,1654,1560,3214
KHM-005810,2014,12031101006.0,4,26,30,267,215,482
KHM-005811,2014,12040101014.0,23,35,58,1377,1273,2650
KHM-005812,2014,12040103016.0,11,33,44,740,791,1531
KHM-005813,2014,12040105015.0,21,79,100,1929,2051,3980
KHM-005814,2014,12040201001.0,3,36,39,603,598,1201
KHM-005815,2014,12040203002.0,11,49,60,1136,1106,2242
KHM-005816,2014,12040205003.0,6,22,28,532,481,1013
KHM-005817,2014,12040602005.0,6,28,34,548,532,1080
KHM-005818,2014,12040701006.0,10,36,46,960,940,1900
KHM-005819,2014,12040702004.0,8,25,33,517,456,973
KHM-005820,2014,12050701003.0,24,119,143,1533,1486,3019
KHM-005821,2014,12050702004.0,3,30,33,216,216,432
KHM-005822,2014,12050801001.0,3,12,15,137,112,249
KHM-005823,2014,12050802002.0,2,15,17,142,151,293
KHM-005824,2014,12060201024.0,8,31,39,745,700,1445
KHM-005825,2014,12060202025.0,9,35,44,1129,1104,2233
KHM-005826,2014,12060302021.0,13,12,25,680,620,1300
KHM-005827,2014,12060403010.0,1,5,6,179,204,383
KHM-005828,2014,12060601020.0,5,74,79,1492,1458,2950
KHM-005829,2014,12061101001.0,3,12,15,427,396,823
KHM-005830,2014,12061203002.0,5,23,28,889,861,1750
KHM-005831,2014,12070401006.0,21,115,136,1691,1679,3370
KHM-005832,2014,12070606007.0,10,43,53,559,537,1096
KHM-005833,2014,12070611008.0,16,70,86,1151,1050,2201
KHM-005834,2014,12070801003.0,11,15,26,265,280,545
KHM-005835,2014,12070903004.0,5,19,24,273,241,514
KHM-005836,2014,12070909005.0,7,14,21,167,187,354
KHM-005837,2014,12071005001.0,15,59,74,937,872,1809
KHM-005838,2014,12080102001.0,2,7,9,223,190,413
KHM-005839,2014,12080103002.0,11,20,31,1027,983,2010
KHM-005840,2014,12080105003.0,3,5,8,115,91,206
KHM-005841,2014,12080106004.0,1,4,5,130,154,284
KHM-005842,2014,12080203005.0,4,15,19,453,391,844
KHM-005843,2014,12080205006.0,19,38,57,1274,1040,2314
KHM-005844,2014,12080210007.0,8,4,12,327,289,616
KHM-005845,2014,12080303008.0,11,34,45,666,761,1427
KHM-005846,2014,12080308009.0,6,31,37,697,639,1336
KHM-005847,2014,12090206041.0,2,4,6,371,364,735
KHM-005848,2014,12090210030.0,13,8,21,750,635,1385
KHM-005849,2014,12090405017.0,3,4,7,193,176,369
KHM-005850,2014,12090407035.0,1,1,2,21,15,36
KHM-005851,2014,12090408018.0,3,6,9,207,202,409
KHM-005852,2014,12090505003.0,6,15,21,505,492,997
KHM-005853,2014,12090508004.0,25,34,59,1246,1202,2448
KHM-005854,2014,12090511039.0,1,1,2,54,38,92
KHM-005855,2014,12090514006.0,11,19,30,666,623,1289
KHM-005856,2014,12090515031.0,3,0,3,65,64,129
KHM-005857,2014,12090520005.0,19,47,66,1809,1686,3495
KHM-005858,2014,12090523040.0,6,7,13,404,353,757
KHM-005859,2014,12090604009.0,11,15,26,682,580,1262
KHM-005860,2014,12090608010.0,6,32,38,868,734,1602
KHM-005861,2014,12090609011.0,16,25,41,1133,1073,2206
KHM-005862,2014,12090904028.0,6,3,9,136,203,339
KHM-005863,2014,12090906038.0,2,4,6,126,121,247
KHM-005864,2014,12090912029.0,5,1,6,183,150,333
KHM-005865,2014,12091602045.0,2,2,4,70,75,145
KHM-005866,2014,12091607043.0,2,3,5,136,145,281
KHM-005867,2014,12091609044.0,4,4,8,263,230,493
KHM-005868,2014,12091706046.0,4,1,5,220,191,411
KHM-005869,2014,12091802048.0,9,6,15,528,489,1017
KHM-005870,2014,12091816047.0,4,4,8,220,189,409
KHM-005871,2014,12091904052.0,1,2,3,138,125,263
KHM-005872,2014,12091907050.0,1,5,6,85,63,148
KHM-005873,2014,12091912051.0,3,4,7,251,207,458
KHM-005874,2014,12092406061.0,2,1,3,108,74,182
KHM-005875,2014,12092408062.0,2,4,6,199,187,386
KHM-005876,2014,12092410060.0,1,2,3,99,72,171
KHM-005877,2014,13010101009.0,7,7,14,215,228,443
KHM-005878,2014,13010104017.0,3,3,6,33,31,64
KHM-005879,2014,13010201018.0,3,3,6,125,91,216
KHM-005880,2014,13010203011.0,5,1,6,64,75,139
KHM-005881,2014,13010204019.0,3,3,6,30,27,57
KHM-005882,2014,13010302004.0,2,4,6,85,109,194
KHM-005883,2014,13010303005.0,6,2,8,158,112,270
KHM-005884,2014,13010401001.0,4,2,6,48,56,104
KHM-005885,2014,13010402002.0,1,4,5,60,72,132
KHM-005886,2014,13010403003.0,5,1,6,40,48,88
KHM-005887,2014,13010404012.0,5,1,6,53,52,105
KHM-005888,2014,13010405013.0,3,4,7,49,43,92
KHM-005889,2014,13010406014.0,4,2,6,51,42,93
KHM-005890,2014,13010501010.0,3,4,7,160,215,375
KHM-005891,2014,13010502015.0,3,1,4,60,34,94
KHM-005892,2014,13010503016.0,4,1,5,57,62,119
KHM-005893,2014,13010601006.0,3,3,6,71,92,163
KHM-005894,2014,13010602007.0,6,4,10,225,231,456
KHM-005895,2014,13010603008.0,5,1,6,76,90,166
KHM-005896,2014,13020101001.0,11,6,17,251,236,487
KHM-005897,2014,13020101025.0,1,1,2,24,51,75
KHM-005898,2014,13020103024.0,3,1,4,100,108,208
KHM-005899,2014,13020201019.0,3,2,5,71,55,126
KHM-005900,2014,13020202020.0,4,1,5,48,65,113
KHM-005901,2014,13020203018.0,3,0,3,72,76,148
KHM-005902,2014,13020204003.0,3,2,5,148,143,291
KHM-005903,2014,13020301011.0,8,2,10,142,106,248
KHM-005904,2014,13020302012.0,4,2,6,50,52,102
KHM-005905,2014,13020401013.0,5,1,6,48,40,88
KHM-005906,2014,13020402005.0,2,4,6,53,66,119
KHM-005907,2014,13020403006.0,4,2,6,51,59,110
KHM-005908,2014,13020501008.0,4,0,4,126,104,230
KHM-005909,2014,13020503009.0,3,3,6,68,106,174
KHM-005910,2014,13020601010.0,5,1,6,141,126,267
KHM-005911,2014,13020602023.0,3,1,4,98,112,210
KHM-005912,2014,13020701004.0,2,2,4,138,138,276
KHM-005913,2014,13020702017.0,2,0,2,37,46,83
KHM-005914,2014,13020703016.0,3,1,4,71,54,125
KHM-005915,2014,13020704014.0,3,0,3,94,67,161
KHM-005916,2014,13020705015.0,3,1,4,38,32,70
KHM-005917,2014,13020801022.0,2,1,3,50,52,102
KHM-005918,2014,13020802021.0,1,1,2,43,37,80
KHM-005919,2014,13020803002.0,1,2,3,29,30,59
KHM-005920,2014,13020804007.0,2,1,3,51,57,108
KHM-005921,2014,13030101001.0,2,9,11,448,415,863
KHM-005922,2014,13030102002.0,0,5,5,119,114,233
KHM-005923,2014,13030104003.0,1,3,4,91,85,176
KHM-005924,2014,13030105004.0,3,0,3,42,35,77
KHM-005925,2014,13030106024.0,0,2,2,57,37,94
KHM-005926,2014,13030107035.0,2,1,3,108,145,253
KHM-005927,2014,13030108036.0,1,1,2,82,60,142
KHM-005928,2014,13030201019.0,2,1,3,44,32,76
KHM-005929,2014,13030205012.0,2,2,4,38,46,84
KHM-005930,2014,13030206021.0,1,1,2,66,66,132
KHM-005931,2014,13030207025.0,1,2,3,52,46,98
KHM-005932,2014,13030208028.0,1,3,4,58,44,102
KHM-005933,2014,13030209029.0,1,2,3,73,54,127
KHM-005934,2014,13030210030.0,1,1,2,26,42,68
KHM-005935,2014,13030211031.0,0,1,1,64,39,103
KHM-005936,2014,13030212032.0,1,0,1,62,65,127
KHM-005937,2014,13030213033.0,1,1,2,64,61,125
KHM-005938,2014,13030214034.0,1,1,2,32,28,60
KHM-005939,2014,13030301008.0,3,1,4,64,76,140
KHM-005940,2014,13030302009.0,1,2,3,75,78,153
KHM-005941,2014,13030401010.0,4,2,6,144,201,345
KHM-005942,2014,13030403011.0,1,3,4,69,82,151
KHM-005943,2014,13030501013.0,2,2,4,33,35,68
KHM-005944,2014,13030502014.0,1,0,1,69,68,137
KHM-005945,2014,13030503018.0,3,0,3,45,35,80
KHM-005946,2014,13030504015.0,2,0,2,48,26,74
KHM-005947,2014,13030505016.0,1,0,1,70,101,171
KHM-005948,2014,13030506017.0,1,3,4,88,88,176
KHM-005949,2014,13030508042.0,0,2,2,150,123,273
KHM-005950,2014,13030601005.0,1,1,2,87,98,185
KHM-005951,2014,13030602006.0,4,3,7,256,243,499
KHM-005952,2014,13030603022.0,1,1,2,82,80,162
KHM-005953,2014,13030604007.0,1,0,1,83,84,167
KHM-005954,2014,13030605020.0,3,3,6,353,248,601
KHM-005955,2014,13030607027.0,1,0,1,54,43,97
KHM-005956,2014,13030608037.0,2,3,5,223,229,452
KHM-005957,2014,13030609038.0,2,2,4,122,100,222
KHM-005958,2014,13030610039.0,2,2,4,85,79,164
KHM-005959,2014,13030611040.0,1,1,2,45,37,82
KHM-005960,2014,13030612041.0,2,0,2,118,94,212
KHM-005961,2014,13040101001.0,1,9,10,204,216,420
KHM-005962,2014,13040102007.0,0,4,4,75,84,159
KHM-005963,2014,13040201026.0,2,2,4,78,88,166
KHM-005964,2014,13040202006.0,3,0,3,86,109,195
KHM-005965,2014,13040203024.0,1,0,1,26,25,51
KHM-005966,2014,13040204025.0,1,0,1,34,38,72
KHM-005967,2014,13040301005.0,1,5,6,138,131,269
KHM-005968,2014,13040302011.0,2,3,5,38,49,87
KHM-005969,2014,13040304018.0,0,3,3,45,37,82
KHM-005970,2014,13040305019.0,0,3,3,31,32,63
KHM-005971,2014,13040306012.0,2,2,4,51,41,92
KHM-005972,2014,13040401023.0,2,1,3,65,62,127
KHM-005973,2014,13040402004.0,4,1,5,115,128,243
KHM-005974,2014,13040403010.0,4,0,4,98,106,204
KHM-005975,2014,13040501002.0,1,2,3,102,143,245
KHM-005976,2014,13040502003.0,2,0,2,34,40,74
KHM-005977,2014,13040503022.0,2,0,2,32,20,52
KHM-005978,2014,13040504009.0,4,0,4,149,152,301
KHM-005979,2014,13040601008.0,6,4,10,400,469,869
KHM-005980,2014,13040602027.0,1,2,3,100,88,188
KHM-005981,2014,13040603013.0,3,0,3,55,75,130
KHM-005982,2014,13040604014.0,1,1,2,48,39,87
KHM-005983,2014,13040605015.0,2,0,2,100,72,172
KHM-005984,2014,13040606016.0,1,0,1,98,69,167
KHM-005985,2014,13040607017.0,1,0,1,50,38,88
KHM-005986,2014,13040608020.0,1,0,1,61,61,122
KHM-005987,2014,13040609021.0,1,0,1,40,42,82
KHM-005988,2014,13050102011.0,7,11,18,235,262,497
KHM-005989,2014,13050106012.0,1,5,6,74,74,148
KHM-005990,2014,13050204003.0,3,5,8,130,119,249
KHM-005991,2014,13050205046.0,1,3,4,37,49,86
KHM-005992,2014,13050302013.0,4,4,8,106,99,205
KHM-005993,2014,13050306014.0,6,2,8,124,98,222
KHM-005994,2014,13050401022.0,6,5,11,195,167,362
KHM-005995,2014,13050404023.0,3,4,7,124,119,243
KHM-005996,2014,13050502010.0,8,5,13,147,141,288
KHM-005997,2014,13050502045.0,4,2,6,45,58,103
KHM-005998,2014,13050601024.0,4,2,6,74,68,142
KHM-005999,2014,13050602025.0,1,5,6,53,43,96
KHM-006000,2014,13050603042.0,1,5,6,42,47,89
KHM-006001,2014,13050701004.0,2,6,8,158,152,310
KHM-006002,2014,13050702005.0,1,3,4,31,45,76
KHM-006003,2014,13050703006.0,4,2,6,48,71,119
KHM-006004,2014,13050704038.0,2,3,5,24,39,63
KHM-006005,2014,13050705039.0,2,2,4,21,24,45
KHM-006006,2014,13050801032.0,4,2,6,39,36,75
KHM-006007,2014,13050802030.0,5,1,6,45,47,92
KHM-006008,2014,13050803031.0,6,0,6,48,62,110
KHM-006009,2014,13050901001.0,1,3,4,95,108,203
KHM-006010,2014,13050903007.0,3,3,6,53,55,108
KHM-006011,2014,13050904008.0,2,2,4,45,57,102
KHM-006012,2014,13050906026.0,3,1,4,24,22,46
KHM-006013,2014,13050908002.0,1,4,5,41,30,71
KHM-006014,2014,13050909048.0,2,0,2,13,11,24
KHM-006015,2014,13051001015.0,0,5,5,101,77,178
KHM-006016,2014,13051001037.0,4,1,5,56,95,151
KHM-006017,2014,13051002016.0,1,5,6,129,114,243
KHM-006018,2014,13051003017.0,2,2,4,57,52,109
KHM-006019,2014,13051004018.0,2,3,5,87,91,178
KHM-006020,2014,13051101028.0,0,6,6,66,76,142
KHM-006021,2014,13051101040.0,2,2,4,29,29,58
KHM-006022,2014,13051101041.0,2,3,5,20,16,36
KHM-006023,2014,13051102021.0,1,4,5,63,66,129
KHM-006024,2014,13051103029.0,2,4,6,36,45,81
KHM-006025,2014,13051104034.0,3,3,6,58,63,121
KHM-006026,2014,13051105035.0,2,5,7,122,141,263
KHM-006027,2014,13051201019.0,3,3,6,76,79,155
KHM-006028,2014,13051202036.0,2,4,6,53,76,129
KHM-006029,2014,13051203033.0,2,4,6,72,74,146
KHM-006030,2014,13051204027.0,5,2,7,103,109,212
KHM-006031,2014,13051205020.0,4,1,5,41,33,74
KHM-006032,2014,13051206044.0,1,1,2,20,26,46
KHM-006033,2014,13060101001.0,4,7,11,196,222,418
KHM-006034,2014,13060103002.0,4,2,6,70,69,139
KHM-006035,2014,13060103022.0,1,2,3,17,14,31
KHM-006036,2014,13060104003.0,6,0,6,72,55,127
KHM-006037,2014,13060105004.0,4,2,6,38,39,77
KHM-006038,2014,13060201005.0,5,2,7,104,104,208
KHM-006039,2014,13060202006.0,2,4,6,63,54,117
KHM-006040,2014,13060203007.0,5,1,6,91,108,199
KHM-006041,2014,13060204021.0,2,2,4,14,9,23
KHM-006042,2014,13060205008.0,5,1,6,40,49,89
KHM-006043,2014,13060301010.0,4,2,6,108,99,207
KHM-006044,2014,13060302017.0,3,1,4,39,43,82
KHM-006045,2014,13060401011.0,4,2,6,112,120,232
KHM-006046,2014,13060402012.0,4,2,6,27,27,54
KHM-006047,2014,13060403013.0,4,1,5,51,43,94
KHM-006048,2014,13060404015.0,2,1,3,27,35,62
KHM-006049,2014,13060405016.0,2,3,5,25,31,56
KHM-006050,2014,13060501009.0,3,8,11,257,232,489
KHM-006051,2014,13060503014.0,1,2,3,29,27,56
KHM-006052,2014,13060505019.0,1,2,3,27,43,70
KHM-006053,2014,13060506018.0,2,1,3,32,26,58
KHM-006054,2014,13060507020.0,3,0,3,35,33,68
KHM-006055,2014,13070301001.0,2,4,6,83,79,162
KHM-006056,2014,13070301021.0,0,1,1,19,26,45
KHM-006057,2014,13070303014.0,5,1,6,71,74,145
KHM-006058,2014,13070401008.0,4,6,10,161,195,356
KHM-006059,2014,13070501009.0,7,2,9,203,196,399
KHM-006060,2014,13070601002.0,0,9,9,149,162,311
KHM-006061,2014,13070603017.0,2,3,5,84,50,134
KHM-006062,2014,13070604018.0,0,1,1,8,13,21
KHM-006063,2014,13080101001.0,3,6,9,114,104,218
KHM-006064,2014,13080101002.0,8,21,29,541,497,1038
KHM-006065,2014,13080101003.0,3,15,18,403,346,749
KHM-006066,2014,13080109004.0,2,4,6,37,44,81
KHM-006067,2014,13080201005.0,6,8,14,193,194,387
KHM-006068,2014,13080203012.0,1,3,4,54,30,84
KHM-006069,2014,13080204006.0,3,3,6,114,93,207
KHM-006070,2014,13080206008.0,5,4,9,128,114,242
KHM-006071,2014,13080209010.0,2,4,6,126,111,237
KHM-006072,2014,13080210011.0,2,2,4,28,22,50
KHM-006073,2014,13080211013.0,0,4,4,33,20,53
KHM-006074,2014,13080212020.0,2,2,4,35,49,84
KHM-006075,2014,14010104003.0,11,4,15,271,251,522
KHM-006076,2014,14010108002.0,11,2,13,258,245,503
KHM-006077,2014,14010111041.0,2,3,5,82,82,164
KHM-006078,2014,14010113001.0,5,8,13,191,214,405
KHM-006079,2014,14010114004.0,5,1,6,54,59,113
KHM-006080,2014,14010202006.0,5,4,9,98,100,198
KHM-006081,2014,14010205005.0,4,6,10,163,176,339
KHM-006082,2014,14010206044.0,3,3,6,84,90,174
KHM-006083,2014,14010207007.0,4,5,9,91,78,169
KHM-006084,2014,14010301008.0,4,10,14,255,218,473
KHM-006085,2014,14010304042.0,2,2,4,29,38,67
KHM-006086,2014,14010305045.0,4,2,6,42,46,88
KHM-006087,2014,14010307009.0,2,9,11,249,243,492
KHM-006088,2014,14010314010.0,2,6,8,138,109,247
KHM-006089,2014,14010401013.0,7,6,13,308,273,581
KHM-006090,2014,14010402012.0,2,0,2,37,24,61
KHM-006091,2014,14010404015.0,4,2,6,155,141,296
KHM-006092,2014,14010406014.0,3,2,5,155,153,308
KHM-006093,2014,14010411011.0,5,2,7,121,122,243
KHM-006094,2014,14010501017.0,4,4,8,122,162,284
KHM-006095,2014,14010502019.0,4,2,6,118,78,196
KHM-006096,2014,14010503020.0,5,1,6,69,57,126
KHM-006097,2014,14010508021.0,4,2,6,57,47,104
KHM-006098,2014,14010509022.0,2,4,6,59,64,123
KHM-006099,2014,14010510018.0,5,1,6,98,115,213
KHM-006100,2014,14010511016.0,2,1,3,31,28,59
KHM-006101,2014,14010602040.0,5,0,5,112,84,196
KHM-006102,2014,14010606025.0,3,1,4,64,67,131
KHM-006103,2014,14010609024.0,2,3,5,233,205,438
KHM-006104,2014,14010611023.0,6,3,9,321,263,584
KHM-006105,2014,14010614043.0,2,1,3,60,47,107
KHM-006106,2014,14010703030.0,6,9,15,247,242,489
KHM-006107,2014,14010705026.0,5,1,6,43,54,97
KHM-006108,2014,14010707027.0,3,2,5,66,83,149
KHM-006109,2014,14010707039.0,3,3,6,127,100,227
KHM-006110,2014,14010709028.0,5,3,8,98,85,183
KHM-006111,2014,14010710029.0,3,3,6,69,65,134
KHM-006112,2014,14010802032.0,6,0,6,182,160,342
KHM-006113,2014,14010804033.0,3,2,5,177,139,316
KHM-006114,2014,14010806031.0,3,4,7,222,188,410
KHM-006115,2014,14010902035.0,4,5,9,198,166,364
KHM-006116,2014,14010905034.0,3,3,6,113,110,223
KHM-006117,2014,14010911046.0,3,0,3,95,98,193
KHM-006118,2014,14010912037.0,6,3,9,214,175,389
KHM-006119,2014,14010913038.0,1,3,4,53,45,98
KHM-006120,2014,14010917036.0,2,4,6,24,22,46
KHM-006121,2014,14020105002.0,3,1,4,155,167,322
KHM-006122,2014,14020111001.0,1,4,5,264,180,444
KHM-006123,2014,14020116003.0,6,1,7,84,116,200
KHM-006124,2014,14020124005.0,3,0,3,94,65,159
KHM-006125,2014,14020125037.0,1,0,1,93,83,176
KHM-006126,2014,14020126004.0,5,3,8,290,192,482
KHM-006127,2014,14020202007.0,3,4,7,284,234,518
KHM-006128,2014,14020204008.0,1,3,4,154,99,253
KHM-006129,2014,14020207036.0,1,1,2,298,153,451
KHM-006130,2014,14020208009.0,2,0,2,20,12,32
KHM-006131,2014,14020303011.0,1,6,7,237,216,453
KHM-006132,2014,14020306033.0,3,3,6,157,107,264
KHM-006133,2014,14020308010.0,3,0,3,90,81,171
KHM-006134,2014,14020310013.0,3,0,3,118,119,237
KHM-006135,2014,14020314012.0,2,2,4,220,217,437
KHM-006136,2014,14020404015.0,1,1,2,136,110,246
KHM-006137,2014,14020405035.0,3,1,4,61,78,139
KHM-006138,2014,14020407016.0,3,2,5,221,173,394
KHM-006139,2014,14020410014.0,7,4,11,290,173,463
KHM-006140,2014,14020411034.0,3,0,3,55,43,98
KHM-006141,2014,14020504021.0,4,2,6,126,98,224
KHM-006142,2014,14020505019.0,1,1,2,113,82,195
KHM-006143,2014,14020507017.0,2,1,3,112,99,211
KHM-006144,2014,14020509020.0,1,1,2,221,176,397
KHM-006145,2014,14020511018.0,1,0,1,12,12,24
KHM-006146,2014,14020604023.0,4,4,8,381,367,748
KHM-006147,2014,14020607022.0,3,1,4,221,184,405
KHM-006148,2014,14020611025.0,0,3,3,149,136,285
KHM-006149,2014,14020616024.0,0,1,1,243,204,447
KHM-006150,2014,14020703030.0,1,1,2,189,183,372
KHM-006151,2014,14020705028.0,5,2,7,146,111,257
KHM-006152,2014,14020708026.0,4,2,6,153,120,273
KHM-006153,2014,14020710027.0,3,1,4,138,146,284
KHM-006154,2014,14020717029.0,3,5,8,397,368,765
KHM-006155,2014,14020803031.0,1,3,4,263,220,483
KHM-006156,2014,14020807032.0,3,0,3,103,102,205
KHM-006157,2014,14020813038.0,2,0,2,34,43,77
KHM-006158,2014,14030103001.0,2,5,7,257,223,480
KHM-006159,2014,14030107002.0,3,1,4,158,148,306
KHM-006160,2014,14030202006.0,4,3,7,222,184,406
KHM-006161,2014,14030203003.0,2,2,4,127,138,265
KHM-006162,2014,14030207005.0,3,3,6,193,182,375
KHM-006163,2014,14030209007.0,5,4,9,233,211,444
KHM-006164,2014,14030211004.0,3,3,6,157,147,304
KHM-006165,2014,14030301009.0,2,1,3,135,123,258
KHM-006166,2014,14030304010.0,4,1,5,142,102,244
KHM-006167,2014,14030306011.0,3,3,6,220,238,458
KHM-006168,2014,14030309008.0,0,4,4,156,167,323
KHM-006169,2014,14030311044.0,2,2,4,117,139,256
KHM-006170,2014,14030402013.0,3,1,4,159,116,275
KHM-006171,2014,14030405012.0,2,3,5,219,230,449
KHM-006172,2014,14030408014.0,2,1,3,109,85,194
KHM-006173,2014,14030501017.0,2,4,6,215,167,382
KHM-006174,2014,14030502015.0,2,2,4,210,196,406
KHM-006175,2014,14030507022.0,2,1,3,185,125,310
KHM-006176,2014,14030508019.0,1,2,3,123,115,238
KHM-006177,2014,14030601018.0,0,5,5,243,201,444
KHM-006178,2014,14030602046.0,1,4,5,165,148,313
KHM-006179,2014,14030603045.0,2,2,4,134,109,243
KHM-006180,2014,14030604021.0,2,2,4,246,206,452
KHM-006181,2014,14030605050.0,2,1,3,61,70,131
KHM-006182,2014,14030606016.0,1,2,3,127,127,254
KHM-006183,2014,14030607051.0,1,1,2,112,136,248
KHM-006184,2014,14030609020.0,2,2,4,153,152,305
KHM-006185,2014,14030610055.0,0,3,3,92,111,203
KHM-006186,2014,14030701053.0,3,1,4,137,136,273
KHM-006187,2014,14030704047.0,3,0,3,124,121,245
KHM-006188,2014,14030706049.0,2,2,4,116,99,215
KHM-006189,2014,14030708025.0,2,9,11,281,237,518
KHM-006190,2014,14030709024.0,2,1,3,108,128,236
KHM-006191,2014,14030801048.0,2,1,3,58,58,116
KHM-006192,2014,14030802029.0,3,0,3,88,94,182
KHM-006193,2014,14030804026.0,1,3,4,127,123,250
KHM-006194,2014,14030805028.0,0,6,6,298,164,462
KHM-006195,2014,14030808030.0,2,2,4,195,151,346
KHM-006196,2014,14030811027.0,0,4,4,126,146,272
KHM-006197,2014,14030901023.0,6,6,12,309,275,584
KHM-006198,2014,14030902032.0,8,6,14,310,286,596
KHM-006199,2014,14030903031.0,5,2,7,131,143,274
KHM-006200,2014,14030908033.0,5,2,7,174,153,327
KHM-006201,2014,14031003034.0,4,6,10,380,274,654
KHM-006202,2014,14031006054.0,3,0,3,170,150,320
KHM-006203,2014,14031009035.0,5,3,8,323,316,639
KHM-006204,2014,14031103056.0,1,2,3,139,122,261
KHM-006205,2014,14031105036.0,3,2,5,188,156,344
KHM-006206,2014,14031107052.0,4,1,5,99,71,170
KHM-006207,2014,14031108037.0,4,4,8,205,178,383
KHM-006208,2014,14031204038.0,7,5,12,300,322,622
KHM-006209,2014,14031206039.0,6,2,8,309,245,554
KHM-006210,2014,14031302042.0,3,4,7,272,294,566
KHM-006211,2014,14031303040.0,1,2,3,75,37,112
KHM-006212,2014,14031305043.0,4,3,7,128,93,221
KHM-006213,2014,14031307041.0,1,2,3,57,50,107
KHM-006214,2014,14040102005.0,4,0,4,108,87,195
KHM-006215,2014,14040103003.0,3,2,5,171,175,346
KHM-006216,2014,14040104002.0,3,0,3,126,135,261
KHM-006217,2014,14040105001.0,1,1,2,89,58,147
KHM-006218,2014,14040106004.0,1,2,3,106,99,205
KHM-006219,2014,14040107033.0,1,2,3,22,21,43
KHM-006220,2014,14040201011.0,4,3,7,154,147,301
KHM-006221,2014,14040202007.0,7,4,11,283,237,520
KHM-006222,2014,14040205008.0,3,1,4,73,78,151
KHM-006223,2014,14040206006.0,2,3,5,118,93,211
KHM-006224,2014,14040210032.0,0,1,1,83,85,168
KHM-006225,2014,14040302009.0,4,1,5,210,148,358
KHM-006226,2014,14040305010.0,2,2,4,113,94,207
KHM-006227,2014,14040308014.0,2,4,6,193,206,399
KHM-006228,2014,14040309013.0,2,0,2,86,67,153
KHM-006229,2014,14040311012.0,2,4,6,226,231,457
KHM-006230,2014,14040401017.0,2,0,2,123,142,265
KHM-006231,2014,14040402034.0,4,0,4,50,47,97
KHM-006232,2014,14040408016.0,0,4,4,218,210,428
KHM-006233,2014,14040412015.0,1,2,3,130,103,233
KHM-006234,2014,14040501019.0,5,0,5,96,83,179
KHM-006235,2014,14040512018.0,4,4,8,307,270,577
KHM-006236,2014,14040601025.0,3,0,3,93,60,153
KHM-006237,2014,14040604020.0,1,1,2,176,185,361
KHM-006238,2014,14040605024.0,1,2,3,127,122,249
KHM-006239,2014,14040608023.0,3,0,3,58,57,115
KHM-006240,2014,14040610022.0,3,0,3,125,129,254
KHM-006241,2014,14040612021.0,1,1,2,117,117,234
KHM-006242,2014,14040704026.0,3,4,7,227,222,449
KHM-006243,2014,14040706027.0,3,4,7,171,150,321
KHM-006244,2014,14040801031.0,2,3,5,252,226,478
KHM-006245,2014,14040803028.0,3,0,3,93,86,179
KHM-006246,2014,14040805030.0,2,1,3,77,62,139
KHM-006247,2014,14040807029.0,0,1,1,102,70,172
KHM-006248,2014,14050101005.0,2,2,4,190,145,335
KHM-006249,2014,14050103004.0,4,6,10,212,194,406
KHM-006250,2014,14050104002.0,0,1,1,124,138,262
KHM-006251,2014,14050105001.0,4,2,6,146,120,266
KHM-006252,2014,14050106003.0,5,0,5,111,112,223
KHM-006253,2014,14050109049.0,2,5,7,239,229,468
KHM-006254,2014,14050205045.0,3,0,3,106,84,190
KHM-006255,2014,14050209011.0,4,0,4,204,186,390
KHM-006256,2014,14050210007.0,12,1,13,426,348,774
KHM-006257,2014,14050213008.0,6,0,6,213,139,352
KHM-006258,2014,14050215009.0,1,0,1,140,138,278
KHM-006259,2014,14050217010.0,2,0,2,133,124,257
KHM-006260,2014,14050302013.0,4,0,4,100,107,207
KHM-006261,2014,14050303017.0,3,2,5,139,138,277
KHM-006262,2014,14050305012.0,2,5,7,179,171,350
KHM-006263,2014,14050306014.0,5,0,5,105,86,191
KHM-006264,2014,14050309015.0,4,0,4,101,93,194
KHM-006265,2014,14050311016.0,1,0,1,139,136,275
KHM-006266,2014,14050315019.0,4,1,5,64,76,140
KHM-006267,2014,14050317018.0,5,0,5,69,75,144
KHM-006268,2014,14050401020.0,5,0,5,120,102,222
KHM-006269,2014,14050407052.0,6,0,6,87,87,174
KHM-006270,2014,14050409025.0,2,3,5,223,181,404
KHM-006271,2014,14050410022.0,4,2,6,219,166,385
KHM-006272,2014,14050411021.0,3,3,6,99,76,175
KHM-006273,2014,14050414023.0,2,3,5,137,139,276
KHM-006274,2014,14050416024.0,3,4,7,66,65,131
KHM-006275,2014,14050418026.0,3,1,4,211,184,395
KHM-006276,2014,14050501027.0,4,0,4,147,140,287
KHM-006277,2014,14050502054.0,3,0,3,173,153,326
KHM-006278,2014,14050504006.0,1,1,2,127,85,212
KHM-006279,2014,14050506029.0,3,2,5,261,190,451
KHM-006280,2014,14050507028.0,3,0,3,182,164,346
KHM-006281,2014,14050604032.0,3,2,5,168,204,372
KHM-006282,2014,14050606030.0,3,0,3,177,149,326
KHM-006283,2014,14050607053.0,1,1,2,102,99,201
KHM-006284,2014,14050608047.0,2,1,3,108,82,190
KHM-006285,2014,14050611031.0,2,2,4,290,220,510
KHM-006286,2014,14050703035.0,1,5,6,110,79,189
KHM-006287,2014,14050704037.0,2,0,2,136,99,235
KHM-006288,2014,14050708046.0,2,0,2,146,106,252
KHM-006289,2014,14050711034.0,2,1,3,179,219,398
KHM-006290,2014,14050713048.0,2,0,2,124,111,235
KHM-006291,2014,14050717036.0,1,3,4,236,180,416
KHM-006292,2014,14050718033.0,1,0,1,163,141,304
KHM-006293,2014,14050801042.0,1,2,3,179,211,390
KHM-006294,2014,14050802041.0,3,1,4,128,113,241
KHM-006295,2014,14050804043.0,1,2,3,73,64,137
KHM-006296,2014,14050805044.0,1,3,4,237,194,431
KHM-006297,2014,14050806051.0,1,2,3,59,62,121
KHM-006298,2014,14050808050.0,1,0,1,140,85,225
KHM-006299,2014,14050809038.0,2,0,2,126,83,209
KHM-006300,2014,14050810039.0,4,0,4,92,88,180
KHM-006301,2014,14050811040.0,2,0,2,176,177,353
KHM-006302,2014,14060101001.0,2,1,3,145,137,282
KHM-006303,2014,14060103002.0,4,1,5,214,173,387
KHM-006304,2014,14060104003.0,3,0,3,124,117,241
KHM-006305,2014,14060104035.0,0,1,1,30,18,48
KHM-006306,2014,14060201005.0,5,3,8,196,206,402
KHM-006307,2014,14060204033.0,4,0,4,130,87,217
KHM-006308,2014,14060205004.0,2,1,3,68,51,119
KHM-006309,2014,14060301008.0,3,1,4,187,157,344
KHM-006310,2014,14060302006.0,4,0,4,154,87,241
KHM-006311,2014,14060303007.0,3,1,4,135,109,244
KHM-006312,2014,14060304009.0,3,0,3,105,124,229
KHM-006313,2014,14060401011.0,4,0,4,184,148,332
KHM-006314,2014,14060403012.0,3,0,3,96,93,189
KHM-006315,2014,14060404010.0,3,1,4,186,171,357
KHM-006316,2014,14060502013.0,4,0,4,176,209,385
KHM-006317,2014,14060503015.0,3,0,3,162,149,311
KHM-006318,2014,14060503017.0,3,0,3,66,70,136
KHM-006319,2014,14060504016.0,3,1,4,104,126,230
KHM-006320,2014,14060507014.0,1,0,1,55,40,95
KHM-006321,2014,14060508034.0,4,0,4,94,96,190
KHM-006322,2014,14060601018.0,5,1,6,175,192,367
KHM-006323,2014,14060603019.0,2,4,6,274,246,520
KHM-006324,2014,14060605020.0,5,0,5,174,164,338
KHM-006325,2014,14060701021.0,5,1,6,242,183,425
KHM-006326,2014,14060703022.0,2,3,5,137,125,262
KHM-006327,2014,14060801023.0,1,2,3,136,115,251
KHM-006328,2014,14060802025.0,5,0,5,127,79,206
KHM-006329,2014,14060803024.0,2,1,3,83,57,140
KHM-006330,2014,14060901027.0,3,0,3,125,121,246
KHM-006331,2014,14060903029.0,3,0,3,152,120,272
KHM-006332,2014,14060906026.0,4,2,6,321,228,549
KHM-006333,2014,14060907036.0,3,0,3,127,122,249
KHM-006334,2014,14060908028.0,3,0,3,128,118,246
KHM-006335,2014,14061001032.0,3,1,4,150,116,266
KHM-006336,2014,14061002031.0,3,5,8,252,238,490
KHM-006337,2014,14061003030.0,1,7,8,288,288,576
KHM-006338,2014,14070101002.0,4,2,6,173,183,356
KHM-006339,2014,14070103027.0,1,1,2,65,64,129
KHM-006340,2014,14070104001.0,5,1,6,192,184,376
KHM-006341,2014,14070105003.0,3,1,4,43,47,90
KHM-006342,2014,14070201004.0,2,4,6,77,43,120
KHM-006343,2014,14070202029.0,2,2,4,58,48,106
KHM-006344,2014,14070204005.0,5,5,10,163,182,345
KHM-006345,2014,14070205006.0,2,0,2,26,25,51
KHM-006346,2014,14070206026.0,3,1,4,29,42,71
KHM-006347,2014,14070302007.0,1,7,8,143,103,246
KHM-006348,2014,14070303028.0,3,1,4,72,67,139
KHM-006349,2014,14070304008.0,8,0,8,218,185,403
KHM-006350,2014,14070305009.0,1,4,5,61,61,122
KHM-006351,2014,14070401013.0,3,3,6,40,29,69
KHM-006352,2014,14070402011.0,2,4,6,73,70,143
KHM-006353,2014,14070403012.0,1,8,9,137,139,276
KHM-006354,2014,14070405010.0,2,4,6,101,91,192
KHM-006355,2014,14070501016.0,2,11,13,220,200,420
KHM-006356,2014,14070502015.0,4,1,5,141,129,270
KHM-006357,2014,14070503014.0,0,4,4,123,118,241
KHM-006358,2014,14070601018.0,3,3,6,114,106,220
KHM-006359,2014,14070602017.0,15,14,29,379,360,739
KHM-006360,2014,14070703019.0,10,14,24,445,431,876
KHM-006361,2014,14070801023.0,4,1,5,120,131,251
KHM-006362,2014,14070802022.0,2,1,3,79,62,141
KHM-006363,2014,14070803021.0,2,2,4,106,127,233
KHM-006364,2014,14070805020.0,4,4,8,212,182,394
KHM-006365,2014,14070806025.0,4,2,6,115,89,204
KHM-006366,2014,14070807024.0,3,1,4,78,84,162
KHM-006367,2014,14080102001.0,8,2,10,533,483,1016
KHM-006368,2014,14080104005.0,4,0,4,188,176,364
KHM-006369,2014,14080107003.0,0,3,3,128,126,254
KHM-006370,2014,14080108002.0,3,1,4,187,149,336
KHM-006371,2014,14080110004.0,2,2,4,178,176,354
KHM-006372,2014,14080201008.0,3,5,8,219,168,387
KHM-006373,2014,14080202011.0,5,1,6,127,128,255
KHM-006374,2014,14080203007.0,8,3,11,152,109,261
KHM-006375,2014,14080204059.0,1,0,1,34,16,50
KHM-006376,2014,14080205010.0,4,3,7,162,130,292
KHM-006377,2014,14080207006.0,2,3,5,152,136,288
KHM-006378,2014,14080208009.0,4,1,5,141,185,326
KHM-006379,2014,14080302014.0,2,0,2,184,161,345
KHM-006380,2014,14080303012.0,2,1,3,74,70,144
KHM-006381,2014,14080304015.0,3,0,3,90,51,141
KHM-006382,2014,14080305013.0,4,0,4,130,119,249
KHM-006383,2014,14080501019.0,6,2,8,180,152,332
KHM-006384,2014,14080502023.0,2,0,2,102,82,184
KHM-006385,2014,14080503022.0,3,1,4,102,76,178
KHM-006386,2014,14080504020.0,1,3,4,71,70,141
KHM-006387,2014,14080505024.0,3,1,4,91,79,170
KHM-006388,2014,14080506021.0,1,2,3,67,53,120
KHM-006389,2014,14080507025.0,4,2,6,247,203,450
KHM-006390,2014,14080701029.0,5,1,6,75,60,135
KHM-006391,2014,14080702034.0,2,1,3,83,93,176
KHM-006392,2014,14080703035.0,2,1,3,85,74,159
KHM-006393,2014,14080705033.0,2,2,4,314,290,604
KHM-006394,2014,14080706032.0,11,2,13,383,411,794
KHM-006395,2014,14080707031.0,5,1,6,106,113,219
KHM-006396,2014,14080709030.0,5,1,6,117,118,235
KHM-006397,2014,14080801037.0,2,4,6,205,214,419
KHM-006398,2014,14080804036.0,2,4,6,191,209,400
KHM-006399,2014,14080901044.0,2,1,3,200,190,390
KHM-006400,2014,14080904040.0,4,1,5,100,108,208
KHM-006401,2014,14080905039.0,3,2,5,62,37,99
KHM-006402,2014,14080906038.0,1,1,2,34,29,63
KHM-006403,2014,14080907043.0,3,2,5,85,73,158
KHM-006404,2014,14080909042.0,3,6,9,148,136,284
KHM-006405,2014,14080911041.0,4,0,4,39,54,93
KHM-006406,2014,14080913045.0,2,1,3,166,128,294
KHM-006407,2014,14081001049.0,2,4,6,244,249,493
KHM-006408,2014,14081002046.0,3,2,5,95,73,168
KHM-006409,2014,14081003051.0,3,7,10,247,262,509
KHM-006410,2014,14081004048.0,4,2,6,86,71,157
KHM-006411,2014,14081005047.0,1,2,3,32,16,48
KHM-006412,2014,14081006050.0,4,0,4,136,126,262
KHM-006413,2014,14081101052.0,2,3,5,121,86,207
KHM-006414,2014,14081102053.0,5,4,9,89,97,186
KHM-006415,2014,14081103054.0,3,0,3,27,17,44
KHM-006416,2014,14081104055.0,2,2,4,87,59,146
KHM-006417,2014,14081105056.0,6,13,19,391,323,714
KHM-006418,2014,14081106057.0,4,2,6,108,105,213
KHM-006419,2014,14081107060.0,2,1,3,48,52,100
KHM-006420,2014,14081108058.0,4,3,7,121,113,234
KHM-006421,2014,14090102002.0,0,6,6,227,224,451
KHM-006422,2014,14090105003.0,4,4,8,264,223,487
KHM-006423,2014,14090109051.0,3,1,4,78,75,153
KHM-006424,2014,14090112001.0,2,2,4,171,160,331
KHM-006425,2014,14090115004.0,2,1,3,206,174,380
KHM-006426,2014,14090117047.0,3,6,9,269,242,511
KHM-006427,2014,14090201008.0,2,3,5,169,157,326
KHM-006428,2014,14090204050.0,1,0,1,121,120,241
KHM-006429,2014,14090206007.0,1,1,2,135,108,243
KHM-006430,2014,14090207006.0,2,1,3,198,184,382
KHM-006431,2014,14090209048.0,2,0,2,65,62,127
KHM-006432,2014,14090209053.0,1,2,3,210,196,406
KHM-006433,2014,14090211009.0,0,2,2,230,210,440
KHM-006434,2014,14090214010.0,2,3,5,331,317,648
KHM-006435,2014,14090217058.0,1,3,4,84,75,159
KHM-006436,2014,14090304011.0,3,1,4,183,209,392
KHM-006437,2014,14090308012.0,7,3,10,402,361,763
KHM-006438,2014,14090310052.0,3,0,3,126,144,270
KHM-006439,2014,14090402014.0,3,3,6,107,104,211
KHM-006440,2014,14090404056.0,1,2,3,98,106,204
KHM-006441,2014,14090406016.0,1,6,7,190,186,376
KHM-006442,2014,14090409013.0,2,1,3,157,164,321
KHM-006443,2014,14090412015.0,3,1,4,175,176,351
KHM-006444,2014,14090501018.0,4,1,5,195,183,378
KHM-006445,2014,14090502042.0,2,1,3,87,73,160
KHM-006446,2014,14090504040.0,2,7,9,231,188,419
KHM-006447,2014,14090508019.0,3,5,8,213,176,389
KHM-006448,2014,14090512017.0,3,1,4,166,141,307
KHM-006449,2014,14090602021.0,0,2,2,162,142,304
KHM-006450,2014,14090605023.0,3,0,3,113,99,212
KHM-006451,2014,14090607022.0,3,5,8,196,195,391
KHM-006452,2014,14090608020.0,2,0,2,181,180,361
KHM-006453,2014,14090703025.0,4,2,6,99,90,189
KHM-006454,2014,14090706024.0,5,11,16,191,196,387
KHM-006455,2014,14090708026.0,6,2,8,140,165,305
KHM-006456,2014,14090711027.0,2,1,3,130,110,240
KHM-006457,2014,14090801029.0,4,0,4,167,141,308
KHM-006458,2014,14090805030.0,3,4,7,366,338,704
KHM-006459,2014,14090810028.0,3,1,4,199,173,372
KHM-006460,2014,14090811054.0,2,0,2,70,61,131
KHM-006461,2014,14090813031.0,2,0,2,152,121,273
KHM-006462,2014,14090901033.0,2,1,3,69,78,147
KHM-006463,2014,14090902032.0,0,2,2,123,114,237
KHM-006464,2014,14090903035.0,3,2,5,219,209,428
KHM-006465,2014,14090904034.0,4,0,4,144,150,294
KHM-006466,2014,14090905046.0,2,0,2,34,53,87
KHM-006467,2014,14091002041.0,3,1,4,114,116,230
KHM-006468,2014,14091006036.0,2,1,3,145,128,273
KHM-006469,2014,14091007039.0,3,3,6,258,251,509
KHM-006470,2014,14091008037.0,2,3,5,255,146,401
KHM-006471,2014,14091010059.0,0,3,3,255,246,501
KHM-006472,2014,14091013038.0,1,1,2,108,87,195
KHM-006473,2014,14091102049.0,2,2,4,97,84,181
KHM-006474,2014,14091104057.0,0,1,1,131,136,267
KHM-006475,2014,14091105044.0,4,1,5,114,97,211
KHM-006476,2014,14091106045.0,3,2,5,93,91,184
KHM-006477,2014,14091110043.0,3,1,4,162,155,317
KHM-006478,2014,14091111055.0,2,0,2,90,72,162
KHM-006479,2014,14091115005.0,4,0,4,188,170,358
KHM-006480,2014,14100101001.0,14,8,22,294,295,589
KHM-006481,2014,14100107003.0,9,3,12,173,161,334
KHM-006482,2014,14100109002.0,1,3,4,155,152,307
KHM-006483,2014,14100204005.0,9,1,10,280,270,550
KHM-006484,2014,14100206004.0,2,1,3,94,99,193
KHM-006485,2014,14100301048.0,4,1,5,88,80,168
KHM-006486,2014,14100304008.0,1,3,4,233,198,431
KHM-006487,2014,14100308010.0,5,2,7,274,227,501
KHM-006488,2014,14100312006.0,2,1,3,109,103,212
KHM-006489,2014,14100314007.0,1,1,2,162,130,292
KHM-006490,2014,14100315009.0,3,0,3,94,89,183
KHM-006491,2014,14100402012.0,4,4,8,214,186,400
KHM-006492,2014,14100405013.0,4,2,6,117,69,186
KHM-006493,2014,14100407016.0,3,3,6,96,73,169
KHM-006494,2014,14100415015.0,2,1,3,89,86,175
KHM-006495,2014,14100416011.0,2,1,3,68,46,114
KHM-006496,2014,14100417014.0,1,7,8,112,86,198
KHM-006497,2014,14100501017.0,4,0,4,129,101,230
KHM-006498,2014,14100503019.0,1,4,5,158,127,285
KHM-006499,2014,14100505020.0,5,2,7,124,116,240
KHM-006500,2014,14100507018.0,3,3,6,91,76,167
KHM-006501,2014,14100601022.0,2,3,5,307,295,602
KHM-006502,2014,14100604046.0,4,0,4,118,128,246
KHM-006503,2014,14100608024.0,2,2,4,128,132,260
KHM-006504,2014,14100610021.0,4,3,7,249,239,488
KHM-006505,2014,14100613023.0,1,4,5,204,142,346
KHM-006506,2014,14100615047.0,1,1,2,167,188,355
KHM-006507,2014,14100701044.0,4,2,6,76,77,153
KHM-006508,2014,14100702025.0,7,3,10,177,164,341
KHM-006509,2014,14100704026.0,2,5,7,109,96,205
KHM-006510,2014,14100903036.0,4,0,4,121,111,232
KHM-006511,2014,14100906034.0,4,2,6,158,149,307
KHM-006512,2014,14100907032.0,4,1,5,139,113,252
KHM-006513,2014,14100909033.0,3,2,5,142,148,290
KHM-006514,2014,14100912035.0,4,0,4,65,55,120
KHM-006515,2014,14101001038.0,7,8,15,399,338,737
KHM-006516,2014,14101004037.0,4,1,5,192,134,326
KHM-006517,2014,14101007039.0,4,0,4,159,152,311
KHM-006518,2014,14101102040.0,3,1,4,93,78,171
KHM-006519,2014,14101107042.0,5,0,5,103,104,207
KHM-006520,2014,14101111041.0,3,2,5,68,51,119
KHM-006521,2014,14101112045.0,2,2,4,56,62,118
KHM-006522,2014,14101116043.0,4,1,5,178,177,355
KHM-006523,2014,14101805029.0,3,3,6,213,232,445
KHM-006524,2014,14101807028.0,2,2,4,106,130,236
KHM-006525,2014,14101810027.0,2,1,3,47,36,83
KHM-006526,2014,14101813030.0,2,1,3,83,81,164
KHM-006527,2014,14101814031.0,2,1,3,164,147,311
KHM-006528,2014,14110401008.0,8,1,9,222,175,397
KHM-006529,2014,14110403009.0,3,4,7,111,115,226
KHM-006530,2014,14110404027.0,5,1,6,153,136,289
KHM-006531,2014,14110501012.0,7,0,7,105,109,214
KHM-006532,2014,14110502013.0,5,0,5,73,79,152
KHM-006533,2014,14110503011.0,2,2,4,111,129,240
KHM-006534,2014,14110505014.0,4,1,5,128,153,281
KHM-006535,2014,14110506010.0,5,1,6,123,114,237
KHM-006536,2014,14110601018.0,5,1,6,51,42,93
KHM-006537,2014,14110602019.0,3,3,6,68,72,140
KHM-006538,2014,14110603015.0,6,3,9,161,179,340
KHM-006539,2014,14110604016.0,4,2,6,82,91,173
KHM-006540,2014,14110605017.0,3,0,3,24,13,37
KHM-006541,2014,14110701021.0,4,2,6,103,100,203
KHM-006542,2014,14110704020.0,5,7,12,210,199,409
KHM-006543,2014,14110803022.0,7,7,14,267,248,515
KHM-006544,2014,14110808023.0,3,3,6,53,59,112
KHM-006545,2014,14110901028.0,3,2,5,142,157,299
KHM-006546,2014,14110904029.0,4,6,10,262,250,512
KHM-006547,2014,14110906030.0,5,2,7,120,153,273
KHM-006548,2014,14111001032.0,2,2,4,62,64,126
KHM-006549,2014,14111001034.0,3,0,3,62,33,95
KHM-006550,2014,14111003031.0,5,4,9,110,71,181
KHM-006551,2014,14111004033.0,3,0,3,123,81,204
KHM-006552,2014,14120101004.0,1,2,3,104,96,200
KHM-006553,2014,14120102003.0,4,1,5,188,169,357
KHM-006554,2014,14120103002.0,1,1,2,30,38,68
KHM-006555,2014,14120105001.0,0,3,3,179,174,353
KHM-006556,2014,14120201009.0,3,0,3,108,107,215
KHM-006557,2014,14120204005.0,2,1,3,54,50,104
KHM-006558,2014,14120205006.0,3,1,4,83,80,163
KHM-006559,2014,14120208007.0,1,2,3,130,125,255
KHM-006560,2014,14120302011.0,3,1,4,64,63,127
KHM-006561,2014,14120304013.0,5,0,5,94,77,171
KHM-006562,2014,14120306012.0,4,1,5,105,99,204
KHM-006563,2014,14120401017.0,3,1,4,117,78,195
KHM-006564,2014,14120402018.0,2,1,3,43,37,80
KHM-006565,2014,14120403015.0,1,2,3,88,87,175
KHM-006566,2014,14120404016.0,0,1,1,115,121,236
KHM-006567,2014,14120405020.0,1,0,1,38,37,75
KHM-006568,2014,14120406019.0,1,0,1,18,11,29
KHM-006569,2014,14120407046.0,1,2,3,39,34,73
KHM-006570,2014,14120501023.0,2,1,3,44,24,68
KHM-006571,2014,14120502022.0,4,0,4,159,109,268
KHM-006572,2014,14120503021.0,1,2,3,53,48,101
KHM-006573,2014,14120504024.0,4,0,4,97,106,203
KHM-006574,2014,14120603025.0,1,3,4,229,247,476
KHM-006575,2014,14120605026.0,2,1,3,75,58,133
KHM-006576,2014,14120702028.0,2,1,3,17,15,32
KHM-006577,2014,14120703027.0,2,2,4,148,121,269
KHM-006578,2014,14120704029.0,2,2,4,87,67,154
KHM-006579,2014,14120705030.0,11,3,14,244,209,453
KHM-006580,2014,14120802047.0,1,5,6,146,110,256
KHM-006581,2014,14120803031.0,1,5,6,147,130,277
KHM-006582,2014,14120902033.0,5,0,5,121,116,237
KHM-006583,2014,14120903035.0,3,2,5,185,210,395
KHM-006584,2014,14120904032.0,1,4,5,212,189,401
KHM-006585,2014,14120905034.0,2,0,2,78,60,138
KHM-006586,2014,14121001040.0,1,0,1,109,98,207
KHM-006587,2014,14121002038.0,2,1,3,105,70,175
KHM-006588,2014,14121003037.0,4,0,4,113,115,228
KHM-006589,2014,14121004039.0,3,1,4,77,68,145
KHM-006590,2014,14121005036.0,5,0,5,82,61,143
KHM-006591,2014,14121006045.0,1,1,2,67,43,110
KHM-006592,2014,14121101041.0,2,2,4,261,247,508
KHM-006593,2014,14121102042.0,1,5,6,208,195,403
KHM-006594,2014,14121103043.0,1,2,3,70,51,121
KHM-006595,2014,14121104044.0,0,0,0,14,13,27
KHM-006596,2014,14130101001.0,3,3,6,81,90,171
KHM-006597,2014,14130101002.0,2,5,7,79,51,130
KHM-006598,2014,14130102003.0,6,4,10,166,161,327
KHM-006599,2014,14130201004.0,6,9,15,137,136,273
KHM-006600,2014,14130204005.0,6,4,10,136,136,272
KHM-006601,2014,14130302006.0,0,6,6,48,51,99
KHM-006602,2014,14130302007.0,5,20,25,414,379,793
KHM-006603,2014,14130303008.0,2,12,14,181,147,328
KHM-006604,2014,14130304009.0,1,9,10,108,94,202
KHM-006605,2014,14130305010.0,2,9,11,122,99,221
KHM-006606,2014,15010101001.0,1,2,3,127,162,289
KHM-006607,2014,15010102081.0,1,1,2,57,83,140
KHM-006608,2014,15010103002.0,5,1,6,205,229,434
KHM-006609,2014,15010104003.0,3,0,3,162,126,288
KHM-006610,2014,15010105058.0,3,0,3,112,121,233
KHM-006611,2014,15010106065.0,2,1,3,77,96,173
KHM-006612,2014,15010109004.0,3,1,4,106,96,202
KHM-006613,2014,15010201010.0,4,0,4,166,170,336
KHM-006614,2014,15010202005.0,2,4,6,349,284,633
KHM-006615,2014,15010203006.0,3,0,3,83,60,143
KHM-006616,2014,15010205007.0,2,0,2,83,99,182
KHM-006617,2014,15010206008.0,1,2,3,238,195,433
KHM-006618,2014,15010212009.0,1,2,3,107,94,201
KHM-006619,2014,15010213071.0,1,1,2,61,64,125
KHM-006620,2014,15010302011.0,3,1,4,84,92,176
KHM-006621,2014,15010306012.0,5,1,6,266,227,493
KHM-006622,2014,15010308013.0,3,1,4,51,52,103
KHM-006623,2014,15010309014.0,1,0,1,11,8,19
KHM-006624,2014,15010310015.0,2,1,3,90,113,203
KHM-006625,2014,15010312016.0,2,1,3,113,94,207
KHM-006626,2014,15010401017.0,4,0,4,179,176,355
KHM-006627,2014,15010404018.0,5,1,6,169,145,314
KHM-006628,2014,15010407019.0,4,1,5,205,200,405
KHM-006629,2014,15010408020.0,3,1,4,274,243,517
KHM-006630,2014,15010411059.0,3,1,4,110,195,305
KHM-006631,2014,15010412057.0,3,1,4,87,80,167
KHM-006632,2014,15010413066.0,2,0,2,93,93,186
KHM-006633,2014,15010414077.0,0,1,1,89,69,158
KHM-006634,2014,15010503021.0,4,1,5,117,103,220
KHM-006635,2014,15010505022.0,2,3,5,280,252,532
KHM-006636,2014,15010506023.0,4,1,5,234,180,414
KHM-006637,2014,15010507024.0,2,1,3,182,193,375
KHM-006638,2014,15010508067.0,1,0,1,24,30,54
KHM-006639,2014,15010510025.0,3,0,3,162,167,329
KHM-006640,2014,15010511026.0,1,2,3,116,131,247
KHM-006641,2014,15010512027.0,1,0,1,54,57,111
KHM-006642,2014,15010601028.0,3,0,3,103,104,207
KHM-006643,2014,15010603072.0,1,0,1,9,10,19
KHM-006644,2014,15010605029.0,4,1,5,119,138,257
KHM-006645,2014,15010607030.0,4,1,5,197,147,344
KHM-006646,2014,15010609031.0,2,1,3,91,96,187
KHM-006647,2014,15010611032.0,2,2,4,68,52,120
KHM-006648,2014,15010613076.0,1,1,2,20,24,44
KHM-006649,2014,15010701033.0,6,5,11,254,254,508
KHM-006650,2014,15010703060.0,2,3,5,96,81,177
KHM-006651,2014,15010705034.0,2,1,3,139,161,300
KHM-006652,2014,15010706068.0,1,0,1,22,23,45
KHM-006653,2014,15010708035.0,2,2,4,100,95,195
KHM-006654,2014,15010709036.0,3,0,3,97,83,180
KHM-006655,2014,15010712038.0,4,3,7,143,130,273
KHM-006656,2014,15010713039.0,4,3,7,214,208,422
KHM-006657,2014,15010714040.0,2,2,4,72,84,156
KHM-006658,2014,15010717037.0,1,1,2,32,24,56
KHM-006659,2014,15010717041.0,1,3,4,162,168,330
KHM-006660,2014,15010721061.0,2,0,2,76,76,152
KHM-006661,2014,15010802042.0,4,3,7,219,224,443
KHM-006662,2014,15010805043.0,1,2,3,98,94,192
KHM-006663,2014,15010806073.0,1,1,2,41,52,93
KHM-006664,2014,15010809044.0,2,1,3,72,78,150
KHM-006665,2014,15010901045.0,5,0,5,96,80,176
KHM-006666,2014,15010905046.0,2,2,4,119,97,216
KHM-006667,2014,15010906047.0,5,2,7,278,243,521
KHM-006668,2014,15010907062.0,3,1,4,167,189,356
KHM-006669,2014,15010911048.0,3,2,5,151,115,266
KHM-006670,2014,15010912049.0,3,2,5,135,148,283
KHM-006671,2014,15010915063.0,0,5,5,238,222,460
KHM-006672,2014,15010916069.0,2,1,3,81,98,179
KHM-006673,2014,15010917070.0,2,1,3,110,119,229
KHM-006674,2014,15010917078.0,2,0,2,62,54,116
KHM-006675,2014,15010918079.0,2,2,4,107,107,214
KHM-006676,2014,15010919080.0,2,1,3,82,92,174
KHM-006677,2014,15011002074.0,0,1,1,57,23,80
KHM-006678,2014,15011003050.0,2,1,3,132,121,253
KHM-006679,2014,15011005051.0,4,0,4,120,151,271
KHM-006680,2014,15011007082.0,1,0,1,55,48,103
KHM-006681,2014,15011008075.0,2,1,3,108,92,200
KHM-006682,2014,15011011052.0,12,13,25,431,447,878
KHM-006683,2014,15011015053.0,2,1,3,55,42,97
KHM-006684,2014,15011016055.0,0,3,3,96,93,189
KHM-006685,2014,15011017054.0,9,0,9,289,248,537
KHM-006686,2014,15011018064.0,2,1,3,52,40,92
KHM-006687,2014,15011020056.0,2,1,3,130,114,244
KHM-006688,2014,15020103001.0,7,7,14,158,132,290
KHM-006689,2014,15020108002.0,3,5,8,63,55,118
KHM-006690,2014,15020112004.0,1,0,1,1,4,5
KHM-006691,2014,15020302011.0,6,4,10,78,60,138
KHM-006692,2014,15020305012.0,8,4,12,149,139,288
KHM-006693,2014,15020309013.0,3,3,6,94,81,175
KHM-006694,2014,15020313014.0,7,1,8,61,69,130
KHM-006695,2014,15020315015.0,4,1,5,86,70,156
KHM-006696,2014,15020317016.0,2,4,6,136,153,289
KHM-006697,2014,15020401007.0,5,3,8,55,68,123
KHM-006698,2014,15020403008.0,5,7,12,370,315,685
KHM-006699,2014,15020405009.0,1,0,1,26,15,41
KHM-006700,2014,15020405035.0,1,0,1,24,17,41
KHM-006701,2014,15020408010.0,1,1,2,25,28,53
KHM-006702,2014,15020411033.0,1,1,2,42,31,73
KHM-006703,2014,15020501017.0,5,0,5,161,216,377
KHM-006704,2014,15020502036.0,1,0,1,22,31,53
KHM-006705,2014,15020505038.0,1,0,1,20,32,52
KHM-006706,2014,15020601018.0,2,2,4,124,140,264
KHM-006707,2014,15020604019.0,4,0,4,33,33,66
KHM-006708,2014,15020607020.0,3,0,3,36,64,100
KHM-006709,2014,15020613021.0,2,0,2,99,83,182
KHM-006710,2014,15020614022.0,1,5,6,246,264,510
KHM-006711,2014,15020615023.0,4,5,9,296,325,621
KHM-006712,2014,15020616037.0,2,0,2,15,11,26
KHM-006713,2014,15020703024.0,2,5,7,56,41,97
KHM-006714,2014,15020705025.0,2,2,4,22,20,42
KHM-006715,2014,15020708026.0,4,3,7,43,37,80
KHM-006716,2014,15020712034.0,4,2,6,68,60,128
KHM-006717,2014,15020713027.0,5,4,9,132,141,273
KHM-006718,2014,15020802028.0,10,4,14,258,205,463
KHM-006719,2014,15020807029.0,6,0,6,120,129,249
KHM-006720,2014,15020808030.0,6,2,8,92,111,203
KHM-006721,2014,15020810031.0,6,0,6,74,89,163
KHM-006722,2014,15020904032.0,5,11,16,236,253,489
KHM-006723,2014,15021001039.0,6,7,13,177,211,388
KHM-006724,2014,15021003040.0,5,5,10,106,89,195
KHM-006725,2014,15021005041.0,2,5,7,158,177,335
KHM-006726,2014,15021006042.0,4,2,6,110,107,217
KHM-006727,2014,15021008043.0,2,0,2,52,67,119
KHM-006728,2014,15021008044.0,1,0,1,19,24,43
KHM-006729,2014,15030101001.0,1,1,2,30,22,52
KHM-006730,2014,15030102002.0,1,6,7,167,151,318
KHM-006731,2014,15030107036.0,1,3,4,85,63,148
KHM-006732,2014,15030108003.0,2,6,8,162,181,343
KHM-006733,2014,15030109004.0,1,7,8,160,159,319
KHM-006734,2014,15030110005.0,1,3,4,78,72,150
KHM-006735,2014,15030111038.0,1,3,4,65,81,146
KHM-006736,2014,15030202006.0,3,3,6,261,282,543
KHM-006737,2014,15030204007.0,3,3,6,171,166,337
KHM-006738,2014,15030205008.0,2,0,2,61,46,107
KHM-006739,2014,15030303009.0,1,1,2,40,45,85
KHM-006740,2014,15030308010.0,4,8,12,291,280,571
KHM-006741,2014,15030312011.0,1,3,4,85,77,162
KHM-006742,2014,15030403012.0,4,6,10,306,251,557
KHM-006743,2014,15030407013.0,7,7,14,639,637,1276
KHM-006744,2014,15030409016.0,5,0,5,154,162,316
KHM-006745,2014,15030410043.0,1,3,4,131,140,271
KHM-006746,2014,15030501047.0,3,2,5,176,129,305
KHM-006747,2014,15030504014.0,5,1,6,120,107,227
KHM-006748,2014,15030601019.0,3,1,4,115,103,218
KHM-006749,2014,15030603039.0,2,0,2,37,26,63
KHM-006750,2014,15030603044.0,2,1,3,89,103,192
KHM-006751,2014,15030605017.0,2,3,5,125,125,250
KHM-006752,2014,15030607018.0,2,3,5,171,194,365
KHM-006753,2014,15030701020.0,4,8,12,317,277,594
KHM-006754,2014,15030701053.0,1,0,1,20,27,47
KHM-006755,2014,15030704021.0,4,1,5,120,107,227
KHM-006756,2014,15030705022.0,1,6,7,179,152,331
KHM-006757,2014,15030711041.0,1,4,5,121,116,237
KHM-006758,2014,15030801023.0,2,3,5,80,83,163
KHM-006759,2014,15030801049.0,1,3,4,75,59,134
KHM-006760,2014,15030804024.0,0,3,3,124,128,252
KHM-006761,2014,15030806037.0,4,0,4,113,111,224
KHM-006762,2014,15030806048.0,2,0,2,42,38,80
KHM-006763,2014,15030901025.0,0,4,4,81,87,168
KHM-006764,2014,15030902026.0,2,1,3,62,54,116
KHM-006765,2014,15030903027.0,2,2,4,71,72,143
KHM-006766,2014,15030905050.0,2,4,6,64,61,125
KHM-006767,2014,15030909015.0,2,0,2,47,55,102
KHM-006768,2014,15030909042.0,3,1,4,69,65,134
KHM-006769,2014,15031001028.0,5,2,7,180,149,329
KHM-006770,2014,15031001045.0,2,1,3,67,50,117
KHM-006771,2014,15031003051.0,1,0,1,26,23,49
KHM-006772,2014,15031004052.0,2,0,2,34,33,67
KHM-006773,2014,15031005029.0,4,0,4,148,152,300
KHM-006774,2014,15031101030.0,0,5,5,85,79,164
KHM-006775,2014,15031103035.0,3,2,5,77,72,149
KHM-006776,2014,15031104031.0,2,4,6,200,200,400
KHM-006777,2014,15031106032.0,3,2,5,62,70,132
KHM-006778,2014,15031107033.0,3,2,5,110,125,235
KHM-006779,2014,15031109034.0,3,4,7,210,226,436
KHM-006780,2014,15031110046.0,2,1,3,100,88,188
KHM-006781,2014,15031110054.0,2,0,2,49,68,117
KHM-006782,2014,15031110055.0,2,0,2,51,61,112
KHM-006783,2014,15031112040.0,1,2,3,141,147,288
KHM-006784,2014,15040101001.0,3,5,8,138,114,252
KHM-006785,2014,15040102002.0,5,7,12,247,217,464
KHM-006786,2014,15040103003.0,3,4,7,125,98,223
KHM-006787,2014,15040104031.0,1,3,4,92,86,178
KHM-006788,2014,15040105034.0,1,1,2,23,28,51
KHM-006789,2014,15040201004.0,6,15,21,388,330,718
KHM-006790,2014,15040204005.0,3,10,13,168,166,334
KHM-006791,2014,15040206006.0,2,3,5,55,48,103
KHM-006792,2014,15040301007.0,3,1,4,55,53,108
KHM-006793,2014,15040302008.0,6,0,6,118,94,212
KHM-006794,2014,15040303009.0,3,1,4,48,43,91
KHM-006795,2014,15040303010.0,2,4,6,79,66,145
KHM-006796,2014,15040304041.0,3,2,5,104,77,181
KHM-006797,2014,15040305011.0,2,3,5,83,84,167
KHM-006798,2014,15040306012.0,2,5,7,161,127,288
KHM-006799,2014,15040307013.0,4,7,11,192,148,340
KHM-006800,2014,15040308014.0,1,2,3,45,35,80
KHM-006801,2014,15040309032.0,2,2,4,96,86,182
KHM-006802,2014,15040309035.0,2,1,3,22,43,65
KHM-006803,2014,15040310015.0,2,1,3,52,49,101
KHM-006804,2014,15040311016.0,3,0,3,63,50,113
KHM-006805,2014,15040312033.0,5,3,8,180,153,333
KHM-006806,2014,15040313038.0,4,0,4,86,84,170
KHM-006807,2014,15040401036.0,2,1,3,70,62,132
KHM-006808,2014,15040403017.0,3,8,11,304,277,581
KHM-006809,2014,15040404018.0,5,5,10,187,135,322
KHM-006810,2014,15040405019.0,5,0,5,128,129,257
KHM-006811,2014,15040406020.0,2,1,3,58,56,114
KHM-006812,2014,15040502021.0,2,10,12,147,131,278
KHM-006813,2014,15040504044.0,4,2,6,172,177,349
KHM-006814,2014,15040601022.0,0,12,12,243,229,472
KHM-006815,2014,15040603023.0,3,1,4,124,119,243
KHM-006816,2014,15040603043.0,2,0,2,56,45,101
KHM-006817,2014,15040701024.0,3,8,11,198,192,390
KHM-006818,2014,15040701042.0,1,2,3,91,95,186
KHM-006819,2014,15040702025.0,2,3,5,100,120,220
KHM-006820,2014,15040704026.0,3,0,3,84,92,176
KHM-006821,2014,15040705027.0,4,2,6,81,66,147
KHM-006822,2014,15040706028.0,0,12,12,163,153,316
KHM-006823,2014,15040707029.0,2,1,3,31,20,51
KHM-006824,2014,15040708030.0,2,1,3,74,63,137
KHM-006825,2014,15040709039.0,3,1,4,118,112,230
KHM-006826,2014,15040710037.0,2,1,3,91,85,176
KHM-006827,2014,15040711040.0,2,1,3,109,112,221
KHM-006828,2014,15050102001.0,1,5,6,129,159,288
KHM-006829,2014,15050103030.0,3,4,7,63,47,110
KHM-006830,2014,15050104038.0,3,3,6,94,82,176
KHM-006831,2014,15050105002.0,3,3,6,94,85,179
KHM-006832,2014,15050106035.0,6,0,6,67,63,130
KHM-006833,2014,15050108026.0,0,6,6,135,134,269
KHM-006834,2014,15050108032.0,4,0,4,47,37,84
KHM-006835,2014,15050302008.0,3,9,12,95,86,181
KHM-006836,2014,15050303009.0,4,6,10,100,108,208
KHM-006837,2014,15050305010.0,4,1,5,45,50,95
KHM-006838,2014,15050306011.0,4,5,9,170,166,336
KHM-006839,2014,15050308012.0,6,5,11,206,189,395
KHM-006840,2014,15050402013.0,21,32,53,1115,1045,2160
KHM-006841,2014,15050408015.0,5,4,9,60,71,131
KHM-006842,2014,15050410016.0,5,12,17,214,209,423
KHM-006843,2014,15050502017.0,3,19,22,272,223,495
KHM-006844,2014,15050507018.0,4,8,12,211,220,431
KHM-006845,2014,15050602025.0,5,2,7,86,84,170
KHM-006846,2014,15050602029.0,4,1,5,170,128,298
KHM-006847,2014,15050603034.0,6,1,7,69,70,139
KHM-006848,2014,15050606019.0,2,7,9,50,77,127
KHM-006849,2014,15050608020.0,6,7,13,209,181,390
KHM-006850,2014,15050610021.0,3,6,9,60,44,104
KHM-006851,2014,15050611022.0,3,6,9,78,76,154
KHM-006852,2014,15050612023.0,2,5,7,96,102,198
KHM-006853,2014,15050613028.0,5,2,7,65,70,135
KHM-006854,2014,15050613031.0,2,2,4,28,21,49
KHM-006855,2014,15050704024.0,4,6,10,89,73,162
KHM-006856,2014,15050804036.0,5,13,18,128,122,250
KHM-006857,2014,15050812037.0,6,3,9,60,48,108
KHM-006858,2014,15060102001.0,4,1,5,159,127,286
KHM-006859,2014,15060104002.0,2,0,2,41,28,69
KHM-006860,2014,15060201003.0,4,6,10,273,256,529
KHM-006861,2014,15060203004.0,2,2,4,125,72,197
KHM-006862,2014,15060204005.0,2,3,5,127,95,222
KHM-006863,2014,15060204013.0,2,2,4,81,68,149
KHM-006864,2014,15060204014.0,2,1,3,64,68,132
KHM-006865,2014,15060204015.0,1,1,2,90,68,158
KHM-006866,2014,15060204016.0,3,0,3,43,46,89
KHM-006867,2014,15060204017.0,1,1,2,40,44,84
KHM-006868,2014,15060204018.0,2,0,2,18,11,29
KHM-006869,2014,15060205006.0,2,1,3,31,23,54
KHM-006870,2014,15060301007.0,3,0,3,66,52,118
KHM-006871,2014,15060302008.0,3,0,3,47,49,96
KHM-006872,2014,15060303019.0,1,1,2,70,63,133
KHM-006873,2014,15060303020.0,3,0,3,60,47,107
KHM-006874,2014,15060401009.0,3,1,4,97,90,187
KHM-006875,2014,15060404010.0,5,1,6,129,167,296
KHM-006876,2014,15060405011.0,1,2,3,56,45,101
KHM-006877,2014,15060405020.0,2,1,3,53,62,115
KHM-006878,2014,15060502012.0,2,4,6,134,120,254
KHM-006879,2014,15060503021.0,2,0,2,30,37,67
KHM-006880,2014,16010101001.0,1,0,1,97,65,162
KHM-006881,2014,16010102002.0,2,1,3,70,74,144
KHM-006882,2014,16010104004.0,2,0,2,43,28,71
KHM-006883,2014,16010105003.0,2,3,5,213,179,392
KHM-006884,2014,16010201009.0,1,1,2,56,63,119
KHM-006885,2014,16010204013.0,1,0,1,49,48,97
KHM-006886,2014,16010205012.0,2,0,2,64,31,95
KHM-006887,2014,16010207010.0,2,0,2,60,46,106
KHM-006888,2014,16010208006.0,2,0,2,119,76,195
KHM-006889,2014,16010210008.0,3,0,3,98,84,182
KHM-006890,2014,16010212011.0,1,0,1,90,32,122
KHM-006891,2014,16010301005.0,2,0,2,55,61,116
KHM-006892,2014,16010303007.0,3,0,3,73,66,139
KHM-006893,2014,16010304014.0,1,0,1,40,41,81
KHM-006894,2014,16020101001.0,3,3,6,147,146,293
KHM-006895,2014,16020102002.0,6,5,11,163,148,311
KHM-006896,2014,16020102011.0,2,0,2,91,71,162
KHM-006897,2014,16020103003.0,2,2,4,112,95,207
KHM-006898,2014,16020104004.0,5,5,10,270,214,484
KHM-006899,2014,16020201010.0,9,22,31,709,664,1373
KHM-006900,2014,16020203005.0,7,13,20,393,387,780
KHM-006901,2014,16020205007.0,2,10,12,194,204,398
KHM-006902,2014,16020206008.0,7,24,31,562,510,1072
KHM-006903,2014,16020206013.0,3,6,9,185,147,332
KHM-006904,2014,16020301009.0,6,5,11,216,257,473
KHM-006905,2014,16020305012.0,2,2,4,40,25,65
KHM-006906,2014,16030102025.0,1,1,2,56,46,102
KHM-006907,2014,16030103018.0,1,0,1,46,37,83
KHM-006908,2014,16030104001.0,0,2,2,34,35,69
KHM-006909,2014,16030105002.0,2,1,3,112,80,192
KHM-006910,2014,16030106017.0,2,1,3,79,58,137
KHM-006911,2014,16030202011.0,3,1,4,188,199,387
KHM-006912,2014,16030205022.0,0,1,1,141,96,237
KHM-006913,2014,16030206028.0,1,0,1,68,49,117
KHM-006914,2014,16030207027.0,0,0,0,82,46,128
KHM-006915,2014,16030209016.0,2,0,2,100,72,172
KHM-006916,2014,16030210024.0,1,0,1,67,80,147
KHM-006917,2014,16030301004.0,2,2,4,109,87,196
KHM-006918,2014,16030302019.0,2,0,2,80,59,139
KHM-006919,2014,16030303012.0,1,0,1,55,44,99
KHM-006920,2014,16030305005.0,7,8,15,362,314,676
KHM-006921,2014,16030305023.0,1,1,2,59,56,115
KHM-006922,2014,16030401006.0,1,2,3,153,167,320
KHM-006923,2014,16030402020.0,1,0,1,75,70,145
KHM-006924,2014,16030403007.0,2,0,2,77,48,125
KHM-006925,2014,16030502021.0,1,0,1,63,61,124
KHM-006926,2014,16030503026.0,1,0,1,62,78,140
KHM-006927,2014,16030505015.0,1,1,2,84,91,175
KHM-006928,2014,16030601008.0,1,4,5,159,155,314
KHM-006929,2014,16030602014.0,1,0,1,79,72,151
KHM-006930,2014,16030603010.0,2,1,3,79,55,134
KHM-006931,2014,16030604013.0,2,0,2,68,45,113
KHM-006932,2014,16030605009.0,1,0,1,28,26,54
KHM-006933,2014,16040101001.0,3,0,3,93,106,199
KHM-006934,2014,16040102002.0,4,0,4,61,70,131
KHM-006935,2014,16040103003.0,2,0,2,29,31,60
KHM-006936,2014,16040202004.0,5,9,14,209,221,430
KHM-006937,2014,16040301016.0,2,1,3,71,60,131
KHM-006938,2014,16040302017.0,2,1,3,71,46,117
KHM-006939,2014,16040303018.0,0,1,1,35,34,69
KHM-006940,2014,16040304015.0,0,2,2,59,51,110
KHM-006941,2014,16040305005.0,3,0,3,60,56,116
KHM-006942,2014,16040306025.0,1,0,1,41,52,93
KHM-006943,2014,16040306026.0,1,1,2,27,35,62
KHM-006944,2014,16040401011.0,2,0,2,79,106,185
KHM-006945,2014,16040401022.0,1,3,4,130,90,220
KHM-006946,2014,16040402006.0,1,3,4,80,68,148
KHM-006947,2014,16040403012.0,1,0,1,32,26,58
KHM-006948,2014,16040403019.0,1,1,2,56,36,92
KHM-006949,2014,16040404013.0,3,1,4,130,85,215
KHM-006950,2014,16040405021.0,1,0,1,44,41,85
KHM-006951,2014,16040501007.0,3,1,4,122,122,244
KHM-006952,2014,16040502008.0,1,9,10,250,245,495
KHM-006953,2014,16040503024.0,2,4,6,107,114,221
KHM-006954,2014,16040504009.0,2,1,3,113,77,190
KHM-006955,2014,16040505014.0,0,3,3,54,63,117
KHM-006956,2014,16040603010.0,5,6,11,250,240,490
KHM-006957,2014,16040603020.0,2,1,3,47,30,77
KHM-006958,2014,16040603023.0,1,1,2,41,46,87
KHM-006959,2014,16050101001.0,1,1,2,26,20,46
KHM-006960,2014,16050102002.0,1,1,2,56,41,97
KHM-006961,2014,16050103003.0,1,1,2,36,41,77
KHM-006962,2014,16050104004.0,0,1,1,31,27,58
KHM-006963,2014,16050105005.0,1,0,1,42,44,86
KHM-006964,2014,16050107006.0,5,3,8,225,152,377
KHM-006965,2014,16050201007.0,4,0,4,89,83,172
KHM-006966,2014,16050201024.0,1,0,1,46,35,81
KHM-006967,2014,16050202008.0,0,1,1,31,14,45
KHM-006968,2014,16050204021.0,3,0,3,163,171,334
KHM-006969,2014,16050302023.0,0,1,1,12,18,30
KHM-006970,2014,16050303010.0,1,2,3,120,82,202
KHM-006971,2014,16050401011.0,2,1,3,55,61,116
KHM-006972,2014,16050402020.0,1,1,2,74,78,152
KHM-006973,2014,16050501019.0,3,0,3,129,120,249
KHM-006974,2014,16050502022.0,2,1,3,81,72,153
KHM-006975,2014,16050503012.0,1,2,3,76,59,135
KHM-006976,2014,16050504025.0,2,1,3,172,151,323
KHM-006977,2014,16050601015.0,2,0,2,125,95,220
KHM-006978,2014,16050602016.0,2,1,3,53,41,94
KHM-006979,2014,16050603013.0,1,1,2,99,89,188
KHM-006980,2014,16050604017.0,2,1,3,92,62,154
KHM-006981,2014,16050605018.0,2,0,2,61,59,120
KHM-006982,2014,16050606009.0,2,0,2,109,91,200
KHM-006983,2014,16050607014.0,4,0,4,162,138,300
KHM-006984,2014,16050608027.0,1,0,1,68,56,124
KHM-006985,2014,16060101001.0,2,2,4,140,100,240
KHM-006986,2014,16060103007.0,0,3,3,79,86,165
KHM-006987,2014,16060201002.0,3,1,4,62,68,130
KHM-006988,2014,16060202011.0,1,0,1,53,47,100
KHM-006989,2014,16060203022.0,0,1,1,44,36,80
KHM-006990,2014,16060207016.0,0,3,3,73,90,163
KHM-006991,2014,16060301003.0,3,3,6,199,218,417
KHM-006992,2014,16060305014.0,2,0,2,146,135,281
KHM-006993,2014,16060402004.0,3,2,5,155,122,277
KHM-006994,2014,16060501006.0,3,4,7,255,240,495
KHM-006995,2014,16060504009.0,2,2,4,81,55,136
KHM-006996,2014,16060505010.0,1,2,3,45,40,85
KHM-006997,2014,16060506024.0,1,0,1,39,38,77
KHM-006998,2014,16060509012.0,3,1,4,117,91,208
KHM-006999,2014,16060510017.0,0,3,3,45,60,105
KHM-007000,2014,16060601020.0,1,0,1,132,96,228
KHM-007001,2014,16060602021.0,2,0,2,58,35,93
KHM-007002,2014,16060603008.0,3,0,3,102,82,184
KHM-007003,2014,16060701013.0,0,1,1,79,59,138
KHM-007004,2014,16060702023.0,1,0,1,42,36,78
KHM-007005,2014,16060703005.0,2,0,2,79,60,139
KHM-007006,2014,16060704019.0,1,0,1,78,50,128
KHM-007007,2014,16060705018.0,1,0,1,45,61,106
KHM-007008,2014,16070103015.0,4,0,4,104,107,211
KHM-007009,2014,16070104020.0,1,0,1,48,54,102
KHM-007010,2014,16070105021.0,2,0,2,43,43,86
KHM-007011,2014,16070201009.0,1,2,3,42,63,105
KHM-007012,2014,16070202012.0,2,2,4,53,46,99
KHM-007013,2014,16070204001.0,2,3,5,276,240,516
KHM-007014,2014,16070301011.0,3,1,4,107,136,243
KHM-007015,2014,16070301022.0,2,0,2,65,51,116
KHM-007016,2014,16070302014.0,2,0,2,55,47,102
KHM-007017,2014,16070303010.0,2,0,2,64,51,115
KHM-007018,2014,16070304018.0,2,0,2,106,114,220
KHM-007019,2014,16070401002.0,2,1,3,46,44,90
KHM-007020,2014,16070402003.0,4,1,5,111,91,202
KHM-007021,2014,16070403019.0,1,1,2,39,28,67
KHM-007022,2014,16070502017.0,1,0,1,37,26,63
KHM-007023,2014,16070601007.0,3,1,4,96,108,204
KHM-007024,2014,16070602004.0,2,0,2,60,63,123
KHM-007025,2014,16070602016.0,2,0,2,74,71,145
KHM-007026,2014,16070603013.0,1,1,2,82,70,152
KHM-007027,2014,16070701005.0,3,0,3,74,64,138
KHM-007028,2014,16070702006.0,3,0,3,54,48,102
KHM-007029,2014,16080102008.0,2,0,2,53,39,92
KHM-007030,2014,16080103005.0,0,0,0,24,22,46
KHM-007031,2014,16080104006.0,1,0,1,51,37,88
KHM-007032,2014,16080105007.0,1,0,1,46,57,103
KHM-007033,2014,16080110001.0,2,0,2,72,57,129
KHM-007034,2014,16080112002.0,5,2,7,169,145,314
KHM-007035,2014,16080201003.0,3,0,3,99,103,202
KHM-007036,2014,16080208004.0,1,1,2,90,74,164
KHM-007037,2014,16090101014.0,1,3,4,59,58,117
KHM-007038,2014,16090102001.0,4,4,8,266,202,468
KHM-007039,2014,16090301002.0,3,3,6,111,142,253
KHM-007040,2014,16090302003.0,2,0,2,94,81,175
KHM-007041,2014,16090401022.0,2,1,3,43,71,114
KHM-007042,2014,16090402004.0,1,4,5,79,82,161
KHM-007043,2014,16090403016.0,1,2,3,67,71,138
KHM-007044,2014,16090404023.0,1,1,2,44,45,89
KHM-007045,2014,16090406024.0,2,0,2,65,63,128
KHM-007046,2014,16090502005.0,2,0,2,41,42,83
KHM-007047,2014,16090502020.0,2,0,2,50,46,96
KHM-007048,2014,16090601017.0,2,0,2,82,50,132
KHM-007049,2014,16090602006.0,3,0,3,81,42,123
KHM-007050,2014,16090603018.0,1,2,3,60,56,116
KHM-007051,2014,16090703025.0,2,0,2,82,63,145
KHM-007052,2014,16090704007.0,3,0,3,88,71,159
KHM-007053,2014,16090801008.0,2,5,7,129,118,247
KHM-007054,2014,16090901009.0,0,3,3,114,108,222
KHM-007055,2014,16090903026.0,1,1,2,57,51,108
KHM-007056,2014,16090905021.0,1,1,2,42,69,111
KHM-007057,2014,16091001010.0,1,1,2,57,37,94
KHM-007058,2014,16091002019.0,3,0,3,95,129,224
KHM-007059,2014,16091003011.0,2,0,2,66,59,125
KHM-007060,2014,16091004012.0,2,2,4,79,75,154
KHM-007061,2014,16091005013.0,2,1,3,97,42,139
KHM-007062,2014,16091006015.0,2,0,2,74,38,112
KHM-007063,2014,17010108018.0,5,5,10,133,137,270
KHM-007064,2014,17010112030.0,0,6,6,91,101,192
KHM-007065,2014,17010114001.0,3,10,13,241,225,466
KHM-007066,2014,17010115002.0,2,7,9,148,123,271
KHM-007067,2014,17010120013.0,1,4,5,61,72,133
KHM-007068,2014,17010201024.0,4,3,7,88,94,182
KHM-007069,2014,17010202034.0,2,1,3,75,79,154
KHM-007070,2014,17010204017.0,3,4,7,102,113,215
KHM-007071,2014,17010205003.0,4,2,6,94,112,206
KHM-007072,2014,17010209032.0,3,1,4,88,88,176
KHM-007073,2014,17010302004.0,3,1,4,124,100,224
KHM-007074,2014,17010303005.0,4,3,7,260,215,475
KHM-007075,2014,17010304016.0,3,2,5,123,131,254
KHM-007076,2014,17010306026.0,4,1,5,133,163,296
KHM-007077,2014,17010309035.0,3,2,5,94,96,190
KHM-007078,2014,17010311006.0,3,0,3,74,62,136
KHM-007079,2014,17010312022.0,2,2,4,106,116,222
KHM-007080,2014,17010313025.0,4,0,4,96,94,190
KHM-007081,2014,17010314033.0,2,1,3,111,105,216
KHM-007082,2014,17010401020.0,6,2,8,136,141,277
KHM-007083,2014,17010405014.0,2,4,6,81,55,136
KHM-007084,2014,17010502007.0,4,4,8,192,180,372
KHM-007085,2014,17010504023.0,2,3,5,92,113,205
KHM-007086,2014,17010505008.0,3,10,13,277,221,498
KHM-007087,2014,17010508009.0,5,5,10,193,181,374
KHM-007088,2014,17010602021.0,5,1,6,117,91,208
KHM-007089,2014,17010603015.0,4,5,9,129,137,266
KHM-007090,2014,17010606027.0,6,0,6,119,125,244
KHM-007091,2014,17010610029.0,5,2,7,150,175,325
KHM-007092,2014,17010611019.0,5,0,5,132,148,280
KHM-007093,2014,17010702010.0,3,9,12,260,187,447
KHM-007094,2014,17010706028.0,6,6,12,139,164,303
KHM-007095,2014,17010707011.0,2,3,5,43,44,87
KHM-007096,2014,17010708031.0,3,4,7,64,57,121
KHM-007097,2014,17010711012.0,2,6,8,107,125,232
KHM-007098,2014,17020101018.0,3,1,4,70,68,138
KHM-007099,2014,17020102012.0,2,5,7,127,172,299
KHM-007100,2014,17020104013.0,1,2,3,84,99,183
KHM-007101,2014,17020105017.0,1,4,5,88,92,180
KHM-007102,2014,17020201007.0,0,6,6,123,107,230
KHM-007103,2014,17020202001.0,0,11,11,223,236,459
KHM-007104,2014,17020203008.0,0,6,6,57,55,112
KHM-007105,2014,17020204002.0,4,3,7,103,106,209
KHM-007106,2014,17020205003.0,3,6,9,172,168,340
KHM-007107,2014,17020206009.0,1,5,6,138,90,228
KHM-007108,2014,17020208010.0,4,3,7,80,72,152
KHM-007109,2014,17020301011.0,2,9,11,366,350,716
KHM-007110,2014,17020304014.0,2,2,4,67,51,118
KHM-007111,2014,17020305004.0,1,9,10,365,210,575
KHM-007112,2014,17020402005.0,4,16,20,385,363,748
KHM-007113,2014,17020404006.0,4,7,11,153,159,312
KHM-007114,2014,17020405019.0,0,6,6,87,101,188
KHM-007115,2014,17020406015.0,1,4,5,44,47,91
KHM-007116,2014,17020407016.0,3,5,8,192,194,386
KHM-007117,2014,17030101001.0,0,5,5,295,299,594
KHM-007118,2014,17030101020.0,1,2,3,37,37,74
KHM-007119,2014,17030102002.0,0,4,4,136,136,272
KHM-007120,2014,17030103003.0,1,2,3,108,88,196
KHM-007121,2014,17030105013.0,0,1,1,25,15,40
KHM-007122,2014,17030106015.0,0,5,5,131,151,282
KHM-007123,2014,17030201025.0,1,1,2,115,134,249
KHM-007124,2014,17030202004.0,1,3,4,116,98,214
KHM-007125,2014,17030203005.0,1,3,4,91,118,209
KHM-007126,2014,17030204026.0,1,2,3,112,90,202
KHM-007127,2014,17030301006.0,3,7,10,340,295,635
KHM-007128,2014,17030302024.0,0,2,2,72,86,158
KHM-007129,2014,17030305007.0,0,4,4,149,119,268
KHM-007130,2014,17030306019.0,1,2,3,104,119,223
KHM-007131,2014,17030402008.0,0,7,7,147,138,285
KHM-007132,2014,17030403023.0,3,6,9,105,94,199
KHM-007133,2014,17030501009.0,1,3,4,105,105,210
KHM-007134,2014,17030503021.0,1,4,5,130,123,253
KHM-007135,2014,17030504010.0,1,5,6,238,213,451
KHM-007136,2014,17030505022.0,1,3,4,129,154,283
KHM-007137,2014,17030508028.0,1,2,3,24,20,44
KHM-007138,2014,17030601011.0,0,8,8,224,227,451
KHM-007139,2014,17030604012.0,0,5,5,88,108,196
KHM-007140,2014,17030604027.0,0,5,5,174,123,297
KHM-007141,2014,17030605014.0,1,3,4,65,54,119
KHM-007142,2014,17030606016.0,0,4,4,74,90,164
KHM-007143,2014,17030607017.0,0,4,4,97,107,204
KHM-007144,2014,17030608018.0,1,2,3,89,86,175
KHM-007145,2014,17040107001.0,3,8,11,379,339,718
KHM-007146,2014,17040110002.0,2,7,9,312,300,612
KHM-007147,2014,17040113003.0,4,3,7,229,198,427
KHM-007148,2014,17040115057.0,1,0,1,111,114,225
KHM-007149,2014,17040204004.0,5,4,9,348,280,628
KHM-007150,2014,17040206005.0,2,2,4,111,110,221
KHM-007151,2014,17040209006.0,1,4,5,131,109,240
KHM-007152,2014,17040303008.0,2,0,2,160,152,312
KHM-007153,2014,17040305009.0,2,4,6,165,134,299
KHM-007154,2014,17040311010.0,4,11,15,476,478,954
KHM-007155,2014,17040312011.0,0,2,2,112,81,193
KHM-007156,2014,17040316012.0,1,2,3,86,62,148
KHM-007157,2014,17040401069.0,2,0,2,167,169,336
KHM-007158,2014,17040402061.0,0,0,0,404,345,749
KHM-007159,2014,17040403062.0,1,0,1,227,260,487
KHM-007160,2014,17040406068.0,2,0,2,183,200,383
KHM-007161,2014,17040409067.0,0,1,1,113,125,238
KHM-007162,2014,17040410073.0,1,0,1,70,60,130
KHM-007163,2014,17040502013.0,1,5,6,228,192,420
KHM-007164,2014,17040507014.0,0,1,1,111,126,237
KHM-007165,2014,17040508015.0,0,1,1,72,69,141
KHM-007166,2014,17040509066.0,0,2,2,144,148,292
KHM-007167,2014,17040510016.0,1,2,3,163,119,282
KHM-007168,2014,17040513017.0,0,2,2,87,78,165
KHM-007169,2014,17040514018.0,0,1,1,101,96,197
KHM-007170,2014,17040515019.0,1,1,2,48,61,109
KHM-007171,2014,17040516020.0,1,3,4,56,57,113
KHM-007172,2014,17040518054.0,0,1,1,104,121,225
KHM-007173,2014,17040601021.0,2,1,3,108,91,199
KHM-007174,2014,17040603022.0,0,1,1,95,83,178
KHM-007175,2014,17040605023.0,7,2,9,368,435,803
KHM-007176,2014,17040613072.0,2,0,2,102,85,187
KHM-007177,2014,17040701026.0,1,0,1,78,116,194
KHM-007178,2014,17040702027.0,0,0,0,85,110,195
KHM-007179,2014,17040704028.0,1,3,4,147,167,314
KHM-007180,2014,17040706029.0,1,1,2,83,97,180
KHM-007181,2014,17040707030.0,0,1,1,123,142,265
KHM-007182,2014,17040709064.0,0,0,0,87,81,168
KHM-007183,2014,17040711055.0,0,1,1,76,98,174
KHM-007184,2014,17040713063.0,0,0,0,88,56,144
KHM-007185,2014,17040802032.0,0,3,3,205,184,389
KHM-007186,2014,17040804033.0,0,2,2,72,76,148
KHM-007187,2014,17040807035.0,3,0,3,112,101,213
KHM-007188,2014,17040809036.0,1,2,3,115,102,217
KHM-007189,2014,17040810058.0,1,2,3,117,117,234
KHM-007190,2014,17040813079.0,0,1,1,67,69,136
KHM-007191,2014,17040901080.0,1,1,2,85,81,166
KHM-007192,2014,17040902037.0,1,2,3,142,176,318
KHM-007193,2014,17040904076.0,0,1,1,137,135,272
KHM-007194,2014,17040906056.0,1,0,1,124,120,244
KHM-007195,2014,17040907071.0,0,0,0,93,97,190
KHM-007196,2014,17040909065.0,0,2,2,125,136,261
KHM-007197,2014,17040910077.0,1,0,1,60,45,105
KHM-007198,2014,17040911078.0,1,0,1,69,78,147
KHM-007199,2014,17041001038.0,0,2,2,101,110,211
KHM-007200,2014,17041002039.0,1,1,2,145,145,290
KHM-007201,2014,17041003040.0,1,0,1,68,80,148
KHM-007202,2014,17041005042.0,2,3,5,130,137,267
KHM-007203,2014,17041006059.0,0,4,4,195,146,341
KHM-007204,2014,17041007070.0,0,2,2,191,194,385
KHM-007205,2014,17041008075.0,0,0,0,105,88,193
KHM-007206,2014,17041101043.0,0,2,2,114,96,210
KHM-007207,2014,17041103044.0,2,6,8,274,274,548
KHM-007208,2014,17041104074.0,3,0,3,105,130,235
KHM-007209,2014,17041105045.0,0,2,2,85,107,192
KHM-007210,2014,17041106046.0,1,1,2,121,102,223
KHM-007211,2014,17041107047.0,0,3,3,170,157,327
KHM-007212,2014,17041108048.0,0,2,2,58,74,132
KHM-007213,2014,17041201049.0,1,4,5,255,251,506
KHM-007214,2014,17041204050.0,0,2,2,31,35,66
KHM-007215,2014,17041206051.0,0,5,5,209,171,380
KHM-007216,2014,17041211052.0,1,2,3,119,84,203
KHM-007217,2014,17041214053.0,1,3,4,177,209,386
KHM-007218,2014,17060101001.0,1,1,2,69,79,148
KHM-007219,2014,17060103002.0,2,2,4,144,115,259
KHM-007220,2014,17060105003.0,0,1,1,52,53,105
KHM-007221,2014,17060108004.0,6,2,8,162,185,347
KHM-007222,2014,17060109005.0,3,0,3,91,81,172
KHM-007223,2014,17060111027.0,1,2,3,120,128,248
KHM-007224,2014,17060206006.0,8,6,14,371,323,694
KHM-007225,2014,17060301007.0,1,0,1,31,21,52
KHM-007226,2014,17060303008.0,1,1,2,47,48,95
KHM-007227,2014,17060305009.0,10,8,18,377,373,750
KHM-007228,2014,17060307010.0,4,1,5,150,137,287
KHM-007229,2014,17060403030.0,2,0,2,61,85,146
KHM-007230,2014,17060405011.0,6,3,9,227,252,479
KHM-007231,2014,17060503012.0,1,2,3,220,171,391
KHM-007232,2014,17060507033.0,2,0,2,70,68,138
KHM-007233,2014,17060601036.0,2,1,3,79,81,160
KHM-007234,2014,17060603013.0,2,1,3,151,129,280
KHM-007235,2014,17060604014.0,2,1,3,120,131,251
KHM-007236,2014,17060607015.0,1,1,2,121,103,224
KHM-007237,2014,17060701016.0,3,1,4,155,102,257
KHM-007238,2014,17060703034.0,1,0,1,13,15,28
KHM-007239,2014,17060706031.0,2,0,2,114,132,246
KHM-007240,2014,17060713017.0,3,2,5,177,180,357
KHM-007241,2014,17060717028.0,1,1,2,158,136,294
KHM-007242,2014,17060801018.0,3,4,7,196,188,384
KHM-007243,2014,17060806029.0,3,0,3,150,192,342
KHM-007244,2014,17060807032.0,2,1,3,100,112,212
KHM-007245,2014,17060903019.0,3,0,3,192,173,365
KHM-007246,2014,17060905020.0,3,1,4,122,104,226
KHM-007247,2014,17060907035.0,3,2,5,122,97,219
KHM-007248,2014,17060909021.0,4,2,6,183,170,353
KHM-007249,2014,17060911022.0,3,0,3,126,106,232
KHM-007250,2014,17061003023.0,4,4,8,111,109,220
KHM-007251,2014,17061004024.0,1,0,1,10,7,17
KHM-007252,2014,17061007025.0,3,0,3,103,76,179
KHM-007253,2014,17061010026.0,3,0,3,77,69,146
KHM-007254,2014,17070102039.0,2,8,10,282,278,560
KHM-007255,2014,17070108040.0,2,1,3,132,110,242
KHM-007256,2014,17070109060.0,1,1,2,128,139,267
KHM-007257,2014,17070111041.0,0,3,3,220,181,401
KHM-007258,2014,17070112061.0,4,0,4,76,82,158
KHM-007259,2014,17070114069.0,2,1,3,50,76,126
KHM-007260,2014,17070201001.0,1,6,7,213,250,463
KHM-007261,2014,17070203062.0,2,1,3,55,46,101
KHM-007262,2014,17070205003.0,2,2,4,105,134,239
KHM-007263,2014,17070207066.0,2,0,2,117,147,264
KHM-007264,2014,17070209004.0,0,5,5,192,181,373
KHM-007265,2014,17070210052.0,3,1,4,126,108,234
KHM-007266,2014,17070213002.0,4,1,5,221,191,412
KHM-007267,2014,17070301005.0,1,1,2,62,55,117
KHM-007268,2014,17070304065.0,1,2,3,131,112,243
KHM-007269,2014,17070307006.0,4,0,4,176,153,329
KHM-007270,2014,17070401007.0,5,7,12,102,95,197
KHM-007271,2014,17070402008.0,1,8,9,113,88,201
KHM-007272,2014,17070407009.0,2,6,8,81,90,171
KHM-007273,2014,17070408010.0,3,2,5,137,126,263
KHM-007274,2014,17070501011.0,2,10,12,208,162,370
KHM-007275,2014,17070505064.0,2,3,5,107,79,186
KHM-007276,2014,17070507012.0,2,7,9,184,144,328
KHM-007277,2014,17070509013.0,3,1,4,70,78,148
KHM-007278,2014,17070512014.0,1,6,7,108,94,202
KHM-007279,2014,17070702019.0,2,7,9,238,214,452
KHM-007280,2014,17070703067.0,4,0,4,148,123,271
KHM-007281,2014,17070705020.0,3,2,5,91,99,190
KHM-007282,2014,17070706021.0,1,1,2,59,53,112
KHM-007283,2014,17070708022.0,2,3,5,147,130,277
KHM-007284,2014,17070709023.0,3,2,5,106,87,193
KHM-007285,2014,17070710053.0,1,2,3,54,62,116
KHM-007286,2014,17070711054.0,1,1,2,60,64,124
KHM-007287,2014,17070712068.0,1,1,2,49,58,107
KHM-007288,2014,17070802024.0,2,2,4,135,138,273
KHM-007289,2014,17070803025.0,2,4,6,184,148,332
KHM-007290,2014,17070806058.0,1,2,3,131,137,268
KHM-007291,2014,17070902059.0,0,3,3,100,132,232
KHM-007292,2014,17071002026.0,4,23,27,487,436,923
KHM-007293,2014,17071006027.0,3,15,18,247,246,493
KHM-007294,2014,17071008029.0,2,11,13,227,190,417
KHM-007295,2014,17071010030.0,0,7,7,136,126,262
KHM-007296,2014,17071102031.0,5,2,7,213,202,415
KHM-007297,2014,17071106032.0,6,3,9,213,232,445
KHM-007298,2014,17071109033.0,2,0,2,143,139,282
KHM-007299,2014,17071110055.0,4,0,4,60,68,128
KHM-007300,2014,17071202034.0,2,1,3,166,144,310
KHM-007301,2014,17071204035.0,2,5,7,346,357,703
KHM-007302,2014,17071206056.0,1,3,4,109,100,209
KHM-007303,2014,17071211036.0,0,3,3,241,311,552
KHM-007304,2014,17071303037.0,3,16,19,405,395,800
KHM-007305,2014,17071305057.0,1,9,10,163,165,328
KHM-007306,2014,17071503063.0,1,3,4,214,183,397
KHM-007307,2014,17071506047.0,1,2,3,170,152,322
KHM-007308,2014,17071507048.0,3,4,7,283,229,512
KHM-007309,2014,17071509049.0,1,2,3,179,158,337
KHM-007310,2014,17071603050.0,4,5,9,187,150,337
KHM-007311,2014,17071604070.0,2,5,7,153,157,310
KHM-007312,2014,17090201005.0,2,7,9,425,351,776
KHM-007313,2014,17090203006.0,0,3,3,147,97,244
KHM-007314,2014,17090204007.0,0,1,1,20,10,30
KHM-007315,2014,17090205008.0,0,3,3,248,217,465
KHM-007316,2014,17090206009.0,1,2,3,64,54,118
KHM-007317,2014,17090207010.0,1,1,2,40,34,74
KHM-007318,2014,17090301011.0,1,1,2,59,45,104
KHM-007319,2014,17090302012.0,0,3,3,174,198,372
KHM-007320,2014,17090303041.0,1,0,1,89,101,190
KHM-007321,2014,17090307038.0,1,1,2,113,112,225
KHM-007322,2014,17090403013.0,1,3,4,201,203,404
KHM-007323,2014,17090502014.0,1,3,4,88,89,177
KHM-007324,2014,17090504015.0,3,4,7,184,186,370
KHM-007325,2014,17090505016.0,1,1,2,113,106,219
KHM-007326,2014,17090506017.0,1,4,5,163,146,309
KHM-007327,2014,17090507018.0,1,1,2,71,76,147
KHM-007328,2014,17090508019.0,1,2,3,96,135,231
KHM-007329,2014,17090509039.0,1,0,1,13,12,25
KHM-007330,2014,17090602020.0,5,4,9,469,391,860
KHM-007331,2014,17090605021.0,2,2,4,208,169,377
KHM-007332,2014,17090608022.0,2,18,20,554,452,1006
KHM-007333,2014,17090701023.0,2,1,3,58,54,112
KHM-007334,2014,17090704025.0,1,6,7,220,186,406
KHM-007335,2014,17090706026.0,0,1,1,32,18,50
KHM-007336,2014,17090801027.0,1,1,2,46,44,90
KHM-007337,2014,17090802028.0,1,2,3,144,123,267
KHM-007338,2014,17090803024.0,1,2,3,144,124,268
KHM-007339,2014,17090806029.0,2,15,17,464,437,901
KHM-007340,2014,17090807030.0,2,3,5,106,100,206
KHM-007341,2014,17090901031.0,1,1,2,32,14,46
KHM-007342,2014,17090902042.0,2,0,2,89,70,159
KHM-007343,2014,17090903032.0,1,2,3,109,125,234
KHM-007344,2014,17090904033.0,1,1,2,73,62,135
KHM-007345,2014,17090905034.0,0,2,2,81,61,142
KHM-007346,2014,17090907035.0,2,3,5,133,102,235
KHM-007347,2014,17090908036.0,1,2,3,46,56,102
KHM-007348,2014,17090909037.0,2,2,4,182,140,322
KHM-007349,2014,17100101001.0,6,23,29,448,423,871
KHM-007350,2014,17100103002.0,7,46,53,1071,1011,2082
KHM-007351,2014,17100103005.0,4,8,12,353,347,700
KHM-007352,2014,17100106003.0,3,23,26,578,551,1129
KHM-007353,2014,17100107004.0,6,11,17,264,224,488
KHM-007354,2014,17100205006.0,6,12,18,636,598,1234
KHM-007355,2014,17100207007.0,5,4,9,176,157,333
KHM-007356,2014,17100209008.0,2,5,7,71,51,122
KHM-007357,2014,17100209009.0,3,28,31,634,601,1235
KHM-007358,2014,17100210010.0,1,11,12,229,220,449
KHM-007359,2014,17100210011.0,0,6,6,43,37,80
KHM-007360,2014,17100211012.0,0,10,10,189,192,381
KHM-007361,2014,17100214014.0,4,24,28,444,434,878
KHM-007362,2014,17100302015.0,8,40,48,1383,1259,2642
KHM-007363,2014,17100302042.0,12,18,30,410,355,765
KHM-007364,2014,17100304040.0,2,2,4,55,67,122
KHM-007365,2014,17100305016.0,2,4,6,155,129,284
KHM-007366,2014,17100306039.0,2,3,5,84,82,166
KHM-007367,2014,17100307017.0,5,0,5,202,181,383
KHM-007368,2014,17100308018.0,1,1,2,263,275,538
KHM-007369,2014,17100401019.0,18,77,95,2852,2662,5514
KHM-007370,2014,17100402020.0,3,25,28,668,560,1228
KHM-007371,2014,17100403021.0,2,12,14,271,211,482
KHM-007372,2014,17100405022.0,3,9,12,330,281,611
KHM-007373,2014,17100502023.0,2,2,4,174,160,334
KHM-007374,2014,17100504024.0,3,4,7,249,222,471
KHM-007375,2014,17100506037.0,0,3,3,97,73,170
KHM-007376,2014,17100506041.0,2,3,5,73,81,154
KHM-007377,2014,17100506055.0,3,5,8,315,268,583
KHM-007378,2014,17100601025.0,2,12,14,344,287,631
KHM-007379,2014,17100602026.0,3,13,16,386,324,710
KHM-007380,2014,17100602054.0,2,4,6,98,113,211
KHM-007381,2014,17100802028.0,11,6,17,493,426,919
KHM-007382,2014,17100901029.0,4,21,25,298,259,557
KHM-007383,2014,17100902030.0,4,2,6,589,476,1065
KHM-007384,2014,17100904031.0,19,3,22,208,163,371
KHM-007385,2014,17100905032.0,5,2,7,168,144,312
KHM-007386,2014,17100906038.0,5,6,11,285,277,562
KHM-007387,2014,17100907033.0,1,8,9,371,322,693
KHM-007388,2014,17101002034.0,1,18,19,362,304,666
KHM-007389,2014,17101004035.0,4,2,6,155,144,299
KHM-007390,2014,17101006036.0,1,0,1,95,108,203
KHM-007391,2014,17101104042.0,6,4,10,333,310,643
KHM-007392,2014,17101109043.0,4,4,8,257,274,531
KHM-007393,2014,17101201044.0,0,8,8,254,243,497
KHM-007394,2014,17101202045.0,4,3,7,373,342,715
KHM-007395,2014,17101203046.0,5,4,9,365,338,703
KHM-007396,2014,17101205047.0,3,3,6,155,137,292
KHM-007397,2014,17101209048.0,2,3,5,126,116,242
KHM-007398,2014,17101301049.0,1,4,5,202,144,346
KHM-007399,2014,17101305050.0,1,5,6,249,190,439
KHM-007400,2014,17101307051.0,2,1,3,52,44,96
KHM-007401,2014,17101307052.0,0,2,2,48,33,81
KHM-007402,2014,17101308053.0,0,2,2,92,66,158
KHM-007403,2014,17110105055.0,0,1,1,131,131,262
KHM-007404,2014,17110107054.0,2,2,4,112,138,250
KHM-007405,2014,17110110001.0,1,2,3,55,79,134
KHM-007406,2014,17110113002.0,1,2,3,63,69,132
KHM-007407,2014,17110114045.0,1,3,4,222,193,415
KHM-007408,2014,17110115003.0,0,2,2,68,61,129
KHM-007409,2014,17110201004.0,0,4,4,166,167,333
KHM-007410,2014,17110203005.0,1,7,8,198,182,380
KHM-007411,2014,17110208006.0,1,4,5,81,77,158
KHM-007412,2014,17110208007.0,1,1,2,50,62,112
KHM-007413,2014,17110208008.0,1,17,18,429,387,816
KHM-007414,2014,17110212009.0,0,3,3,55,48,103
KHM-007415,2014,17110215010.0,2,7,9,209,225,434
KHM-007416,2014,17110302011.0,2,1,3,211,206,417
KHM-007417,2014,17110303012.0,1,3,4,98,96,194
KHM-007418,2014,17110304048.0,2,1,3,83,81,164
KHM-007419,2014,17110305013.0,1,1,2,194,236,430
KHM-007420,2014,17110309057.0,0,2,2,80,67,147
KHM-007421,2014,17110311014.0,2,1,3,187,180,367
KHM-007422,2014,17110315044.0,0,1,1,153,140,293
KHM-007423,2014,17110401015.0,0,2,2,163,170,333
KHM-007424,2014,17110404016.0,1,4,5,357,329,686
KHM-007425,2014,17110409017.0,2,1,3,84,83,167
KHM-007426,2014,17110410018.0,0,2,2,107,100,207
KHM-007427,2014,17110503019.0,3,3,6,235,199,434
KHM-007428,2014,17110504058.0,1,0,1,61,60,121
KHM-007429,2014,17110505020.0,2,2,4,124,119,243
KHM-007430,2014,17110508021.0,2,1,3,138,122,260
KHM-007431,2014,17110510022.0,1,1,2,65,62,127
KHM-007432,2014,17110511023.0,2,8,10,187,190,377
KHM-007433,2014,17110601024.0,0,1,1,122,136,258
KHM-007434,2014,17110603047.0,0,2,2,65,48,113
KHM-007435,2014,17110604025.0,0,2,2,131,114,245
KHM-007436,2014,17110605026.0,1,1,2,116,109,225
KHM-007437,2014,17110606027.0,1,1,2,86,96,182
KHM-007438,2014,17110607028.0,1,4,5,179,171,350
KHM-007439,2014,17110701029.0,0,2,2,44,63,107
KHM-007440,2014,17110702030.0,0,4,4,149,158,307
KHM-007441,2014,17110703053.0,0,3,3,93,67,160
KHM-007442,2014,17110705031.0,0,3,3,127,126,253
KHM-007443,2014,17110706061.0,0,2,2,66,56,122
KHM-007444,2014,17110706064.0,1,0,1,30,16,46
KHM-007445,2014,17110707056.0,2,1,3,101,98,199
KHM-007446,2014,17110801032.0,4,1,5,125,131,256
KHM-007447,2014,17110803033.0,1,3,4,136,143,279
KHM-007448,2014,17110805034.0,3,3,6,276,225,501
KHM-007449,2014,17110807052.0,1,3,4,85,69,154
KHM-007450,2014,17110809060.0,1,1,2,40,45,85
KHM-007451,2014,17110810046.0,1,3,4,159,150,309
KHM-007452,2014,17110811035.0,1,3,4,114,136,250
KHM-007453,2014,17110814059.0,1,1,2,51,59,110
KHM-007454,2014,17110903036.0,3,2,5,173,167,340
KHM-007455,2014,17110906037.0,2,3,5,115,123,238
KHM-007456,2014,17110909038.0,2,11,13,364,305,669
KHM-007457,2014,17111001039.0,2,1,3,90,108,198
KHM-007458,2014,17111002040.0,1,2,3,85,86,171
KHM-007459,2014,17111002063.0,1,2,3,74,93,167
KHM-007460,2014,17111004041.0,1,2,3,96,86,182
KHM-007461,2014,17111005050.0,0,2,2,135,158,293
KHM-007462,2014,17111006051.0,1,2,3,139,145,284
KHM-007463,2014,17111007049.0,1,3,4,164,184,348
KHM-007464,2014,17111008042.0,2,2,4,98,49,147
KHM-007465,2014,17111009043.0,3,2,5,133,120,253
KHM-007466,2014,17111010062.0,0,2,2,58,61,119
KHM-007467,2014,17120103001.0,4,4,8,120,115,235
KHM-007468,2014,17120106002.0,5,6,11,130,114,244
KHM-007469,2014,17120107003.0,7,7,14,269,226,495
KHM-007470,2014,17120204004.0,4,2,6,71,71,142
KHM-007471,2014,17120206005.0,0,6,6,55,51,106
KHM-007472,2014,17120207006.0,4,2,6,69,77,146
KHM-007473,2014,17120302014.0,1,5,6,59,49,108
KHM-007474,2014,17120303015.0,5,5,10,192,202,394
KHM-007475,2014,17120305025.0,4,2,6,63,57,120
KHM-007476,2014,17120307016.0,5,7,12,167,168,335
KHM-007477,2014,17120401007.0,6,3,9,154,189,343
KHM-007478,2014,17120403008.0,5,1,6,109,117,226
KHM-007479,2014,17120405018.0,3,4,7,106,82,188
KHM-007480,2014,17120501009.0,5,1,6,131,142,273
KHM-007481,2014,17120503010.0,4,4,8,139,104,243
KHM-007482,2014,17120505011.0,4,2,6,53,61,114
KHM-007483,2014,17120601012.0,4,4,8,169,145,314
KHM-007484,2014,17120602013.0,3,3,6,79,90,169
KHM-007485,2014,17120603019.0,4,2,6,52,53,105
KHM-007486,2014,17120604023.0,3,3,6,71,59,130
KHM-007487,2014,17120605017.0,5,1,6,121,91,212
KHM-007488,2014,17120608024.0,7,2,9,164,165,329
KHM-007489,2014,17120609020.0,5,1,6,72,68,140
KHM-007490,2014,17120610021.0,6,0,6,64,71,135
KHM-007491,2014,17120611022.0,5,1,6,57,58,115
KHM-007492,2014,17120613026.0,6,0,6,56,67,123
KHM-007493,2014,17120614027.0,6,0,6,36,32,68
KHM-007494,2014,17130103011.0,1,5,6,301,328,629
KHM-007495,2014,17130104007.0,0,3,3,81,76,157
KHM-007496,2014,17130105017.0,0,1,1,4,8,12
KHM-007497,2014,17130106018.0,1,1,2,69,97,166
KHM-007498,2014,17130107025.0,2,0,2,56,73,129
KHM-007499,2014,17130201012.0,0,3,3,136,120,256
KHM-007500,2014,17130202005.0,2,1,3,147,130,277
KHM-007501,2014,17130203028.0,2,1,3,210,207,417
KHM-007502,2014,17130204029.0,1,0,1,98,90,188
KHM-007503,2014,17130205031.0,1,1,2,158,172,330
KHM-007504,2014,17130206032.0,1,1,2,64,72,136
KHM-007505,2014,17130301003.0,1,0,1,55,67,122
KHM-007506,2014,17130302021.0,1,0,1,39,39,78
KHM-007507,2014,17130304015.0,1,0,1,53,41,94
KHM-007508,2014,17130305006.0,1,0,1,100,115,215
KHM-007509,2014,17130306019.0,1,0,1,31,28,59
KHM-007510,2014,17130307022.0,1,0,1,39,68,107
KHM-007511,2014,17130308024.0,3,1,4,115,129,244
KHM-007512,2014,17130401004.0,5,9,14,430,462,892
KHM-007513,2014,17130406008.0,2,4,6,187,208,395
KHM-007514,2014,17130408010.0,1,1,2,87,76,163
KHM-007515,2014,17130409020.0,0,2,2,64,66,130
KHM-007516,2014,17130410030.0,0,1,1,28,41,69
KHM-007517,2014,17130501014.0,2,1,3,132,131,263
KHM-007518,2014,17130502016.0,1,1,2,84,80,164
KHM-007519,2014,17130503013.0,2,1,3,135,124,259
KHM-007520,2014,17130504009.0,0,2,2,42,37,79
KHM-007521,2014,17130505023.0,1,0,1,46,31,77
KHM-007522,2014,17130506027.0,1,0,1,69,71,140
KHM-007523,2014,17140101018.0,1,5,6,93,112,205
KHM-007524,2014,17140103001.0,3,6,9,212,209,421
KHM-007525,2014,17140105017.0,2,4,6,107,73,180
KHM-007526,2014,17140201010.0,2,4,6,113,140,253
KHM-007527,2014,17140203005.0,3,7,10,240,225,465
KHM-007528,2014,17140302012.0,3,3,6,138,107,245
KHM-007529,2014,17140303006.0,4,5,9,242,225,467
KHM-007530,2014,17140305011.0,6,1,7,150,117,267
KHM-007531,2014,17140307013.0,1,4,5,288,271,559
KHM-007532,2014,17140308019.0,2,3,5,211,199,410
KHM-007533,2014,17140309020.0,2,4,6,88,80,168
KHM-007534,2014,17140310021.0,4,2,6,232,180,412
KHM-007535,2014,17140311022.0,3,4,7,169,146,315
KHM-007536,2014,17140402003.0,3,8,11,288,264,552
KHM-007537,2014,17140404015.0,4,2,6,66,52,118
KHM-007538,2014,17140405004.0,1,6,7,124,135,259
KHM-007539,2014,17140406014.0,5,1,6,54,74,128
KHM-007540,2014,17140503007.0,9,3,12,287,214,501
KHM-007541,2014,17140504008.0,4,4,8,103,100,203
KHM-007542,2014,17140505009.0,3,5,8,156,169,325
KHM-007543,2014,17140506016.0,3,6,9,166,146,312
KHM-007544,2014,18010101001.0,10,6,16,224,250,474
KHM-007545,2014,18010102002.0,10,16,26,517,446,963
KHM-007546,2014,18010103003.0,32,20,52,725,639,1364
KHM-007547,2014,18010201004.0,27,30,57,731,715,1446
KHM-007548,2014,18010203010.0,16,23,39,575,555,1130
KHM-007549,2014,18010301005.0,3,5,8,72,69,141
KHM-007550,2014,18010302006.0,20,19,39,484,428,912
KHM-007551,2014,18010302012.0,2,11,13,91,88,179
KHM-007552,2014,18010303007.0,7,9,16,131,148,279
KHM-007553,2014,18010401008.0,14,15,29,501,468,969
KHM-007554,2014,18010402011.0,7,4,11,50,45,95
KHM-007555,2014,18010404009.0,11,18,29,445,429,874
KHM-007556,2014,18010501013.0,3,2,5,51,52,103
KHM-007557,2014,18010502014.0,4,0,4,22,23,45
KHM-007558,2014,18010503015.0,5,0,5,31,33,64
KHM-007559,2014,18020104001.0,8,7,15,280,262,542
KHM-007560,2014,18020202002.0,12,8,20,443,431,874
KHM-007561,2014,18020303003.0,8,9,17,388,367,755
KHM-007562,2014,18020402004.0,5,7,12,265,242,507
KHM-007563,2014,18020403005.0,4,2,6,108,105,213
KHM-007564,2014,18020404006.0,4,1,5,146,165,311
KHM-007565,2014,18020405035.0,3,1,4,62,47,109
KHM-007566,2014,18020406024.0,4,1,5,94,77,171
KHM-007567,2014,18020407028.0,3,1,4,49,49,98
KHM-007568,2014,18020408029.0,4,1,5,46,54,100
KHM-007569,2014,18020409030.0,3,2,5,27,47,74
KHM-007570,2014,18020501007.0,6,5,11,153,174,327
KHM-007571,2014,18020504008.0,3,4,7,169,159,328
KHM-007572,2014,18020601009.0,4,10,14,313,284,597
KHM-007573,2014,18020605010.0,6,2,8,127,123,250
KHM-007574,2014,18020701011.0,4,4,8,134,127,261
KHM-007575,2014,18020701031.0,1,5,6,115,106,221
KHM-007576,2014,18020702012.0,7,8,15,329,305,634
KHM-007577,2014,18020706013.0,3,0,3,64,60,124
KHM-007578,2014,18020801026.0,2,6,8,227,172,399
KHM-007579,2014,18020804015.0,12,11,23,454,459,913
KHM-007580,2014,18020902016.0,3,5,8,180,165,345
KHM-007581,2014,18020903032.0,4,2,6,84,81,165
KHM-007582,2014,18021002017.0,9,7,16,427,356,783
KHM-007583,2014,18021005027.0,4,2,6,73,84,157
KHM-007584,2014,18021005033.0,2,1,3,33,22,55
KHM-007585,2014,18021101018.0,8,5,13,219,186,405
KHM-007586,2014,18021103034.0,3,2,5,100,98,198
KHM-007587,2014,18021201019.0,1,6,7,97,86,183
KHM-007588,2014,18021202020.0,1,5,6,59,62,121
KHM-007589,2014,18021203025.0,2,3,5,43,44,87
KHM-007590,2014,18021204021.0,2,4,6,82,80,162
KHM-007591,2014,18021303022.0,6,9,15,291,290,581
KHM-007592,2014,18021304014.0,4,0,4,52,60,112
KHM-007593,2014,18021402023.0,10,11,21,369,321,690
KHM-007594,2014,18030101001.0,3,3,6,70,60,130
KHM-007595,2014,18030201002.0,4,3,7,146,136,282
KHM-007596,2014,18030304004.0,13,9,22,408,385,793
KHM-007597,2014,18030305005.0,1,6,7,83,101,184
KHM-007598,2014,18030305006.0,2,4,6,137,130,267
KHM-007599,2014,18030305007.0,4,0,4,50,38,88
KHM-007600,2014,18030305008.0,5,0,5,27,31,58
KHM-007601,2014,18040101001.0,3,4,7,74,87,161
KHM-007602,2014,18040102002.0,3,3,6,140,115,255
KHM-007603,2014,18040103003.0,2,3,5,56,47,103
KHM-007604,2014,18040201013.0,2,2,4,46,37,83
KHM-007605,2014,18040202004.0,1,11,12,259,252,511
KHM-007606,2014,18040203005.0,5,3,8,141,127,268
KHM-007607,2014,18040204010.0,4,4,8,154,160,314
KHM-007608,2014,18040301006.0,3,3,6,165,101,266
KHM-007609,2014,18040302007.0,2,3,5,145,131,276
KHM-007610,2014,18040303011.0,3,3,6,85,53,138
KHM-007611,2014,18040401008.0,4,6,10,150,158,308
KHM-007612,2014,18040404009.0,2,3,5,74,58,132
KHM-007613,2014,19010101001.0,9,3,12,206,189,395
KHM-007614,2014,19010103002.0,1,2,3,29,42,71
KHM-007615,2014,19010201003.0,1,2,3,51,65,116
KHM-007616,2014,19010202017.0,3,0,3,43,42,85
KHM-007617,2014,19010203004.0,0,3,3,55,89,144
KHM-007618,2014,19010204005.0,2,6,8,156,157,313
KHM-007619,2014,19010204022.0,2,1,3,41,41,82
KHM-007620,2014,19010301006.0,1,4,5,84,74,158
KHM-007621,2014,19010302007.0,2,1,3,41,40,81
KHM-007622,2014,19010402008.0,4,2,6,92,107,199
KHM-007623,2014,19010403009.0,4,2,6,57,59,116
KHM-007624,2014,19010404010.0,2,4,6,59,59,118
KHM-007625,2014,19010501011.0,1,5,6,82,101,183
KHM-007626,2014,19010501018.0,1,2,3,26,31,57
KHM-007627,2014,19010503019.0,2,1,3,61,48,109
KHM-007628,2014,19010602012.0,2,7,9,119,164,283
KHM-007629,2014,19010701013.0,2,3,5,88,66,154
KHM-007630,2014,19010702014.0,3,3,6,87,104,191
KHM-007631,2014,19010703020.0,3,0,3,38,27,65
KHM-007632,2014,19010704021.0,3,0,3,49,50,99
KHM-007633,2014,19010705016.0,2,2,4,26,29,55
KHM-007634,2014,19020101001.0,1,8,9,104,115,219
KHM-007635,2014,19020201002.0,7,2,9,113,114,227
KHM-007636,2014,19020202003.0,2,4,6,100,41,141
KHM-007637,2014,19020301004.0,0,4,4,36,31,67
KHM-007638,2014,19020302005.0,3,2,5,99,106,205
KHM-007639,2014,19020303006.0,2,1,3,72,43,115
KHM-007640,2014,19020304007.0,5,1,6,69,84,153
KHM-007641,2014,19020401008.0,1,2,3,30,16,46
KHM-007642,2014,19020402009.0,3,4,7,93,77,170
KHM-007643,2014,19020403010.0,2,1,3,32,51,83
KHM-007644,2014,19020404011.0,2,1,3,46,44,90
KHM-007645,2014,19020502012.0,3,8,11,322,267,589
KHM-007646,2014,19020601013.0,0,3,3,58,69,127
KHM-007647,2014,19020602014.0,1,4,5,92,113,205
KHM-007648,2014,19020603018.0,3,2,5,46,47,93
KHM-007649,2014,19020701015.0,2,5,7,130,106,236
KHM-007650,2014,19020701017.0,3,8,11,141,174,315
KHM-007651,2014,19020702016.0,3,0,3,23,26,49
KHM-007652,2014,19030101020.0,2,3,5,105,94,199
KHM-007653,2014,19030102021.0,2,1,3,42,28,70
KHM-007654,2014,19030103001.0,1,4,5,53,66,119
KHM-007655,2014,19030104002.0,3,0,3,44,57,101
KHM-007656,2014,19030106023.0,3,1,4,65,74,139
KHM-007657,2014,19030202004.0,3,1,4,42,43,85
KHM-007658,2014,19030203005.0,3,0,3,24,18,42
KHM-007659,2014,19030204024.0,2,2,4,50,30,80
KHM-007660,2014,19030205006.0,3,3,6,96,77,173
KHM-007661,2014,19030206017.0,3,1,4,37,43,80
KHM-007662,2014,19030207007.0,2,1,3,34,41,75
KHM-007663,2014,19030208018.0,3,0,3,27,28,55
KHM-007664,2014,19030301019.0,0,0,0,65,30,95
KHM-007665,2014,19030303026.0,2,1,3,50,54,104
KHM-007666,2014,19030304025.0,1,1,2,38,35,73
KHM-007667,2014,19030401008.0,4,2,6,77,104,181
KHM-007668,2014,19030402009.0,2,5,7,76,99,175
KHM-007669,2014,19030403010.0,2,2,4,75,110,185
KHM-007670,2014,19030404011.0,2,3,5,51,66,117
KHM-007671,2014,19030405012.0,2,3,5,37,36,73
KHM-007672,2014,19030407013.0,5,2,7,73,81,154
KHM-007673,2014,19030501014.0,3,1,4,32,35,67
KHM-007674,2014,19030503016.0,4,0,4,42,24,66
KHM-007675,2014,19030504015.0,3,0,3,79,90,169
KHM-007676,2014,19040101014.0,4,16,20,484,417,901
KHM-007677,2014,19040103001.0,4,16,20,342,348,690
KHM-007678,2014,19040104011.0,3,11,14,223,197,420
KHM-007679,2014,19040104013.0,5,2,7,93,155,248
KHM-007680,2014,19040104018.0,2,4,6,70,56,126
KHM-007681,2014,19040104020.0,1,5,6,46,41,87
KHM-007682,2014,19040105012.0,2,9,11,157,113,270
KHM-007683,2014,19040203002.0,3,8,11,194,204,398
KHM-007684,2014,19040301003.0,3,9,12,138,107,245
KHM-007685,2014,19040302004.0,0,6,6,28,31,59
KHM-007686,2014,19040303005.0,4,3,7,91,57,148
KHM-007687,2014,19040401006.0,3,8,11,94,113,207
KHM-007688,2014,19040402007.0,1,7,8,97,115,212
KHM-007689,2014,19040403008.0,3,2,5,28,24,52
KHM-007690,2014,19040404009.0,3,2,5,39,34,73
KHM-007691,2014,19040405010.0,2,4,6,30,28,58
KHM-007692,2014,19040406017.0,3,6,9,138,134,272
KHM-007693,2014,19040407015.0,3,3,6,53,56,109
KHM-007694,2014,19040408016.0,1,2,3,39,29,68
KHM-007695,2014,19050101001.0,3,0,3,54,46,100
KHM-007696,2014,19050102002.0,3,0,3,54,55,109
KHM-007697,2014,19050103028.0,3,1,4,49,69,118
KHM-007698,2014,19050104003.0,2,0,2,62,63,125
KHM-007699,2014,19050105033.0,2,0,2,97,75,172
KHM-007700,2014,19050201005.0,2,1,3,93,84,177
KHM-007701,2014,19050202006.0,2,1,3,72,82,154
KHM-007702,2014,19050203007.0,2,0,2,34,42,76
KHM-007703,2014,19050301008.0,2,0,2,42,42,84
KHM-007704,2014,19050302030.0,2,1,3,51,35,86
KHM-007705,2014,19050303009.0,4,1,5,101,85,186
KHM-007706,2014,19050304031.0,1,2,3,94,78,172
KHM-007707,2014,19050306010.0,4,2,6,94,94,188
KHM-007708,2014,19050401011.0,6,1,7,106,80,186
KHM-007709,2014,19050402012.0,2,1,3,60,45,105
KHM-007710,2014,19050403037.0,1,2,3,50,62,112
KHM-007711,2014,19050404013.0,2,1,3,45,41,86
KHM-007712,2014,19050501004.0,2,0,2,39,48,87
KHM-007713,2014,19050501032.0,3,2,5,142,194,336
KHM-007714,2014,19050502027.0,2,1,3,72,77,149
KHM-007715,2014,19050503029.0,3,0,3,88,63,151
KHM-007716,2014,19050601014.0,5,1,6,101,80,181
KHM-007717,2014,19050602015.0,4,2,6,32,41,73
KHM-007718,2014,19050603016.0,6,2,8,113,122,235
KHM-007719,2014,19050701017.0,0,2,2,42,48,90
KHM-007720,2014,19050702018.0,3,4,7,160,132,292
KHM-007721,2014,19050703019.0,0,2,2,22,30,52
KHM-007722,2014,19050704038.0,1,1,2,43,35,78
KHM-007723,2014,19050705035.0,0,2,2,38,44,82
KHM-007724,2014,19050706036.0,0,2,2,55,50,105
KHM-007725,2014,19050802021.0,4,1,5,135,159,294
KHM-007726,2014,19050804020.0,1,2,3,39,52,91
KHM-007727,2014,19050805043.0,0,2,2,19,31,50
KHM-007728,2014,19050806040.0,1,2,3,67,59,126
KHM-007729,2014,19050808041.0,1,2,3,63,65,128
KHM-007730,2014,19050901022.0,3,2,5,85,90,175
KHM-007731,2014,19050902023.0,2,3,5,130,153,283
KHM-007732,2014,19050904039.0,2,4,6,58,55,113
KHM-007733,2014,19051001024.0,0,0,0,58,58,116
KHM-007734,2014,19051002042.0,2,2,4,72,74,146
KHM-007735,2014,19051101025.0,10,2,12,235,239,474
KHM-007736,2014,19051102034.0,0,6,6,86,66,152
KHM-007737,2014,19051104026.0,3,3,6,38,34,72
KHM-007738,2014,20010301008.0,9,1,10,300,318,618
KHM-007739,2014,20010401009.0,6,1,7,110,128,238
KHM-007740,2014,20010402010.0,5,0,5,67,68,135
KHM-007741,2014,20010404011.0,4,2,6,102,100,202
KHM-007742,2014,20010408012.0,2,2,4,123,95,218
KHM-007743,2014,20010502013.0,5,0,5,76,77,153
KHM-007744,2014,20010505014.0,6,0,6,78,84,162
KHM-007745,2014,20010506015.0,8,1,9,261,227,488
KHM-007746,2014,20010802018.0,3,4,7,166,210,376
KHM-007747,2014,20010803019.0,3,1,4,64,84,148
KHM-007748,2014,20010805020.0,2,0,2,21,18,39
KHM-007749,2014,20010805026.0,3,0,3,68,75,143
KHM-007750,2014,20010901021.0,4,0,4,77,100,177
KHM-007751,2014,20010903022.0,5,1,6,179,156,335
KHM-007752,2014,20011001023.0,5,0,5,133,108,241
KHM-007753,2014,20011002024.0,5,0,5,79,53,132
KHM-007754,2014,20011003025.0,3,0,3,25,25,50
KHM-007755,2014,20020101001.0,3,2,5,40,53,93
KHM-007756,2014,20020104002.0,5,1,6,90,67,157
KHM-007757,2014,20020202003.0,4,1,5,59,43,102
KHM-007758,2014,20020203004.0,3,3,6,61,60,121
KHM-007759,2014,20020204005.0,3,3,6,51,45,96
KHM-007760,2014,20020205006.0,4,2,6,90,76,166
KHM-007761,2014,20020206007.0,11,5,16,244,206,450
KHM-007762,2014,20020302008.0,10,3,13,220,186,406
KHM-007763,2014,20020305009.0,4,1,5,130,77,207
KHM-007764,2014,20020308010.0,5,1,6,93,81,174
KHM-007765,2014,20020309011.0,5,1,6,72,61,133
KHM-007766,2014,20020310040.0,3,0,3,63,29,92
KHM-007767,2014,20020313012.0,6,2,8,106,94,200
KHM-007768,2014,20020314013.0,2,4,6,50,47,97
KHM-007769,2014,20020401014.0,5,1,6,84,78,162
KHM-007770,2014,20020403015.0,2,7,9,145,164,309
KHM-007771,2014,20020405016.0,3,0,3,115,92,207
KHM-007772,2014,20020501017.0,5,1,6,56,66,122
KHM-007773,2014,20020503018.0,4,2,6,73,71,144
KHM-007774,2014,20020601019.0,4,2,6,50,37,87
KHM-007775,2014,20020602020.0,6,0,6,48,57,105
KHM-007776,2014,20020604021.0,5,2,7,92,77,169
KHM-007777,2014,20020702022.0,7,3,10,225,205,430
KHM-007778,2014,20020705023.0,4,0,4,131,136,267
KHM-007779,2014,20020708043.0,1,0,1,34,21,55
KHM-007780,2014,20020801026.0,5,0,5,88,73,161
KHM-007781,2014,20020803027.0,1,1,2,30,19,49
KHM-007782,2014,20020803041.0,2,2,4,64,49,113
KHM-007783,2014,20020901028.0,2,2,4,59,42,101
KHM-007784,2014,20020902029.0,4,0,4,54,57,111
KHM-007785,2014,20020904030.0,3,1,4,93,94,187
KHM-007786,2014,20020906031.0,5,1,6,150,124,274
KHM-007787,2014,20020908032.0,3,2,5,88,63,151
KHM-007788,2014,20020910033.0,4,3,7,126,142,268
KHM-007789,2014,20021101035.0,5,5,10,257,217,474
KHM-007790,2014,20021103036.0,4,1,5,78,84,162
KHM-007791,2014,20021106037.0,2,3,5,98,89,187
KHM-007792,2014,20021203038.0,8,3,11,649,349,998
KHM-007793,2014,20021207039.0,4,0,4,69,67,136
KHM-007794,2014,20021209042.0,5,0,5,164,132,296
KHM-007795,2014,20030101001.0,3,3,6,82,61,143
KHM-007796,2014,20030105002.0,7,4,11,183,164,347
KHM-007797,2014,20030107003.0,5,1,6,111,82,193
KHM-007798,2014,20030201027.0,4,2,6,99,96,195
KHM-007799,2014,20030202028.0,4,2,6,41,39,80
KHM-007800,2014,20030204024.0,4,1,5,84,90,174
KHM-007801,2014,20030205025.0,5,1,6,91,105,196
KHM-007802,2014,20030206026.0,4,0,4,117,110,227
KHM-007803,2014,20030301004.0,2,2,4,123,107,230
KHM-007804,2014,20030307005.0,4,1,5,134,116,250
KHM-007805,2014,20030403006.0,8,10,18,297,235,532
KHM-007806,2014,20030405007.0,6,4,10,138,123,261
KHM-007807,2014,20030501010.0,4,1,5,106,88,194
KHM-007808,2014,20030502008.0,5,4,9,211,190,401
KHM-007809,2014,20030504032.0,4,0,4,89,90,179
KHM-007810,2014,20030505009.0,4,2,6,83,79,162
KHM-007811,2014,20030602011.0,7,1,8,171,137,308
KHM-007812,2014,20030604012.0,3,1,4,49,41,90
KHM-007813,2014,20030606013.0,2,1,3,95,112,207
KHM-007814,2014,20030702014.0,1,2,3,180,145,325
KHM-007815,2014,20030703015.0,4,1,5,137,127,264
KHM-007816,2014,20030708016.0,4,0,4,145,112,257
KHM-007817,2014,20030805017.0,4,3,7,168,140,308
KHM-007818,2014,20030806030.0,3,1,4,96,78,174
KHM-007819,2014,20030807018.0,7,3,10,169,178,347
KHM-007820,2014,20030902019.0,3,3,6,130,115,245
KHM-007821,2014,20030906020.0,7,1,8,140,108,248
KHM-007822,2014,20031001022.0,2,2,4,49,44,93
KHM-007823,2014,20031004031.0,2,3,5,63,52,115
KHM-007824,2014,20031005029.0,5,1,6,73,67,140
KHM-007825,2014,20031007023.0,3,3,6,140,126,266
KHM-007826,2014,20031009021.0,2,5,7,89,84,173
KHM-007827,2014,20040106001.0,3,0,3,96,74,170
KHM-007828,2014,20040107002.0,7,6,13,245,230,475
KHM-007829,2014,20040108003.0,1,0,1,6,5,11
KHM-007830,2014,20040207004.0,2,4,6,169,143,312
KHM-007831,2014,20040208005.0,4,6,10,153,151,304
KHM-007832,2014,20040301006.0,2,0,2,5,4,9
KHM-007833,2014,20040302007.0,2,2,4,90,82,172
KHM-007834,2014,20040304008.0,5,4,9,172,144,316
KHM-007835,2014,20040305009.0,4,1,5,63,62,125
KHM-007836,2014,20040306010.0,3,2,5,124,134,258
KHM-007837,2014,20040405011.0,9,1,10,274,249,523
KHM-007838,2014,20040412012.0,5,0,5,123,127,250
KHM-007839,2014,20040501013.0,2,0,2,31,35,66
KHM-007840,2014,20040502014.0,6,1,7,136,115,251
KHM-007841,2014,20040508015.0,10,5,15,274,295,569
KHM-007842,2014,20040513016.0,2,3,5,100,85,185
KHM-007843,2014,20040604017.0,3,1,4,68,63,131
KHM-007844,2014,20040609018.0,6,4,10,398,330,728
KHM-007845,2014,20040611019.0,6,3,9,231,186,417
KHM-007846,2014,20040614020.0,3,2,5,71,81,152
KHM-007847,2014,20040702021.0,3,1,4,138,115,253
KHM-007848,2014,20040703022.0,4,4,8,160,120,280
KHM-007849,2014,20040705023.0,5,1,6,39,48,87
KHM-007850,2014,20040711024.0,6,1,7,86,75,161
KHM-007851,2014,20040714053.0,3,0,3,74,70,144
KHM-007852,2014,20040716025.0,1,3,4,122,120,242
KHM-007853,2014,20040718056.0,3,0,3,35,38,73
KHM-007854,2014,20040721026.0,3,3,6,124,118,242
KHM-007855,2014,20040801027.0,7,4,11,236,219,455
KHM-007856,2014,20040803028.0,5,4,9,110,121,231
KHM-007857,2014,20040806029.0,5,3,8,130,121,251
KHM-007858,2014,20040809030.0,9,9,18,302,313,615
KHM-007859,2014,20040810031.0,5,1,6,108,107,215
KHM-007860,2014,20040905032.0,9,3,12,255,220,475
KHM-007861,2014,20041003033.0,3,2,5,65,58,123
KHM-007862,2014,20041008055.0,3,3,6,148,113,261
KHM-007863,2014,20041101034.0,4,1,5,163,156,319
KHM-007864,2014,20041103035.0,10,5,15,371,328,699
KHM-007865,2014,20041203036.0,6,0,6,251,232,483
KHM-007866,2014,20041204037.0,6,2,8,305,273,578
KHM-007867,2014,20041208038.0,3,1,4,98,99,197
KHM-007868,2014,20041215039.0,2,1,3,60,66,126
KHM-007869,2014,20041305054.0,4,1,5,169,142,311
KHM-007870,2014,20041311041.0,4,0,4,83,83,166
KHM-007871,2014,20041313040.0,4,0,4,80,76,156
KHM-007872,2014,20041401042.0,2,0,2,40,37,77
KHM-007873,2014,20041402043.0,4,0,4,105,98,203
KHM-007874,2014,20041412044.0,6,1,7,345,311,656
KHM-007875,2014,20041505045.0,4,1,5,85,80,165
KHM-007876,2014,20041506046.0,5,3,8,223,205,428
KHM-007877,2014,20041517047.0,8,3,11,226,232,458
KHM-007878,2014,20041602052.0,6,3,9,152,153,305
KHM-007879,2014,20041604048.0,1,1,2,25,15,40
KHM-007880,2014,20041605049.0,2,1,3,47,40,87
KHM-007881,2014,20041606050.0,5,0,5,168,143,311
KHM-007882,2014,20050106001.0,2,7,9,206,189,395
KHM-007883,2014,20050109002.0,2,3,5,210,161,371
KHM-007884,2014,20050110003.0,3,1,4,104,110,214
KHM-007885,2014,20050201004.0,7,6,13,176,170,346
KHM-007886,2014,20050202005.0,2,5,7,121,102,223
KHM-007887,2014,20050203006.0,4,0,4,71,58,129
KHM-007888,2014,20050204007.0,4,1,5,61,49,110
KHM-007889,2014,20050205008.0,6,0,6,100,101,201
KHM-007890,2014,20050301009.0,7,1,8,231,214,445
KHM-007891,2014,20050302010.0,7,3,10,252,285,537
KHM-007892,2014,20050305011.0,6,7,13,373,355,728
KHM-007893,2014,20050401012.0,8,4,12,211,182,393
KHM-007894,2014,20050403013.0,4,2,6,93,89,182
KHM-007895,2014,20050404014.0,4,12,16,199,189,388
KHM-007896,2014,20050406015.0,7,3,10,85,85,170
KHM-007897,2014,20050407016.0,2,4,6,57,52,109
KHM-007898,2014,20050407017.0,4,2,6,43,59,102
KHM-007899,2014,20050503018.0,7,4,11,169,174,343
KHM-007900,2014,20050504019.0,6,7,13,340,265,605
KHM-007901,2014,20050507020.0,6,7,13,212,212,424
KHM-007902,2014,20050707024.0,9,3,12,351,298,649
KHM-007903,2014,20050709023.0,6,1,7,329,292,621
KHM-007904,2014,20050711056.0,4,2,6,102,102,204
KHM-007905,2014,20050806025.0,3,3,6,164,117,281
KHM-007906,2014,20050807026.0,7,4,11,209,173,382
KHM-007907,2014,20050809027.0,3,3,6,112,104,216
KHM-007908,2014,20050810028.0,3,2,5,122,129,251
KHM-007909,2014,20050905029.0,5,1,6,127,138,265
KHM-007910,2014,20050906030.0,5,2,7,152,151,303
KHM-007911,2014,20050909061.0,4,3,7,110,108,218
KHM-007912,2014,20050911031.0,5,3,8,151,115,266
KHM-007913,2014,20051004032.0,10,13,23,415,403,818
KHM-007914,2014,20051007033.0,4,2,6,180,166,346
KHM-007915,2014,20051009035.0,5,2,7,160,163,323
KHM-007916,2014,20051011060.0,3,1,4,113,75,188
KHM-007917,2014,20051103036.0,7,2,9,258,255,513
KHM-007918,2014,20051106037.0,5,0,5,156,135,291
KHM-007919,2014,20051107055.0,7,0,7,197,185,382
KHM-007920,2014,20051109038.0,7,2,9,223,181,404
KHM-007921,2014,20051203039.0,4,3,7,71,76,147
KHM-007922,2014,20051204057.0,5,1,6,92,89,181
KHM-007923,2014,20051210040.0,14,5,19,303,293,596
KHM-007924,2014,20051305058.0,4,0,4,100,101,201
KHM-007925,2014,20051309041.0,5,6,11,332,299,631
KHM-007926,2014,20051401042.0,6,6,12,142,134,276
KHM-007927,2014,20051404043.0,4,12,16,448,399,847
KHM-007928,2014,20051501044.0,5,7,12,241,233,474
KHM-007929,2014,20051503045.0,4,2,6,95,113,208
KHM-007930,2014,20051505046.0,5,0,5,141,126,267
KHM-007931,2014,20051507062.0,4,0,4,65,43,108
KHM-007932,2014,20051511047.0,9,1,10,268,284,552
KHM-007933,2014,20051602048.0,5,1,6,83,84,167
KHM-007934,2014,20051603063.0,1,0,1,23,12,35
KHM-007935,2014,20051608049.0,4,0,4,170,143,313
KHM-007936,2014,20051611051.0,3,2,5,154,133,287
KHM-007937,2014,20051613059.0,2,2,4,72,84,156
KHM-007938,2014,20051615050.0,6,3,9,304,302,606
KHM-007939,2014,20051702052.0,2,6,8,128,95,223
KHM-007940,2014,20051704053.0,4,5,9,118,133,251
KHM-007941,2014,20051706054.0,3,3,6,124,107,231
KHM-007942,2014,20060101006.0,10,7,17,313,301,614
KHM-007943,2014,20060104001.0,9,15,24,373,321,694
KHM-007944,2014,20060107002.0,5,8,13,111,122,233
KHM-007945,2014,20060203003.0,15,12,27,249,248,497
KHM-007946,2014,20060301004.0,3,4,7,87,70,157
KHM-007947,2014,20060404005.0,5,4,9,140,127,267
KHM-007948,2014,20060501007.0,2,9,11,113,138,251
KHM-007949,2014,20060502008.0,2,4,6,64,84,148
KHM-007950,2014,20060505009.0,3,3,6,81,78,159
KHM-007951,2014,20060506010.0,5,1,6,55,68,123
KHM-007952,2014,20060507011.0,9,1,10,122,103,225
KHM-007953,2014,20060607012.0,4,2,6,80,76,156
KHM-007954,2014,20060704013.0,9,7,16,205,205,410
KHM-007955,2014,20060706014.0,19,7,26,261,244,505
KHM-007956,2014,20070201006.0,6,2,8,243,227,470
KHM-007957,2014,20070202007.0,3,0,3,61,80,141
KHM-007958,2014,20070206008.0,5,1,6,174,189,363
KHM-007959,2014,20070208033.0,3,1,4,45,62,107
KHM-007960,2014,20070303009.0,5,9,14,206,188,394
KHM-007961,2014,20070306010.0,6,10,16,270,217,487
KHM-007962,2014,20070308034.0,4,3,7,94,100,194
KHM-007963,2014,20070401011.0,4,0,4,85,96,181
KHM-007964,2014,20070501012.0,3,2,5,127,128,255
KHM-007965,2014,20070502013.0,2,1,3,141,114,255
KHM-007966,2014,20070505014.0,2,2,4,180,163,343
KHM-007967,2014,20070601015.0,5,1,6,272,243,515
KHM-007968,2014,20070701016.0,4,2,6,126,107,233
KHM-007969,2014,20070702017.0,3,7,10,141,135,276
KHM-007970,2014,20070705018.0,3,2,5,130,86,216
KHM-007971,2014,20070709019.0,9,1,10,220,200,420
KHM-007972,2014,20070804020.0,14,8,22,238,232,470
KHM-007973,2014,20070808032.0,4,1,5,68,51,119
KHM-007974,2014,20070901021.0,6,5,11,267,206,473
KHM-007975,2014,20070902022.0,10,4,14,221,201,422
KHM-007976,2014,20070904023.0,3,1,4,101,95,196
KHM-007977,2014,20070908024.0,5,4,9,141,131,272
KHM-007978,2014,20071103030.0,7,6,13,170,143,313
KHM-007979,2014,20071105031.0,2,2,4,138,139,277
KHM-007980,2014,20080101001.0,3,1,4,101,96,197
KHM-007981,2014,20080101002.0,4,0,4,82,77,159
KHM-007982,2014,20080103003.0,4,0,4,100,96,196
KHM-007983,2014,20080104004.0,4,0,4,70,60,130
KHM-007984,2014,20080201005.0,9,0,9,190,210,400
KHM-007985,2014,20080203006.0,23,2,25,559,489,1048
KHM-007986,2014,20080204007.0,5,2,7,187,119,306
KHM-007987,2014,20080301015.0,3,0,3,42,25,67
KHM-007988,2014,20080302008.0,4,0,4,99,125,224
KHM-007989,2014,20080403016.0,4,0,4,88,75,163
KHM-007990,2014,20080504011.0,3,1,4,79,83,162
KHM-007991,2014,20080509012.0,14,3,17,371,377,748
KHM-007992,2014,20080512013.0,5,2,7,258,189,447
KHM-007993,2014,20080515014.0,6,0,6,115,100,215
KHM-007994,2014,21010101001.0,9,6,15,548,561,1109
KHM-007995,2014,21010105002.0,6,1,7,276,219,495
KHM-007996,2014,21010106017.0,6,3,9,277,238,515
KHM-007997,2014,21010204003.0,6,3,9,386,318,704
KHM-007998,2014,21010206004.0,9,1,10,388,316,704
KHM-007999,2014,21010301012.0,2,1,3,43,55,98
KHM-008000,2014,21010302005.0,3,0,3,30,20,50
KHM-008001,2014,21010303018.0,3,0,3,53,35,88
KHM-008002,2014,21010304013.0,3,0,3,26,30,56
KHM-008003,2014,21010405007.0,8,4,12,319,277,596
KHM-008004,2014,21010406006.0,8,0,8,110,92,202
KHM-008005,2014,21010407014.0,3,0,3,20,24,44
KHM-008006,2014,21010502008.0,8,3,11,335,262,597
KHM-008007,2014,21010503009.0,2,0,2,75,68,143
KHM-008008,2014,21010601010.0,8,0,8,202,173,375
KHM-008009,2014,21010603011.0,5,2,7,288,263,551
KHM-008010,2014,21010605015.0,4,0,4,80,65,145
KHM-008011,2014,21010607016.0,3,0,3,32,13,45
KHM-008012,2014,21020101001.0,4,8,12,272,261,533
KHM-008013,2014,21020108002.0,6,10,16,277,249,526
KHM-008014,2014,21020111003.0,3,5,8,137,150,287
KHM-008015,2014,21020202004.0,4,0,4,145,140,285
KHM-008016,2014,21020203005.0,4,2,6,176,157,333
KHM-008017,2014,21020206047.0,1,1,2,77,71,148
KHM-008018,2014,7080401503.0,0,1,1,25,16,41
KHM-008019,2014,7080403901.0,48,32,80,656,638,1294
KHM-008020,2014,7080502704.0,6,10,16,83,107,190
KHM-008021,2014,8010103501.0,0,1,1,25,23,48
KHM-008022,2014,8010104707.0,6,7,13,118,135,253
KHM-008023,2014,8010205508.0,0,1,1,29,23,52
KHM-008024,2014,8010205717.0,13,9,22,113,93,206
KHM-008025,2014,8010206502.0,0,2,2,32,35,67
KHM-008026,2014,8010305509.0,0,3,3,46,48,94
KHM-008027,2014,8010306901.0,56,59,115,807,708,1515
KHM-008028,2014,8010405705.0,9,14,23,168,164,332
KHM-008029,2014,8010502503.0,0,1,1,20,20,40
KHM-008030,2014,8010502708.0,5,10,15,46,55,101
KHM-008031,2014,8010603504.0,0,2,2,35,36,71
KHM-008032,2014,8010612514.0,0,1,1,22,24,46
KHM-008033,2014,8010612701.0,5,4,9,125,133,258
KHM-008034,2014,8010705710.0,8,5,13,82,88,170
KHM-008035,2014,8010801715.0,5,7,12,41,56,97
KHM-008036,2014,8010902505.0,0,4,4,74,81,155
KHM-008037,2014,8010902711.0,9,19,28,75,83,158
KHM-008038,2014,8011503514.0,0,2,2,43,35,78
KHM-008039,2014,8011503714.0,7,4,11,84,76,160
KHM-008040,2014,8011602902.0,32,25,57,446,386,832
KHM-008041,2014,8011706513.0,0,1,1,28,20,48
KHM-008042,2014,8011706712.0,6,5,11,79,62,141
KHM-008043,2014,8011805510.0,1,1,2,25,35,60
KHM-008044,2014,8011806511.0,1,0,1,20,20,40
KHM-008045,2014,8011806704.0,5,4,9,106,96,202
KHM-008046,2014,8012201507.0,0,1,1,30,20,50
KHM-008047,2014,8012201703.0,12,15,27,117,123,240
KHM-008048,2014,8012501716.0,8,0,8,112,84,196
KHM-008049,2014,8012701512.0,0,3,3,60,34,94
KHM-008050,2014,8012701706.0,10,6,16,196,165,361
KHM-008051,2014,8012801709.0,12,3,15,100,95,195
KHM-008052,2014,8020101519.0,0,1,1,18,12,30
KHM-008053,2014,8020102536.0,0,2,2,35,35,70
KHM-008054,2014,8020102706.0,12,12,24,299,284,583
KHM-008055,2014,8020201537.0,0,2,2,20,20,40
KHM-008056,2014,8020201707.0,6,7,13,94,32,126
KHM-008057,2014,8020202517.0,0,1,1,24,17,41
KHM-008058,2014,8020302501.0,0,4,4,87,84,171
KHM-008059,2014,8020302901.0,64,73,137,1333,1248,2581
KHM-008060,2014,8020303502.0,0,4,4,112,108,220
KHM-008061,2014,8020401520.0,0,1,1,26,24,50
KHM-008062,2014,8020401902.0,35,24,59,437,435,872
KHM-008063,2014,8020402521.0,0,1,1,35,25,60
KHM-008064,2014,8020403522.0,0,1,1,16,11,27
KHM-008065,2014,8020601503.0,0,6,6,115,134,249
KHM-008066,2014,8020601708.0,27,22,49,460,416,876
KHM-008067,2014,8020602516.0,0,2,2,31,30,61
KHM-008068,2014,8020603510.0,0,1,1,5,11,16
KHM-008069,2014,8020603523.0,0,1,1,15,11,26
KHM-008070,2014,8020604533.0,0,1,1,16,16,32
KHM-008071,2014,8020701504.0,0,1,1,10,20,30
KHM-008072,2014,8020702702.0,19,12,31,302,306,608
KHM-008073,2014,8020801524.0,1,1,2,33,29,62
KHM-008074,2014,8020801525.0,0,1,1,12,21,33
KHM-008075,2014,8020802511.0,0,2,2,34,26,60
KHM-008076,2014,8020803532.0,0,2,2,32,26,58
KHM-008077,2014,8020803710.0,14,18,32,231,213,444
KHM-008078,2014,8021101538.0,0,1,1,35,20,55
KHM-008079,2014,8021102507.0,0,2,2,35,36,71
KHM-008080,2014,8021103506.0,0,2,2,46,37,83
KHM-008081,2014,8021106528.0,0,2,2,45,43,88
KHM-008082,2014,8030202702.0,8,1,9,131,137,268
KHM-008083,2014,8030302716.0,5,3,8,126,64,190
KHM-008084,2014,8030404508.0,0,4,4,93,94,187
KHM-008085,2014,8030404703.0,4,7,11,126,126,252
KHM-008086,2014,8030504709.0,6,3,9,100,106,206
KHM-008087,2014,8030601501.0,0,3,3,64,83,147
KHM-008088,2014,8030603901.0,26,33,59,722,736,1458
KHM-008089,2014,8030705710.0,7,7,14,165,194,359
KHM-008090,2014,8030707513.0,0,2,2,32,20,52
KHM-008091,2014,8030803902.0,34,29,63,532,497,1029
KHM-008092,2014,8030804505.0,0,3,3,82,81,163
KHM-008093,2014,8030901502.0,0,5,5,97,98,195
KHM-008094,2014,8030901713.0,5,6,11,100,89,189
KHM-008095,2014,8031003506.0,0,6,6,129,121,250
KHM-008096,2014,8031003705.0,16,19,35,285,318,603
KHM-008097,2014,8031102509.0,0,3,3,62,53,115
KHM-008098,2014,8031104706.0,6,11,17,202,213,415
KHM-008099,2014,8031201514.0,1,2,3,35,30,65
KHM-008100,2014,8031201715.0,4,8,12,131,165,296
KHM-008101,2014,8031202510.0,0,4,4,71,51,122
KHM-008102,2014,8031301512.0,0,3,3,63,64,127
KHM-008103,2014,8031301707.0,7,9,16,272,205,477
KHM-008104,2014,8031301903.0,32,9,41,499,369,868
KHM-008105,2014,8031403708.0,9,8,17,163,141,304
KHM-008106,2014,8031502712.0,3,10,13,126,105,231
KHM-008107,2014,8031601507.0,0,3,3,39,28,67
KHM-008108,2014,8031601714.0,6,10,16,128,134,262
KHM-008109,2014,8031702503.0,0,5,5,89,61,150
KHM-008110,2014,8031702717.0,4,6,10,71,59,130
KHM-008111,2014,8031803504.0,0,3,3,56,60,116
KHM-008112,2014,8031803711.0,13,10,23,255,261,516
KHM-008113,2014,8031808511.0,0,3,3,31,47,78
KHM-008114,2014,8040102503.0,0,1,1,22,18,40
KHM-008115,2014,8040102701.0,12,1,13,194,218,412
KHM-008116,2014,8040203504.0,0,1,1,21,24,45
KHM-008117,2014,8040203708.0,6,4,10,133,114,247
KHM-008118,2014,8040208505.0,0,1,1,21,25,46
KHM-008119,2014,8040304903.0,18,11,29,357,311,668
KHM-008120,2014,8040305506.0,0,1,1,26,23,49
KHM-008121,2014,8040401711.0,6,9,15,136,141,277
KHM-008122,2014,8040501508.0,0,3,3,54,45,99
KHM-008123,2014,8040501709.0,9,8,17,147,183,330
KHM-008124,2014,8040503507.0,0,2,2,21,23,44
KHM-008125,2014,8040704706.0,8,2,10,184,197,381
KHM-008126,2014,8040802517.0,0,1,1,10,10,20
KHM-008127,2014,8040806510.0,0,2,2,24,33,57
KHM-008128,2014,8040809516.0,0,1,1,14,18,32
KHM-008129,2014,8040809707.0,4,8,12,125,112,237
KHM-008130,2014,8040902710.0,4,0,4,75,60,135
KHM-008131,2014,8041002512.0,0,2,2,26,29,55
KHM-008132,2014,8041002703.0,13,7,20,350,338,688
KHM-008133,2014,8041003513.0,0,2,2,21,29,50
KHM-008134,2014,8041101502.0,0,3,3,61,73,134
KHM-008135,2014,8041101902.0,29,24,53,444,426,870
KHM-008136,2014,8041104501.0,0,3,3,51,70,121
KHM-008137,2014,8041106515.0,0,1,1,25,16,41
KHM-008138,2014,8041108901.0,44,17,61,779,790,1569
KHM-008139,2014,8041111514.0,0,2,2,38,43,81
KHM-008140,2014,8041204904.0,29,16,45,757,738,1495
KHM-008141,2014,8050101506.0,0,2,2,27,46,73
KHM-008142,2014,8050102505.0,0,1,1,20,20,40
KHM-008143,2014,8050103901.0,38,28,66,680,620,1300
KHM-008144,2014,8050104504.0,0,1,1,18,9,27
KHM-008145,2014,8050202703.0,6,4,10,88,113,201
KHM-008146,2014,8050301705.0,7,3,10,111,125,236
KHM-008147,2014,8050302502.0,0,1,1,15,8,23
KHM-008148,2014,8050402902.0,24,8,32,336,348,684
KHM-008149,2014,8050502503.0,0,4,4,51,47,98
KHM-008150,2014,8050503508.0,0,2,2,29,28,57
KHM-008151,2014,8050503704.0,4,8,12,124,205,329
KHM-008152,2014,8050601501.0,0,3,3,57,58,115
KHM-008153,2014,8050601706.0,7,10,17,212,198,410
KHM-008154,2014,8050703507.0,0,1,1,32,42,74
KHM-008155,2014,8050703702.0,8,3,11,96,107,203
KHM-008156,2014,8060101516.0,0,1,1,21,19,40
KHM-008157,2014,8060101701.0,14,11,25,123,147,270
KHM-008158,2014,8060102501.0,0,3,3,39,41,80
KHM-008159,2014,8060103505.0,0,1,1,23,36,59
KHM-008160,2014,8060201713.0,3,0,3,71,50,121
KHM-008161,2014,8060302509.0,0,2,2,33,29,62
KHM-008162,2014,8060302711.0,8,3,11,81,80,161
KHM-008163,2014,8060402702.0,6,4,10,86,91,177
KHM-008164,2014,8060501507.0,0,2,2,30,41,71
KHM-008165,2014,8060501707.0,5,11,16,95,103,198
KHM-008166,2014,8060502506.0,0,1,1,11,13,24
KHM-008167,2014,8060601523.0,1,1,2,42,32,74
KHM-008168,2014,8060601903.0,10,14,24,295,302,597
KHM-008169,2014,8060702517.0,0,1,1,22,26,48
KHM-008170,2014,8060703902.0,20,13,33,457,415,872
KHM-008171,2014,8060705510.0,0,1,1,20,25,45
KHM-008172,2014,8060802511.0,0,2,2,26,29,55
KHM-008173,2014,8060802712.0,9,3,12,93,114,207
KHM-008174,2014,8060901522.0,0,1,1,25,20,45
KHM-008175,2014,8060902503.0,0,1,1,13,2,15
KHM-008176,2014,8061001513.0,0,1,1,21,17,38
KHM-008177,2014,8061003518.0,0,3,3,62,81,143
KHM-008178,2014,8061003708.0,8,3,11,105,110,215
KHM-008179,2014,8061103704.0,5,5,10,133,115,248
KHM-008180,2014,8061202709.0,3,3,6,70,125,195
KHM-008181,2014,8061301519.0,0,0,0,16,24,40
KHM-008182,2014,8061302521.0,0,0,0,42,34,76
KHM-008183,2014,8061303520.0,0,0,0,29,31,60
KHM-008184,2014,8061303706.0,11,3,14,135,160,295
KHM-008185,2014,8061401514.0,1,0,1,9,11,20
KHM-008186,2014,8061402508.0,0,3,3,68,45,113
KHM-008187,2014,8061402710.0,7,13,20,62,77,139
KHM-008188,2014,8061501504.0,0,4,4,41,40,81
KHM-008189,2014,8061501901.0,25,15,40,323,296,619
KHM-008190,2014,8061503502.0,0,3,3,26,20,46
KHM-008191,2014,8070304515.0,0,3,3,52,56,108
KHM-008192,2014,8070304901.0,58,34,92,577,566,1143
KHM-008193,2014,8070306519.0,0,1,1,11,12,23
KHM-008194,2014,8070401518.0,0,1,1,25,16,41
KHM-008195,2014,8070403517.0,0,3,3,79,71,150
KHM-008196,2014,8070404501.0,0,5,5,60,110,170
KHM-008197,2014,8070405702.0,20,17,37,179,153,332
KHM-008198,2014,8070701508.0,0,4,4,86,74,160
KHM-008199,2014,8070702507.0,0,3,3,44,31,75
KHM-008200,2014,8070702707.0,4,19,23,184,197,381
KHM-008201,2014,8070801504.0,0,1,1,18,17,35
KHM-008202,2014,8070803506.0,0,1,1,30,20,50
KHM-008203,2014,8070804505.0,0,1,1,16,16,32
KHM-008204,2014,8070804902.0,69,73,142,870,997,1867
KHM-008205,2014,8070903706.0,22,10,32,126,147,273
KHM-008206,2014,8071005708.0,11,1,12,91,122,213
KHM-008207,2014,8071101703.0,13,5,18,126,145,271
KHM-008208,2014,8071102509.0,0,1,1,19,15,34
KHM-008209,2014,8071103513.0,0,1,1,10,20,30
KHM-008210,2014,8071104510.0,0,1,1,17,24,41
KHM-008211,2014,8071104704.0,9,12,21,180,153,333
KHM-008212,2014,8080102501.0,0,5,5,65,45,110
KHM-008213,2014,8080102701.0,29,15,44,566,555,1121
KHM-008214,2014,8080107901.0,53,24,77,638,571,1209
KHM-008215,2014,8080117507.0,1,3,4,46,54,100
KHM-008216,2014,8080305715.0,4,0,4,71,60,131
KHM-008217,2014,8080401502.0,0,2,2,41,31,72
KHM-008218,2014,8080404712.0,4,3,7,103,95,198
KHM-008219,2014,8080703518.0,0,1,1,14,13,27
KHM-008220,2014,8080709504.0,0,2,2,22,43,65
KHM-008221,2014,8080814903.0,37,21,58,588,564,1152
KHM-008222,2014,8080901521.0,0,2,2,34,21,55
KHM-008223,2014,8080907520.0,0,1,1,14,16,30
KHM-008224,2014,8080913519.0,0,1,1,24,20,44
KHM-008225,2014,8080915902.0,28,18,46,561,534,1095
KHM-008226,2014,8080922516.0,0,3,3,37,44,81
KHM-008227,2014,8081119517.0,0,2,2,41,35,76
KHM-008228,2014,8081119710.0,7,9,16,210,197,407
KHM-008229,2014,8081308509.0,0,2,2,51,31,82
KHM-008230,2014,8081308707.0,6,9,15,110,87,197
KHM-008231,2014,8081405522.0,0,2,2,29,22,51
KHM-008232,2014,8081419711.0,6,4,10,156,123,279
KHM-008233,2014,8081602705.0,8,4,12,147,126,273
KHM-008234,2014,8081623512.0,0,2,2,30,25,55
KHM-008235,2014,8090109523.0,1,1,2,30,30,60
KHM-008236,2014,8090114902.0,30,26,56,480,489,969
KHM-008237,2014,8090115531.0,0,4,4,67,73,140
KHM-008238,2014,8090116542.0,1,2,3,44,49,93
KHM-008239,2014,8090201502.0,1,0,1,14,20,34
KHM-008240,2014,8090202521.0,1,1,2,25,27,52
KHM-008241,2014,8090203535.0,0,1,1,14,10,24
KHM-008242,2014,8090208522.0,0,1,1,8,12,20
KHM-008243,2014,8090208533.0,0,1,1,16,9,25
KHM-008244,2014,8090210517.0,1,2,3,50,47,97
KHM-008245,2014,8090210712.0,7,11,18,168,147,315
KHM-008246,2014,8090215532.0,1,0,1,12,15,27
KHM-008247,2014,8090301513.0,0,1,1,9,10,19
KHM-008248,2014,8090304518.0,0,3,3,52,45,97
KHM-008249,2014,8090304706.0,7,8,15,152,149,301
KHM-008250,2014,8090305515.0,1,0,1,18,18,36
KHM-008251,2014,8090305516.0,1,0,1,12,11,23
KHM-008252,2014,8090306714.0,2,1,3,30,24,54
KHM-008253,2014,8090401503.0,0,1,1,16,19,35
KHM-008254,2014,8090402510.0,0,2,2,38,25,63
KHM-008255,2014,8090402713.0,3,6,9,35,45,80
KHM-008256,2014,8090502501.0,0,3,3,62,33,95
KHM-008257,2014,8090503903.0,23,10,33,327,316,643
KHM-008258,2014,8090505504.0,0,2,2,40,45,85
KHM-008259,2014,8090510534.0,1,0,1,12,19,31
KHM-008260,2014,8090511505.0,0,1,1,14,16,30
KHM-008261,2014,8090601527.0,0,2,2,33,30,63
KHM-008262,2014,8090614520.0,1,2,3,38,43,81
KHM-008263,2014,8090614904.0,23,12,35,310,293,603
KHM-008264,2014,8090701530.0,0,1,1,11,9,20
KHM-008265,2014,8090702512.0,0,1,1,10,15,25
KHM-008266,2014,8090702711.0,8,5,13,99,84,183
KHM-008267,2014,8090703528.0,0,3,3,28,32,60
KHM-008268,2014,8091001529.0,0,1,1,25,21,46
KHM-008269,2014,8091003525.0,0,2,2,47,20,67
KHM-008270,2014,8091003905.0,18,18,36,366,318,684
KHM-008271,2014,8091105513.0,0,1,1,22,13,35
KHM-008272,2014,8091108526.0,0,2,2,28,32,60
KHM-008273,2014,8091108709.0,5,1,6,106,134,240
KHM-008274,2014,8091303539.0,1,0,1,10,8,18
KHM-008275,2014,8091307708.0,6,2,8,156,151,307
KHM-008276,2014,8091311540.0,0,1,1,23,13,36
KHM-008277,2014,8091312536.0,0,1,1,15,10,25
KHM-008278,2014,8091315541.0,0,2,2,25,23,48
KHM-008279,2014,8091402901.0,47,29,76,754,641,1395
KHM-008280,2014,8091412509.0,0,3,3,37,39,76
KHM-008281,2014,8100103509.0,1,1,2,29,26,55
KHM-008282,2014,8100103701.0,8,15,23,254,260,514
KHM-008283,2014,8100104510.0,0,1,1,16,19,35
KHM-008284,2014,8100105521.0,0,1,1,13,10,23
KHM-008285,2014,8100107511.0,0,1,1,7,17,24
KHM-008286,2014,8100202503.0,0,1,1,13,17,30
KHM-008287,2014,8100202712.0,0,6,6,72,30,102
KHM-008288,2014,8100204502.0,0,1,1,17,16,33
KHM-008289,2014,8100304507.0,0,1,1,15,15,30
KHM-008290,2014,8100304710.0,7,5,12,110,85,195
KHM-008291,2014,8100403517.0,0,1,1,20,15,35
KHM-008292,2014,8100502902.0,19,11,30,450,449,899
KHM-008293,2014,8100507516.0,0,2,2,39,40,79
KHM-008294,2014,8100702508.0,0,2,2,44,39,83
KHM-008295,2014,8100708903.0,43,19,62,740,747,1487
KHM-008296,2014,8100801504.0,0,4,4,81,79,160
KHM-008297,2014,8100802901.0,67,53,120,1067,1184,2251
KHM-008298,2014,8100807520.0,0,1,1,17,15,32
KHM-008299,2014,8101006513.0,0,1,1,17,6,23
KHM-008300,2014,8101007515.0,0,1,1,19,41,60
KHM-008301,2014,8101007708.0,8,9,17,185,210,395
KHM-008302,2014,8101101519.0,0,2,2,45,27,72
KHM-008303,2014,8101102501.0,0,2,2,36,21,57
KHM-008304,2014,8101102704.0,14,14,28,208,180,388
KHM-008305,2014,8101201709.0,9,8,17,151,169,320
KHM-008306,2014,8101303518.0,0,1,1,17,21,38
KHM-008307,2014,8101303711.0,6,14,20,155,151,306
KHM-008308,2014,8101402713.0,4,11,15,141,123,264
KHM-008309,2014,8101506514.0,0,4,4,60,67,127
KHM-008310,2014,8101506904.0,28,29,57,653,609,1262
KHM-008311,2014,8101604505.0,0,2,2,31,33,64
KHM-008312,2014,8101604706.0,16,13,29,314,252,566
KHM-008313,2014,8101605506.0,0,1,1,15,13,28
KHM-008314,2014,8110304702.0,15,16,31,53,47,100
KHM-008315,2014,8110401501.0,0,15,15,149,128,277
KHM-008316,2014,8110401902.0,94,85,179,1649,1700,3349
KHM-008317,2014,8110402502.0,0,4,4,65,86,151
KHM-008318,2014,8110402701.0,16,25,41,166,146,312
KHM-008319,2014,8110403901.0,111,64,175,1135,933,2068
KHM-008320,2014,8110502503.0,0,1,1,14,31,45
KHM-008321,2014,8110502704.0,15,16,31,154,139,293
KHM-008322,2014,8110602703.0,20,34,54,180,187,367
KHM-008323,2014,9010101501.0,0,2,2,29,35,64
KHM-008324,2014,9010101901.0,18,6,24,212,197,409
KHM-008325,2014,9010201503.0,0,1,1,7,7,14
KHM-008326,2014,9010201703.0,7,6,13,45,66,111
KHM-008327,2014,9010202505.0,0,1,1,8,15,23
KHM-008328,2014,9010402504.0,0,1,1,15,15,30
KHM-008329,2014,9010402704.0,5,2,7,42,23,65
KHM-008330,2014,9010405502.0,0,1,1,59,53,112
KHM-008331,2014,9010405902.0,10,3,13,205,172,377
KHM-008332,2014,9020101501.0,0,2,2,48,50,98
KHM-008333,2014,9020101901.0,9,2,11,91,83,174
KHM-008334,2014,9020204503.0,0,0,0,9,20,29
KHM-008335,2014,9030101501.0,0,0,0,17,29,46
KHM-008336,2014,9030101702.0,5,2,7,15,22,37
KHM-008337,2014,9030201502.0,0,0,0,12,13,25
KHM-008338,2014,9030203503.0,0,0,0,13,18,31
KHM-008339,2014,9030203701.0,4,4,8,32,27,59
KHM-008340,2014,9030401505.0,0,1,1,16,9,25
KHM-008341,2014,9030404504.0,0,1,1,9,12,21
KHM-008342,2014,9040101501.0,0,3,3,56,36,92
KHM-008343,2014,9040103502.0,0,2,2,14,16,30
KHM-008344,2014,9040103701.0,12,5,17,144,121,265
KHM-008345,2014,9040105901.0,64,26,90,1119,1031,2150
KHM-008346,2014,9040204702.0,8,4,12,43,52,95
KHM-008347,2014,9050101501.0,0,2,2,57,28,85
KHM-008348,2014,9050101901.0,17,9,26,175,145,320
KHM-008349,2014,9050104505.0,1,0,1,15,6,21
KHM-008350,2014,9050106504.0,0,1,1,16,19,35
KHM-008351,2014,9050107502.0,0,2,2,40,39,79
KHM-008352,2014,9050107702.0,5,6,11,108,92,200
KHM-008353,2014,9050203503.0,0,0,0,9,9,18
KHM-008354,2014,9050203703.0,7,5,12,22,22,44
KHM-008355,2014,9060102502.0,0,0,0,20,13,33
KHM-008356,2014,9060102701.0,10,7,17,151,133,284
KHM-008357,2014,9060104512.0,0,0,0,8,9,17
KHM-008358,2014,9060203706.0,4,2,6,53,57,110
KHM-008359,2014,9060206505.0,0,0,0,10,7,17
KHM-008360,2014,9060302704.0,9,0,9,80,69,149
KHM-008361,2014,9060303511.0,0,0,0,13,7,20
KHM-008362,2014,9060304510.0,0,0,0,14,7,21
KHM-008363,2014,9060305506.0,1,0,1,10,6,16
KHM-008364,2014,9060401507.0,0,0,0,13,11,24
KHM-008365,2014,9060403702.0,8,1,9,57,75,132
KHM-008366,2014,9060405508.0,0,0,0,9,7,16
KHM-008367,2014,9060503509.0,0,0,0,9,21,30
KHM-008368,2014,9060506705.0,4,4,8,55,34,89
KHM-008369,2014,9060704501.0,0,1,1,19,22,41
KHM-008370,2014,9060704901.0,48,24,72,612,522,1134
KHM-008371,2014,9060705503.0,0,1,1,13,9,22
KHM-008372,2014,9070102501.0,0,1,1,17,15,32
KHM-008373,2014,9070102701.0,4,3,7,51,58,109
KHM-008374,2014,9070302702.0,6,0,6,21,26,47
KHM-008375,2014,9070402704.0,7,0,7,13,11,24
KHM-008376,2014,9070503502.0,0,1,1,10,13,23
KHM-008377,2014,9070503703.0,7,0,7,27,25,52
KHM-008378,2014,10010102701.0,11,15,26,156,145,301
KHM-008379,2014,10010105504.0,0,2,2,13,14,27
KHM-008380,2014,10010106501.0,0,3,3,53,51,104
KHM-008381,2014,10010202705.0,6,1,7,43,82,125
KHM-008382,2014,10010301707.0,11,8,19,168,147,315
KHM-008383,2014,10010301901.0,30,17,47,343,366,709
KHM-008384,2014,10010502502.0,0,2,2,21,19,40
KHM-008385,2014,10010502702.0,4,15,19,147,148,295
KHM-008386,2014,10010504503.0,0,3,3,48,32,80
KHM-008387,2014,10010604706.0,4,9,13,94,84,178
KHM-008388,2014,10010701703.0,4,8,12,69,108,177
KHM-008389,2014,10010805704.0,5,7,12,91,100,191
KHM-008390,2014,10020101701.0,6,4,10,32,43,75
KHM-008391,2014,10020302702.0,13,12,25,233,247,480
KHM-008392,2014,10020304901.0,34,28,62,727,679,1406
KHM-008393,2014,10020305502.0,0,12,12,113,110,223
KHM-008394,2014,10020402503.0,0,2,2,21,25,46
KHM-008395,2014,10020402703.0,4,9,13,100,98,198
KHM-008396,2014,10020403504.0,0,2,2,19,13,32
KHM-008397,2014,10020404505.0,0,2,2,18,19,37
KHM-008398,2014,10020404902.0,39,28,67,476,506,982
KHM-008399,2014,10020405506.0,0,3,3,43,47,90
KHM-008400,2014,10020501508.0,0,6,6,98,83,181
KHM-008401,2014,10020501704.0,2,18,20,134,146,280
KHM-008402,2014,10020801501.0,0,4,4,34,27,61
KHM-008403,2014,10020801711.0,6,7,13,92,109,201
KHM-008404,2014,10030101501.0,0,3,3,22,16,38
KHM-008405,2014,10030102502.0,0,4,4,37,37,74
KHM-008406,2014,10030103503.0,0,3,3,34,27,61
KHM-008407,2014,10030103901.0,38,38,76,504,568,1072
KHM-008408,2014,10030202516.0,0,2,2,13,37,50
KHM-008409,2014,10030205706.0,8,7,15,199,187,386
KHM-008410,2014,10030303705.0,7,3,10,71,73,144
KHM-008411,2014,10030402707.0,5,7,12,32,29,61
KHM-008412,2014,10030502504.0,0,3,3,28,30,58
KHM-008413,2014,10030505505.0,0,2,2,20,16,36
KHM-008414,2014,10030506506.0,0,4,4,28,35,63
KHM-008415,2014,10030506902.0,30,20,50,303,365,668
KHM-008416,2014,10030507515.0,0,1,1,5,6,11
KHM-008417,2014,10030507708.0,5,5,10,88,93,181
KHM-008418,2014,10030508507.0,0,4,4,33,27,60
KHM-008419,2014,10030509514.0,0,1,1,4,8,12
KHM-008420,2014,10030510517.0,0,1,1,16,16,32
KHM-008421,2014,10030601508.0,0,2,2,23,22,45
KHM-008422,2014,10030601704.0,10,7,17,106,102,208
KHM-008423,2014,10030602509.0,0,4,4,33,17,50
KHM-008424,2014,10030603510.0,0,2,2,11,13,24
KHM-008425,2014,10030704511.0,0,1,1,13,11,24
KHM-008426,2014,10030707702.0,17,4,21,148,162,310
KHM-008427,2014,10030806513.0,0,2,2,27,36,63
KHM-008428,2014,10030807703.0,7,10,17,128,119,247
KHM-008429,2014,10040205703.0,7,2,9,47,62,109
KHM-008430,2014,10040303707.0,5,2,7,41,74,115
KHM-008431,2014,10040405705.0,3,5,8,49,94,143
KHM-008432,2014,10040504706.0,4,3,7,40,52,92
KHM-008433,2014,10040602708.0,6,1,7,63,60,123
KHM-008434,2014,10040706501.0,0,3,3,24,40,64
KHM-008435,2014,10040706901.0,20,10,30,313,340,653
KHM-008436,2014,10040802502.0,0,1,1,9,8,17
KHM-008437,2014,10040803902.0,17,13,30,343,431,774
KHM-008438,2014,10040805503.0,0,1,1,12,13,25
KHM-008439,2014,10041002704.0,7,2,9,77,80,157
KHM-008440,2014,10050105705.0,5,3,8,76,81,157
KHM-008441,2014,10050202706.0,6,6,12,91,93,184
KHM-008442,2014,10050301502.0,0,1,1,8,15,23
KHM-008443,2014,10050301702.0,8,8,16,125,130,255
KHM-008444,2014,10050306503.0,0,2,2,49,50,99
KHM-008445,2014,10050307501.0,0,1,1,35,25,60
KHM-008446,2014,10050307901.0,22,15,37,278,262,540
KHM-008447,2014,10050313704.0,8,8,16,152,158,310
KHM-008448,2014,10050402707.0,7,2,9,110,100,210
KHM-008449,2014,10050501703.0,8,7,15,143,187,330
KHM-008450,2014,10060101501.0,0,1,1,11,13,24
KHM-008451,2014,10060101709.0,6,8,14,115,143,258
KHM-008452,2014,10060106502.0,0,2,2,13,18,31
KHM-008453,2014,10060108513.0,0,1,1,10,12,22
KHM-008454,2014,10060201520.0,0,1,1,15,19,34
KHM-008455,2014,10060202519.0,0,1,1,8,10,18
KHM-008456,2014,10060202713.0,2,8,10,65,62,127
KHM-008457,2014,10060301704.0,6,14,20,96,124,220
KHM-008458,2014,10060405516.0,0,1,1,9,18,27
KHM-008459,2014,10060405903.0,11,11,22,218,243,461
KHM-008460,2014,10060501708.0,6,3,9,88,82,170
KHM-008461,2014,10060504518.0,0,1,1,14,22,36
KHM-008462,2014,10060605511.0,0,1,1,5,5,10
KHM-008463,2014,10060605701.0,2,8,10,57,46,103
KHM-008464,2014,10060704508.0,0,2,2,25,26,51
KHM-008465,2014,10060704706.0,10,6,16,133,157,290
KHM-008466,2014,10060801707.0,4,4,8,107,95,202
KHM-008467,2014,10060901509.0,0,2,2,18,20,38
KHM-008468,2014,10060902510.0,0,2,2,19,20,39
KHM-008469,2014,10060902904.0,14,15,29,250,282,532
KHM-008470,2014,10061004716.0,5,4,9,56,89,145
KHM-008471,2014,11010401502.0,0,1,1,18,32,50
KHM-008472,2014,11010401901.0,21,2,23,200,168,368
KHM-008473,2014,11010406504.0,0,1,1,6,19,25
KHM-008474,2014,11010406703.0,5,3,8,55,54,109
KHM-008475,2014,11010505501.0,0,1,1,22,24,46
KHM-008476,2014,11010505702.0,4,4,8,70,91,161
KHM-008477,2014,11020401702.0,9,0,9,52,53,105
KHM-008478,2014,11020601504.0,0,1,1,8,12,20
KHM-008479,2014,11020604502.0,0,1,1,8,7,15
KHM-008480,2014,11020605503.0,0,1,1,9,8,17
KHM-008481,2014,11020609501.0,1,2,3,56,59,115
KHM-008482,2014,11020609901.0,33,6,39,295,286,581
KHM-008483,2014,11030204901.0,10,8,18,94,111,205
KHM-008484,2014,11030205501.0,0,1,1,13,14,27
KHM-008485,2014,11040205702.0,8,1,9,44,35,79
KHM-008486,2014,11040301703.0,6,1,7,27,46,73
KHM-008487,2014,11040406501.0,0,1,1,23,27,50
KHM-008488,2014,11040406701.0,8,2,10,72,88,160
KHM-008489,2014,11050102502.0,0,1,1,11,9,20
KHM-008490,2014,11050102701.0,3,5,8,56,67,123
KHM-008491,2014,11050304901.0,29,24,53,520,463,983
KHM-008492,2014,11050305501.0,0,4,4,68,68,136
KHM-008493,2014,11050402504.0,0,1,1,18,24,42
KHM-008494,2014,12010105507.0,0,2,2,19,25,44
KHM-008495,2014,12010106505.0,0,4,4,30,48,78
KHM-008496,2014,12010106904.0,103,83,186,678,612,1290
KHM-008497,2014,12010107506.0,0,8,8,26,28,54
KHM-008498,2014,12010201903.0,91,54,145,663,494,1157
KHM-008499,2014,12010205513.0,0,0,0,18,17,35
KHM-008500,2014,12010305508.0,0,3,3,45,28,73
KHM-008501,2014,12010407509.0,0,2,2,41,35,76
KHM-008502,2014,12010502504.0,0,8,8,44,51,95
KHM-008503,2014,12010603905.0,100,96,196,1490,1526,3016
KHM-008504,2014,12010805703.0,12,15,27,118,92,210
KHM-008505,2014,12010816901.0,104,86,190,738,758,1496
KHM-008506,2014,12010901512.0,0,1,1,9,6,15
KHM-008507,2014,12010901704.0,16,23,39,103,90,193
KHM-008508,2014,12011001906.0,77,64,141,856,847,1703
KHM-008509,2014,12011101902.0,118,112,230,1426,1334,2760
KHM-008510,2014,12011105502.0,0,6,6,46,49,95
KHM-008511,2014,12011202501.0,0,3,3,1,4,5
KHM-008512,2014,12020104902.0,58,38,96,757,746,1503
KHM-008513,2014,12020106516.0,0,3,3,70,68,138
KHM-008514,2014,12020106709.0,28,17,45,482,439,921
KHM-008515,2014,12020704508.0,0,1,1,18,25,43
KHM-008516,2014,12020704903.0,57,34,91,809,768,1577
KHM-008517,2014,12020705515.0,0,1,1,30,30,60
KHM-008518,2014,12020710710.0,20,5,25,147,151,298
KHM-008519,2014,12020803511.0,0,2,2,18,29,47
KHM-008520,2014,12020803706.0,15,7,22,249,183,432
KHM-008521,2014,12020805521.0,0,1,1,23,27,50
KHM-008522,2014,12021008510.0,0,1,1,23,19,42
KHM-008523,2014,12021009518.0,0,1,1,12,11,23
KHM-008524,2014,12021202513.0,0,1,1,32,27,59
KHM-008525,2014,12021301509.0,0,2,2,26,25,51
KHM-008526,2014,12021303517.0,0,1,1,10,16,26
KHM-008527,2014,12021401519.0,0,1,1,21,15,36
KHM-008528,2014,12021406512.0,0,1,1,10,10,20
KHM-008529,2014,12022004714.0,10,8,18,25,17,42
KHM-008530,2014,12022102907.0,38,19,57,326,375,701
KHM-008531,2014,12022103533.0,0,2,2,57,45,102
KHM-008532,2014,12022202716.0,6,9,15,49,25,74
KHM-008533,2014,12022606719.0,16,10,26,108,85,193
KHM-008534,2014,12030302901.0,146,87,233,2186,1996,4182
KHM-008535,2014,12030404903.0,87,97,184,684,651,1335
KHM-008536,2014,12030409501.0,0,19,19,97,106,203
KHM-008537,2014,12030704902.0,19,11,30,281,274,555
KHM-008538,2014,12030705502.0,0,25,25,230,188,418
KHM-008539,2014,12030802503.0,0,2,2,56,56,112
KHM-008540,2014,12030802703.0,56,57,113,851,752,1603
KHM-008541,2014,12031002506.0,0,6,6,140,149,289
KHM-008542,2014,12031005904.0,94,101,195,1532,1469,3001
KHM-008543,2014,12040101515.0,0,2,2,50,50,100
KHM-008544,2014,12040105506.0,0,5,5,74,58,132
KHM-008545,2014,12040201702.0,20,21,41,220,216,436
KHM-008546,2014,12040203533.0,0,2,2,60,59,119
KHM-008547,2014,12040205512.0,0,1,1,31,20,51
KHM-008548,2014,12040205703.0,13,34,47,307,310,617
KHM-008549,2014,12040601502.0,0,7,7,60,87,147
KHM-008550,2014,12040702511.0,0,2,2,38,41,79
KHM-008551,2014,12050701504.0,0,4,4,76,54,130
KHM-008552,2014,12050701901.0,121,168,289,2300,2256,4556
KHM-008553,2014,12050702503.0,0,1,1,15,19,34
KHM-008554,2014,12050801505.0,0,1,1,14,19,33
KHM-008555,2014,12050802502.0,0,2,2,30,25,55
KHM-008556,2014,12060201521.0,0,2,2,70,55,125
KHM-008557,2014,12060201707.0,17,24,41,328,306,634
KHM-008558,2014,12060202522.0,0,2,2,93,78,171
KHM-008559,2014,12060302516.0,0,2,2,53,54,107
KHM-008560,2014,12060303906.0,36,20,56,551,442,993
KHM-008561,2014,12060601520.0,0,4,4,91,82,173
KHM-008562,2014,12060601901.0,91,86,177,1580,1496,3076
KHM-008563,2014,12061101519.0,0,0,0,9,10,19
KHM-008564,2014,12061101705.0,16,15,31,180,146,326
KHM-008565,2014,12061203531.0,0,1,1,42,46,88
KHM-008566,2014,12070101502.0,0,8,8,72,78,150
KHM-008567,2014,12070401511.0,0,4,4,82,68,150
KHM-008568,2014,12070401901.0,120,133,253,2791,2728,5519
KHM-008569,2014,12070513503.0,0,14,14,169,157,326
KHM-008570,2014,12070606512.0,0,2,2,65,60,125
KHM-008571,2014,12070606702.0,32,34,66,287,264,551
KHM-008572,2014,12070611509.0,0,4,4,86,74,160
KHM-008573,2014,12070611703.0,22,40,62,316,318,634
KHM-008574,2014,12070710507.0,0,4,4,62,61,123
KHM-008575,2014,12070801508.0,0,1,1,24,15,39
KHM-008576,2014,12070801704.0,7,13,20,114,103,217
KHM-008577,2014,12070804902.0,137,105,242,1420,1358,2778
KHM-008578,2014,12070808501.0,0,8,8,75,75,150
KHM-008579,2014,12070901505.0,0,2,2,25,36,61
KHM-008580,2014,12070905504.0,0,3,3,33,28,61
KHM-008581,2014,12070909510.0,0,2,2,19,15,34
KHM-008582,2014,12071005506.0,0,4,4,71,80,151
KHM-008583,2014,12071010903.0,132,136,268,3172,3135,6307
KHM-008584,2014,12080102511.0,0,1,1,24,22,46
KHM-008585,2014,12080103501.0,0,2,2,70,60,130
KHM-008586,2014,12080104901.0,52,18,70,608,607,1215
KHM-008587,2014,12080105513.0,1,0,1,14,16,30
KHM-008588,2014,12080106514.0,0,1,1,24,19,43
KHM-008589,2014,12080201902.0,114,84,198,1660,1575,3235
KHM-008590,2014,12080205502.0,0,2,2,73,47,120
KHM-008591,2014,12080210503.0,0,1,1,50,40,90
KHM-008592,2014,12080303510.0,0,3,3,54,75,129
KHM-008593,2014,12080306504.0,0,3,3,36,24,60
KHM-008594,2014,12080308516.0,0,2,2,64,61,125
KHM-008595,2014,12080309903.0,68,44,112,1001,991,1992
KHM-008596,2014,12090203525.0,0,1,1,56,44,100
KHM-008597,2014,12090203906.0,40,11,51,410,376,786
KHM-008598,2014,12090403705.0,19,4,23,118,129,247
KHM-008599,2014,12090408507.0,0,1,1,30,25,55
KHM-008600,2014,12090505501.0,0,2,2,58,44,102
KHM-008601,2014,12090512707.0,17,21,38,441,386,827
KHM-008602,2014,12090515502.0,0,1,1,10,20,30
KHM-008603,2014,12090520503.0,0,7,7,150,151,301
KHM-008604,2014,12090520901.0,111,78,189,2319,2225,4544
KHM-008605,2014,12090523524.0,0,1,1,25,30,55
KHM-008606,2014,12090608504.0,0,2,2,74,61,135
KHM-008607,2014,12090609505.0,0,2,2,73,81,154
KHM-008608,2014,12090609708.0,29,23,52,461,465,926
KHM-008609,2014,12090904520.0,0,1,1,37,34,71
KHM-008610,2014,12090906536.0,0,1,1,15,21,36
KHM-008611,2014,12090912522.0,0,1,1,24,29,53
KHM-008612,2014,12091602535.0,0,1,1,6,10,16
KHM-008613,2014,12091607537.0,0,1,1,17,22,39
KHM-008614,2014,12091609528.0,0,3,3,40,40,80
KHM-008615,2014,12091609711.0,13,11,24,170,148,318
KHM-008616,2014,12091706712.0,7,7,14,43,37,80
KHM-008617,2014,12091802713.0,20,9,29,231,216,447
KHM-008618,2014,12091816529.0,0,1,1,26,24,50
KHM-008619,2014,12091904531.0,0,1,1,12,9,21
KHM-008620,2014,12091910532.0,0,1,1,10,7,17
KHM-008621,2014,12092408718.0,11,5,16,116,112,228
KHM-008622,2014,13010101501.0,0,1,1,11,11,22
KHM-008623,2014,13010101701.0,6,3,9,121,146,267
KHM-008624,2014,13010101901.0,7,2,9,115,130,245
KHM-008625,2014,13010201502.0,0,1,1,8,9,17
KHM-008626,2014,13010201705.0,5,3,8,51,52,103
KHM-008627,2014,13010301702.0,5,2,7,89,76,165
KHM-008628,2014,13010403504.0,0,0,0,7,5,12
KHM-008629,2014,13010405503.0,0,0,0,14,8,22
KHM-008630,2014,13010601704.0,3,2,5,28,33,61
KHM-008631,2014,13020101501.0,0,2,2,28,30,58
KHM-008632,2014,13020101701.0,11,2,13,118,110,228
KHM-008633,2014,13020101901.0,7,1,8,112,54,166
KHM-008634,2014,13020204705.0,6,1,7,29,26,55
KHM-008635,2014,13020301504.0,0,1,1,17,17,34
KHM-008636,2014,13020302505.0,0,1,1,8,8,16
KHM-008637,2014,13020402703.0,7,0,7,35,42,77
KHM-008638,2014,13020501704.0,6,2,8,45,53,98
KHM-008639,2014,13020503506.0,0,0,0,10,29,39
KHM-008640,2014,13020701702.0,6,1,7,41,32,73
KHM-008641,2014,13020802502.0,0,1,1,8,7,15
KHM-008642,2014,13030101501.0,0,4,4,55,66,121
KHM-008643,2014,13030102502.0,0,1,1,10,3,13
KHM-008644,2014,13030102701.0,13,5,18,171,192,363
KHM-008645,2014,13030102901.0,7,3,10,109,119,228
KHM-008646,2014,13030105508.0,0,0,0,3,9,12
KHM-008647,2014,13030213506.0,0,0,0,10,12,22
KHM-008648,2014,13030214507.0,0,0,0,14,15,29
KHM-008649,2014,13030302704.0,2,5,7,21,25,46
KHM-008650,2014,13030401503.0,0,1,1,9,11,20
KHM-008651,2014,13030401702.0,5,5,10,45,77,122
KHM-008652,2014,13030602505.0,0,1,1,33,31,64
KHM-008653,2014,13030603511.0,0,0,0,10,11,21
KHM-008654,2014,13030604512.0,1,0,1,16,17,33
KHM-008655,2014,13030605504.0,0,1,1,40,40,80
KHM-008656,2014,13030608705.0,3,3,6,93,102,195
KHM-008657,2014,13030610509.0,0,1,1,9,7,16
KHM-008658,2014,13040101501.0,0,1,1,18,17,35
KHM-008659,2014,13040101901.0,17,10,27,173,253,426
KHM-008660,2014,13040102506.0,0,0,0,8,4,12
KHM-008661,2014,13040201502.0,0,1,1,9,11,20
KHM-008662,2014,13040201706.0,4,3,7,31,42,73
KHM-008663,2014,13040301704.0,4,7,11,41,66,107
KHM-008664,2014,13040306503.0,0,0,0,21,14,35
KHM-008665,2014,13040402705.0,4,4,8,71,81,152
KHM-008666,2014,13040403504.0,0,0,0,8,7,15
KHM-008667,2014,13040501703.0,7,0,7,50,36,86
KHM-008668,2014,13040502507.0,0,0,0,7,8,15
KHM-008669,2014,13040601702.0,7,3,10,89,104,193
KHM-008670,2014,13050102501.0,0,3,3,40,35,75
KHM-008671,2014,13050103701.0,11,8,19,140,142,282
KHM-008672,2014,13050203703.0,12,7,19,133,167,300
KHM-008673,2014,13050204506.0,0,1,1,5,15,20
KHM-008674,2014,13050302503.0,0,1,1,6,8,14
KHM-008675,2014,13050302708.0,7,2,9,47,57,104
KHM-008676,2014,13050401502.0,0,2,2,17,18,35
KHM-008677,2014,13050401901.0,26,9,35,439,490,929
KHM-008678,2014,13050503504.0,0,1,1,22,23,45
KHM-008679,2014,13050601704.0,5,1,6,62,81,143
KHM-008680,2014,13050702511.0,0,0,0,7,4,11
KHM-008681,2014,13050703512.0,0,0,0,5,9,14
KHM-008682,2014,13050904707.0,3,4,7,38,56,94
KHM-008683,2014,13051001509.0,0,0,0,4,11,15
KHM-008684,2014,13051001706.0,1,8,9,63,70,133
KHM-008685,2014,13051002902.0,7,1,8,57,48,105
KHM-008686,2014,13051003510.0,0,1,1,9,12,21
KHM-008687,2014,13051101705.0,4,4,8,28,58,86
KHM-008688,2014,13051103508.0,0,0,0,5,15,20
KHM-008689,2014,13051201507.0,0,1,1,16,22,38
KHM-008690,2014,13051204505.0,0,2,2,25,20,45
KHM-008691,2014,13051204702.0,7,2,9,70,107,177
KHM-008692,2014,13060101501.0,0,2,2,29,44,73
KHM-008693,2014,13060101701.0,12,7,19,181,227,408
KHM-008694,2014,13060102901.0,11,2,13,184,160,344
KHM-008695,2014,13060103502.0,0,1,1,3,7,10
KHM-008696,2014,13060201503.0,0,1,1,6,10,16
KHM-008697,2014,13060205504.0,0,0,0,7,12,19
KHM-008698,2014,13060205702.0,7,1,8,64,79,143
KHM-008699,2014,13060301704.0,6,0,6,17,19,36
KHM-008700,2014,13060403506.0,0,0,0,7,8,15
KHM-008701,2014,13060403705.0,4,3,7,44,71,115
KHM-008702,2014,13060404507.0,0,0,0,4,5,9
KHM-008703,2014,13060405505.0,0,0,0,5,3,8
KHM-008704,2014,13060501703.0,7,0,7,63,108,171
KHM-008705,2014,13060503508.0,0,0,0,11,3,14
KHM-008706,2014,13070302704.0,5,5,10,34,59,93
KHM-008707,2014,13070401702.0,7,7,14,79,93,172
KHM-008708,2014,13070501501.0,0,1,1,9,10,19
KHM-008709,2014,13070601703.0,8,2,10,25,30,55
KHM-008710,2014,13080101503.0,0,1,1,14,11,25
KHM-008711,2014,13080101701.0,14,9,23,197,239,436
KHM-008712,2014,13080101901.0,44,44,88,814,859,1673
KHM-008713,2014,13080201506.0,0,1,1,11,18,29
KHM-008714,2014,13080201705.0,7,8,15,86,112,198
KHM-008715,2014,13080204505.0,0,1,1,11,26,37
KHM-008716,2014,14010104502.0,0,2,2,28,34,62
KHM-008717,2014,14010108515.0,0,1,1,17,18,35
KHM-008718,2014,14010113501.0,0,2,2,24,31,55
KHM-008719,2014,14010113701.0,21,8,29,229,264,493
KHM-008720,2014,14010201901.0,35,44,79,784,839,1623
KHM-008721,2014,14010202504.0,0,2,2,30,29,59
KHM-008722,2014,14010301505.0,0,3,3,60,55,115
KHM-008723,2014,14010307506.0,0,4,4,68,55,123
KHM-008724,2014,14010311708.0,7,10,17,231,186,417
KHM-008725,2014,14010401507.0,0,2,2,36,39,75
KHM-008726,2014,14010412902.0,28,11,39,628,575,1203
KHM-008727,2014,14010501707.0,5,3,8,118,81,199
KHM-008728,2014,14010503519.0,0,1,1,20,11,31
KHM-008729,2014,14010509516.0,0,1,1,7,11,18
KHM-008730,2014,14010606509.0,0,1,1,14,6,20
KHM-008731,2014,14010609703.0,11,8,19,184,173,357
KHM-008732,2014,14010614517.0,0,1,1,15,28,43
KHM-008733,2014,14010703511.0,0,2,2,36,36,72
KHM-008734,2014,14010703704.0,12,7,19,169,172,341
KHM-008735,2014,14010705513.0,0,1,1,6,4,10
KHM-008736,2014,14010707514.0,0,1,1,10,5,15
KHM-008737,2014,14010707518.0,0,1,1,8,12,20
KHM-008738,2014,14010802706.0,1,3,4,61,70,131
KHM-008739,2014,14010803510.0,0,1,1,10,35,45
KHM-008740,2014,14010907705.0,6,14,20,219,179,398
KHM-008741,2014,14010912512.0,0,1,1,15,13,28
KHM-008742,2014,14020107902.0,24,5,29,470,452,922
KHM-008743,2014,14020202706.0,3,3,6,98,118,216
KHM-008744,2014,14020303504.0,0,5,5,55,70,125
KHM-008745,2014,14020314707.0,4,3,7,164,139,303
KHM-008746,2014,14020404503.0,0,1,1,18,11,29
KHM-008747,2014,14020405506.0,0,1,1,10,15,25
KHM-008748,2014,14020407702.0,10,3,13,147,151,298
KHM-008749,2014,14020509703.0,8,0,8,161,138,299
KHM-008750,2014,14020601901.0,29,12,41,921,681,1602
KHM-008751,2014,14020604505.0,0,2,2,28,24,52
KHM-008752,2014,14020604708.0,12,5,17,215,217,432
KHM-008753,2014,14020717704.0,10,8,18,243,267,510
KHM-008754,2014,14020803705.0,5,2,7,88,117,205
KHM-008755,2014,14030209701.0,7,5,12,250,216,466
KHM-008756,2014,14030307706.0,6,5,11,203,277,480
KHM-008757,2014,14030402710.0,4,1,5,95,107,202
KHM-008758,2014,14030502712.0,6,2,8,93,72,165
KHM-008759,2014,14030601703.0,13,4,17,241,231,472
KHM-008760,2014,14030701708.0,7,6,13,214,186,400
KHM-008761,2014,14030708501.0,0,2,2,45,40,85
KHM-008762,2014,14030806704.0,6,1,7,89,91,180
KHM-008763,2014,14030808707.0,3,1,4,62,66,128
KHM-008764,2014,14030901504.0,0,2,2,47,31,78
KHM-008765,2014,14030901901.0,49,19,68,1045,949,1994
KHM-008766,2014,14030902502.0,0,3,3,53,25,78
KHM-008767,2014,14030903507.0,0,1,1,9,10,19
KHM-008768,2014,14031003705.0,12,2,14,206,229,435
KHM-008769,2014,14031105506.0,0,1,1,24,16,40
KHM-008770,2014,14031107505.0,0,1,1,12,10,22
KHM-008771,2014,14031108503.0,0,2,2,31,36,67
KHM-008772,2014,14031108709.0,6,2,8,142,129,271
KHM-008773,2014,14031206902.0,21,7,28,534,429,963
KHM-008774,2014,14031302711.0,4,2,6,98,108,206
KHM-008775,2014,14040106701.0,4,3,7,136,137,273
KHM-008776,2014,14040201503.0,0,1,1,10,14,24
KHM-008777,2014,14040202501.0,0,2,2,30,41,71
KHM-008778,2014,14040203901.0,25,14,39,743,599,1342
KHM-008779,2014,14040205510.0,0,1,1,13,12,25
KHM-008780,2014,14040210505.0,0,1,1,18,12,30
KHM-008781,2014,14040311511.0,0,2,2,24,23,47
KHM-008782,2014,14040311702.0,9,6,15,252,247,499
KHM-008783,2014,14040408707.0,6,0,6,126,115,241
KHM-008784,2014,14040511703.0,6,3,9,190,190,380
KHM-008785,2014,14040512508.0,0,2,2,32,39,71
KHM-008786,2014,14040612706.0,6,2,8,125,131,256
KHM-008787,2014,14040704502.0,0,0,0,40,37,77
KHM-008788,2014,14040704704.0,2,1,3,73,80,153
KHM-008789,2014,14040706504.0,0,1,1,18,29,47
KHM-008790,2014,14040801507.0,0,1,1,20,15,35
KHM-008791,2014,14040803705.0,3,5,8,152,160,312
KHM-008792,2014,14050104512.0,0,1,1,14,10,24
KHM-008793,2014,14050105903.0,25,8,33,573,555,1128
KHM-008794,2014,14050210902.0,36,11,47,737,588,1325
KHM-008795,2014,14050305501.0,0,1,1,8,13,21
KHM-008796,2014,14050305901.0,67,29,96,1210,994,2204
KHM-008797,2014,14050311519.0,0,2,2,30,22,52
KHM-008798,2014,14050401510.0,0,1,1,23,15,38
KHM-008799,2014,14050409503.0,0,1,1,15,10,25
KHM-008800,2014,14050410509.0,0,1,1,13,10,23
KHM-008801,2014,14050411511.0,0,1,1,13,13,26
KHM-008802,2014,14050411703.0,14,4,18,250,171,421
KHM-008803,2014,14050416502.0,0,1,1,17,16,33
KHM-008804,2014,14050418507.0,0,2,2,31,28,59
KHM-008805,2014,14050504705.0,10,3,13,115,124,239
KHM-008806,2014,14050606514.0,1,0,1,13,17,30
KHM-008807,2014,14050606707.0,8,2,10,225,204,429
KHM-008808,2014,14050607517.0,0,1,1,9,13,22
KHM-008809,2014,14050611515.0,0,2,2,27,25,52
KHM-008810,2014,14050703516.0,0,1,1,19,9,28
KHM-008811,2014,14050704508.0,0,1,1,19,14,33
KHM-008812,2014,14050711506.0,0,1,1,13,20,33
KHM-008813,2014,14050718504.0,0,1,1,16,12,28
KHM-008814,2014,14050718706.0,6,3,9,252,258,510
KHM-008815,2014,14050808513.0,0,2,2,23,21,44
KHM-008816,2014,14050811518.0,0,2,2,23,33,56
KHM-008817,2014,14050811704.0,12,5,17,263,291,554
KHM-008818,2014,14060201502.0,0,2,2,42,28,70
KHM-008819,2014,14060201701.0,11,1,12,256,198,454
KHM-008820,2014,14060301705.0,5,3,8,135,133,268
KHM-008821,2014,14060403509.0,1,0,1,20,19,39
KHM-008822,2014,14060404706.0,7,2,9,118,127,245
KHM-008823,2014,14060502704.0,5,3,8,120,85,205
KHM-008824,2014,14060701902.0,18,11,29,446,384,830
KHM-008825,2014,14060801508.0,0,1,1,19,11,30
KHM-008826,2014,14060802504.0,0,1,1,14,19,33
KHM-008827,2014,14060802703.0,9,0,9,92,80,172
KHM-008828,2014,14061001507.0,0,1,1,21,11,32
KHM-008829,2014,14061002506.0,0,1,1,26,11,37
KHM-008830,2014,14061003505.0,0,1,1,18,17,35
KHM-008831,2014,14061003901.0,18,10,28,278,243,521
KHM-008832,2014,14070103705.0,7,6,13,103,113,216
KHM-008833,2014,14070201501.0,0,1,1,5,10,15
KHM-008834,2014,14070204706.0,6,3,9,59,59,118
KHM-008835,2014,14070302512.0,0,1,1,20,16,36
KHM-008836,2014,14070303704.0,3,7,10,73,61,134
KHM-008837,2014,14070401502.0,0,1,1,7,7,14
KHM-008838,2014,14070402504.0,0,2,2,33,23,56
KHM-008839,2014,14070403505.0,0,3,3,28,22,50
KHM-008840,2014,14070403701.0,5,5,10,69,104,173
KHM-008841,2014,14070405503.0,0,2,2,13,16,29
KHM-008842,2014,14070501507.0,0,4,4,55,48,103
KHM-008843,2014,14070501901.0,60,43,103,1047,901,1948
KHM-008844,2014,14070503506.0,0,1,1,19,13,32
KHM-008845,2014,14070601508.0,0,1,1,9,6,15
KHM-008846,2014,14070601707.0,6,5,11,110,98,208
KHM-008847,2014,14070602511.0,0,3,3,49,54,103
KHM-008848,2014,14070703509.0,1,2,3,47,43,90
KHM-008849,2014,14070705702.0,25,12,37,144,150,294
KHM-008850,2014,14070801510.0,0,1,1,17,16,33
KHM-008851,2014,14070804703.0,3,6,9,173,183,356
KHM-008852,2014,14080102506.0,0,3,3,66,54,120
KHM-008853,2014,14080102902.0,30,17,47,749,667,1416
KHM-008854,2014,14080201509.0,0,2,2,17,29,46
KHM-008855,2014,14080201702.0,13,7,20,236,211,447
KHM-008856,2014,14080202513.0,0,1,1,17,17,34
KHM-008857,2014,14080203505.0,0,2,2,15,25,40
KHM-008858,2014,14080207512.0,0,1,1,19,15,34
KHM-008859,2014,14080304710.0,6,3,9,72,47,119
KHM-008860,2014,14080504704.0,13,4,17,256,235,491
KHM-008861,2014,14080703514.0,0,1,1,8,12,20
KHM-008862,2014,14080706903.0,27,9,36,437,398,835
KHM-008863,2014,14080801709.0,5,5,10,116,113,229
KHM-008864,2014,14080909507.0,0,2,2,30,31,61
KHM-008865,2014,14080909706.0,13,6,19,251,262,513
KHM-008866,2014,14081003503.0,0,3,3,39,54,93
KHM-008867,2014,14081003708.0,8,7,15,199,229,428
KHM-008868,2014,14081101515.0,0,1,1,14,19,33
KHM-008869,2014,14081105504.0,0,4,4,52,62,114
KHM-008870,2014,14081105901.0,43,18,61,698,652,1350
KHM-008871,2014,14090102501.0,0,3,3,45,30,75
KHM-008872,2014,14090102903.0,19,10,29,717,635,1352
KHM-008873,2014,14090117902.0,16,15,31,690,480,1170
KHM-008874,2014,14090201526.0,0,1,1,17,19,36
KHM-008875,2014,14090209521.0,0,1,1,12,15,27
KHM-008876,2014,14090213702.0,11,2,13,201,170,371
KHM-008877,2014,14090214518.0,0,2,2,49,38,87
KHM-008878,2014,14090304708.0,7,0,7,53,53,106
KHM-008879,2014,14090402502.0,0,1,1,12,28,40
KHM-008880,2014,14090404522.0,0,1,1,12,18,30
KHM-008881,2014,14090406503.0,0,2,2,35,25,60
KHM-008882,2014,14090406707.0,4,2,6,108,103,211
KHM-008883,2014,14090501507.0,0,1,1,9,19,28
KHM-008884,2014,14090504505.0,0,1,1,28,37,65
KHM-008885,2014,14090507704.0,5,5,10,138,159,297
KHM-008886,2014,14090602509.0,1,0,1,12,16,28
KHM-008887,2014,14090605527.0,0,1,1,17,15,32
KHM-008888,2014,14090607510.0,0,3,3,30,24,54
KHM-008889,2014,14090608705.0,6,4,10,134,137,271
KHM-008890,2014,14090701901.0,39,21,60,776,751,1527
KHM-008891,2014,14090703512.0,0,2,2,21,15,36
KHM-008892,2014,14090706511.0,0,1,1,18,6,24
KHM-008893,2014,14090805514.0,0,1,1,29,21,50
KHM-008894,2014,14090805706.0,6,5,11,144,112,256
KHM-008895,2014,14090813528.0,1,0,1,16,15,31
KHM-008896,2014,14090903703.0,6,6,12,236,196,432
KHM-008897,2014,14091002520.0,0,1,1,21,13,34
KHM-008898,2014,14091007516.0,0,1,1,14,18,32
KHM-008899,2014,14091008523.0,0,1,1,16,12,28
KHM-008900,2014,14091010524.0,0,1,1,21,21,42
KHM-008901,2014,14091010710.0,5,8,13,103,130,233
KHM-008902,2014,14091103711.0,9,1,10,65,66,131
KHM-008903,2014,14091111525.0,1,0,1,9,12,21
KHM-008904,2014,14100101509.0,1,0,1,21,20,41
KHM-008905,2014,14100101710.0,8,7,15,113,88,201
KHM-008906,2014,14100107510.0,0,1,1,14,20,34
KHM-008907,2014,14100109515.0,0,1,1,15,29,44
KHM-008908,2014,14100204708.0,5,3,8,150,145,295
KHM-008909,2014,14100308701.0,13,7,20,253,227,480
KHM-008910,2014,14100312517.0,0,1,1,21,19,40
KHM-008911,2014,14100401703.0,14,4,18,209,225,434
KHM-008912,2014,14100503504.0,0,1,1,25,20,45
KHM-008913,2014,14100503707.0,3,8,11,160,156,316
KHM-008914,2014,14100505514.0,0,1,1,19,21,40
KHM-008915,2014,14100615711.0,8,0,8,99,108,207
KHM-008916,2014,14100701518.0,0,1,1,15,10,25
KHM-008917,2014,14100702506.0,0,1,1,20,18,38
KHM-008918,2014,14100703704.0,6,3,9,137,122,259
KHM-008919,2014,14100909706.0,4,8,12,170,199,369
KHM-008920,2014,14101001508.0,0,2,2,43,35,78
KHM-008921,2014,14101003901.0,42,18,60,723,721,1444
KHM-008922,2014,14101116705.0,4,4,8,123,116,239
KHM-008923,2014,14101805507.0,0,1,1,22,20,42
KHM-008924,2014,14101805709.0,4,4,8,174,158,332
KHM-008925,2014,14110401511.0,0,2,2,43,69,112
KHM-008926,2014,14110501702.0,8,2,10,104,115,219
KHM-008927,2014,14110603703.0,2,3,5,60,45,105
KHM-008928,2014,14110701506.0,0,1,1,20,9,29
KHM-008929,2014,14110704507.0,0,1,1,31,29,60
KHM-008930,2014,14110704709.0,10,3,13,94,113,207
KHM-008931,2014,14110803508.0,0,3,3,65,55,120
KHM-008932,2014,14110804706.0,7,5,12,121,114,235
KHM-008933,2014,14110901512.0,0,1,1,13,17,30
KHM-008934,2014,14110904513.0,0,2,2,30,30,60
KHM-008935,2014,14110904710.0,5,4,9,173,166,339
KHM-008936,2014,14110906514.0,0,1,1,15,13,28
KHM-008937,2014,14111003711.0,5,2,7,58,69,127
KHM-008938,2014,14120101501.0,0,1,1,28,15,43
KHM-008939,2014,14120102505.0,0,1,1,18,20,38
KHM-008940,2014,14120103704.0,5,2,7,56,40,96
KHM-008941,2014,14120201504.0,0,1,1,17,13,30
KHM-008942,2014,14120205708.0,3,0,3,75,58,133
KHM-008943,2014,14120304709.0,4,3,7,78,59,137
KHM-008944,2014,14120401506.0,0,1,1,15,10,25
KHM-008945,2014,14120401701.0,3,8,11,184,161,345
KHM-008946,2014,14120502706.0,4,0,4,111,63,174
KHM-008947,2014,14120603710.0,6,4,10,63,81,144
KHM-008948,2014,14120703507.0,0,1,1,18,17,35
KHM-008949,2014,14120704508.0,0,1,1,17,5,22
KHM-008950,2014,14120705502.0,0,1,1,23,22,45
KHM-008951,2014,14120705901.0,38,3,41,652,659,1311
KHM-008952,2014,14120801902.0,15,8,23,407,373,780
KHM-008953,2014,14120803509.0,0,1,1,16,16,32
KHM-008954,2014,14120902707.0,6,3,9,143,154,297
KHM-008955,2014,14121001503.0,0,1,1,15,15,30
KHM-008956,2014,14121003705.0,3,1,4,71,94,165
KHM-008957,2014,14121101703.0,4,4,8,102,113,215
KHM-008958,2014,14130101508.0,0,2,2,18,22,40
KHM-008959,2014,14130102501.0,0,2,2,32,20,52
KHM-008960,2014,14130102701.0,7,6,13,115,128,243
KHM-008961,2014,14130201502.0,0,6,6,28,27,55
KHM-008962,2014,14130204503.0,0,6,6,52,31,83
KHM-008963,2014,14130204702.0,6,7,13,84,96,180
KHM-008964,2014,14130301504.0,0,8,8,91,79,170
KHM-008965,2014,14130302507.0,0,2,2,12,13,25
KHM-008966,2014,14130303703.0,11,16,27,96,115,211
KHM-008967,2014,14130303901.0,41,53,94,988,883,1871
KHM-008968,2014,14130304505.0,0,5,5,15,20,35
KHM-008969,2014,14130304902.0,36,28,64,369,297,666
KHM-008970,2014,14130305506.0,0,4,4,10,21,31
KHM-008971,2014,15010102515.0,0,1,1,15,15,30
KHM-008972,2014,15010103707.0,10,5,15,112,134,246
KHM-008973,2014,15010106516.0,0,1,1,7,18,25
KHM-008974,2014,15010202505.0,0,1,1,39,46,85
KHM-008975,2014,15010202711.0,18,2,20,160,172,332
KHM-008976,2014,15010206510.0,0,1,1,10,13,23
KHM-008977,2014,15010206904.0,20,3,23,264,266,530
KHM-008978,2014,15010306513.0,0,0,0,21,14,35
KHM-008979,2014,15010308517.0,1,0,1,11,5,16
KHM-008980,2014,15010312708.0,10,3,13,139,110,249
KHM-008981,2014,15010401710.0,14,3,17,223,174,397
KHM-008982,2014,15010404518.0,0,1,1,12,18,30
KHM-008983,2014,15010407519.0,0,0,0,18,12,30
KHM-008984,2014,15010408511.0,0,2,2,52,59,111
KHM-008985,2014,15010505507.0,0,3,3,52,40,92
KHM-008986,2014,15010505902.0,27,13,40,320,424,744
KHM-008987,2014,15010507520.0,0,1,1,16,12,28
KHM-008988,2014,15010507705.0,7,6,13,128,139,267
KHM-008989,2014,15010604903.0,27,8,35,392,347,739
KHM-008990,2014,15010605503.0,0,1,1,11,14,25
KHM-008991,2014,15010607514.0,0,1,1,22,19,41
KHM-008992,2014,15010609512.0,0,1,1,12,11,23
KHM-008993,2014,15010701506.0,0,2,2,26,30,56
KHM-008994,2014,15010702706.0,7,6,13,105,125,230
KHM-008995,2014,15010713523.0,0,1,1,21,14,35
KHM-008996,2014,15010714521.0,0,1,1,13,17,30
KHM-008997,2014,15010802504.0,0,2,2,31,22,53
KHM-008998,2014,15010802709.0,8,8,16,124,127,251
KHM-008999,2014,15010809508.0,0,1,1,15,20,35
KHM-009000,2014,15010906502.0,0,2,2,21,42,63
KHM-009001,2014,15010906905.0,24,2,26,431,433,864
KHM-009002,2014,15010919524.0,0,1,1,15,10,25
KHM-009003,2014,15011005525.0,0,1,1,12,13,25
KHM-009004,2014,15011007526.0,0,0,0,14,6,20
KHM-009005,2014,15011008527.0,0,1,1,15,10,25
KHM-009006,2014,15011011501.0,0,3,3,64,68,132
KHM-009007,2014,15011012901.0,50,25,75,560,579,1139
KHM-009008,2014,15011016528.0,0,0,0,13,17,30
KHM-009009,2014,15011017509.0,0,1,1,11,21,32
KHM-009010,2014,15011017701.0,16,6,22,200,244,444
KHM-009011,2014,15020103508.0,0,1,1,14,21,35
KHM-009012,2014,15020103704.0,5,6,11,37,42,79
KHM-009013,2014,15020108509.0,0,1,1,14,8,22
KHM-009014,2014,15020302512.0,0,1,1,17,8,25
KHM-009015,2014,15020305503.0,1,2,3,34,41,75
KHM-009016,2014,15020305901.0,52,31,83,397,519,916
KHM-009017,2014,15020309516.0,0,1,1,16,16,32
KHM-009018,2014,15020313514.0,0,1,1,12,10,22
KHM-009019,2014,15020403504.0,0,2,2,29,33,62
KHM-009020,2014,15020403703.0,4,8,12,69,91,160
KHM-009021,2014,15020601513.0,0,1,1,15,15,30
KHM-009022,2014,15020615520.0,0,1,1,7,18,25
KHM-009023,2014,15020615701.0,14,5,19,117,158,275
KHM-009024,2014,15020703502.0,0,1,1,8,7,15
KHM-009025,2014,15020713507.0,0,2,2,17,11,28
KHM-009026,2014,15020713706.0,8,5,13,35,60,95
KHM-009027,2014,15020802506.0,0,2,2,21,26,47
KHM-009028,2014,15020802902.0,28,17,45,232,243,475
KHM-009029,2014,15020808511.0,0,1,1,10,11,21
KHM-009030,2014,15020810517.0,0,1,1,12,9,21
KHM-009031,2014,15020901501.0,0,5,5,78,84,162
KHM-009032,2014,15021001518.0,0,2,2,31,29,60
KHM-009033,2014,15021005519.0,0,1,1,25,16,41
KHM-009034,2014,15021005705.0,4,8,12,45,35,80
KHM-009035,2014,15021006521.0,0,1,1,12,14,26
KHM-009036,2014,15030102502.0,0,1,1,18,17,35
KHM-009037,2014,15030102710.0,11,17,28,238,214,452
KHM-009038,2014,15030107522.0,0,0,0,9,11,20
KHM-009039,2014,15030108501.0,0,4,4,44,49,93
KHM-009040,2014,15030109507.0,0,1,1,15,18,33
KHM-009041,2014,15030110514.0,0,1,1,13,9,22
KHM-009042,2014,15030111523.0,0,1,1,7,13,20
KHM-009043,2014,15030202503.0,0,2,2,33,33,66
KHM-009044,2014,15030203704.0,7,7,14,119,124,243
KHM-009045,2014,15030308506.0,0,1,1,12,18,30
KHM-009046,2014,15030311902.0,38,20,58,451,463,914
KHM-009047,2014,15030403519.0,0,1,1,17,19,36
KHM-009048,2014,15030407515.0,0,2,2,61,38,99
KHM-009049,2014,15030410903.0,16,10,26,275,312,587
KHM-009050,2014,15030504512.0,0,1,1,15,14,29
KHM-009051,2014,15030504709.0,8,5,13,62,78,140
KHM-009052,2014,15030603707.0,7,6,13,128,113,241
KHM-009053,2014,15030607513.0,0,1,1,11,14,25
KHM-009054,2014,15030701504.0,0,1,1,15,15,30
KHM-009055,2014,15030704520.0,0,1,1,12,6,18
KHM-009056,2014,15030705508.0,0,1,1,14,18,32
KHM-009057,2014,15030705901.0,32,14,46,349,396,745
KHM-009058,2014,15030706701.0,20,15,35,159,160,319
KHM-009059,2014,15030711524.0,0,1,1,10,12,22
KHM-009060,2014,15030801516.0,0,1,1,11,8,19
KHM-009061,2014,15030801525.0,0,1,1,5,10,15
KHM-009062,2014,15030804517.0,0,1,1,13,17,30
KHM-009063,2014,15030804708.0,12,4,16,94,88,182
KHM-009064,2014,15030806526.0,0,1,1,16,9,25
KHM-009065,2014,15030901509.0,0,1,1,13,7,20
KHM-009066,2014,15030901705.0,10,11,21,115,119,234
KHM-009067,2014,15030902511.0,0,1,1,12,9,21
KHM-009068,2014,15030903505.0,0,1,1,8,9,17
KHM-009069,2014,15030905518.0,0,1,1,11,7,18
KHM-009070,2014,15030910527.0,0,1,1,6,8,14
KHM-009071,2014,15031005711.0,6,2,8,56,80,136
KHM-009072,2014,15031101528.0,0,1,1,12,13,25
KHM-009073,2014,15031103529.0,0,1,1,9,24,33
KHM-009074,2014,15031104530.0,0,2,2,35,18,53
KHM-009075,2014,15031106531.0,0,1,1,12,11,23
KHM-009076,2014,15031107510.0,0,1,1,18,22,40
KHM-009077,2014,15031109521.0,0,1,1,11,19,30
KHM-009078,2014,15031112532.0,0,2,2,21,26,47
KHM-009079,2014,15031112706.0,9,6,15,130,159,289
KHM-009080,2014,15040102902.0,23,7,30,391,443,834
KHM-009081,2014,15040104508.0,0,0,0,12,13,25
KHM-009082,2014,15040201501.0,0,4,4,85,59,144
KHM-009083,2014,15040203701.0,26,13,39,359,398,757
KHM-009084,2014,15040203901.0,21,12,33,299,282,581
KHM-009085,2014,15040204504.0,0,0,0,24,26,50
KHM-009086,2014,15040206506.0,0,1,1,11,14,25
KHM-009087,2014,15040301703.0,12,7,19,110,118,228
KHM-009088,2014,15040303509.0,0,0,0,15,13,28
KHM-009089,2014,15040306707.0,14,2,16,195,168,363
KHM-009090,2014,15040403507.0,0,1,1,12,13,25
KHM-009091,2014,15040403704.0,8,3,11,81,113,194
KHM-009092,2014,15040404510.0,0,0,0,18,18,36
KHM-009093,2014,15040502502.0,0,3,3,39,32,71
KHM-009094,2014,15040601503.0,0,2,2,32,43,75
KHM-009095,2014,15040601706.0,8,3,11,120,124,244
KHM-009096,2014,15040702511.0,0,0,0,14,12,26
KHM-009097,2014,15040706505.0,0,1,1,10,10,20
KHM-009098,2014,15040706705.0,6,3,9,115,131,246
KHM-009099,2014,15040708512.0,0,0,0,7,10,17
KHM-009100,2014,15050102521.0,0,0,0,14,11,25
KHM-009101,2014,15050102705.0,6,3,9,35,50,85
KHM-009102,2014,15050105520.0,0,0,0,9,17,26
KHM-009103,2014,15050108519.0,0,0,0,11,14,25
KHM-009104,2014,15050108708.0,6,4,10,51,47,98
KHM-009105,2014,15050302515.0,0,1,1,7,7,14
KHM-009106,2014,15050302702.0,29,19,48,187,213,400
KHM-009107,2014,15050305503.0,0,1,1,10,14,24
KHM-009108,2014,15050306510.0,0,1,1,45,39,84
KHM-009109,2014,15050306704.0,9,7,16,82,82,164
KHM-009110,2014,15050308504.0,0,2,2,31,30,61
KHM-009111,2014,15050401509.0,0,6,6,118,107,225
KHM-009112,2014,15050402502.0,0,14,14,183,157,340
KHM-009113,2014,15050406701.0,50,41,91,754,711,1465
KHM-009114,2014,15050406901.0,69,36,105,801,761,1562
KHM-009115,2014,15050408514.0,0,1,1,13,12,25
KHM-009116,2014,15050408902.0,24,23,47,223,238,461
KHM-009117,2014,15050502506.0,0,2,2,18,18,36
KHM-009118,2014,15050507507.0,0,2,2,11,20,31
KHM-009119,2014,15050507709.0,11,4,15,82,77,159
KHM-009120,2014,15050602512.0,0,1,1,12,9,21
KHM-009121,2014,15050606516.0,0,1,1,11,7,18
KHM-009122,2014,15050611513.0,0,1,1,15,10,25
KHM-009123,2014,15050612518.0,0,1,1,15,13,28
KHM-009124,2014,15050613706.0,7,3,10,24,24,48
KHM-009125,2014,15050804517.0,0,2,2,29,17,46
KHM-009126,2014,15050804710.0,5,7,12,48,45,93
KHM-009127,2014,15060201501.0,0,3,3,38,43,81
KHM-009128,2014,15060201901.0,21,2,23,155,157,312
KHM-009129,2014,15060204502.0,0,1,1,13,16,29
KHM-009130,2014,15060502503.0,0,1,1,17,13,30
KHM-009131,2014,15060502702.0,6,0,6,26,26,52
KHM-009132,2014,16010105501.0,0,2,2,18,22,40
KHM-009133,2014,16010105701.0,10,1,11,57,54,111
KHM-009134,2014,16020101510.0,0,1,1,9,22,31
KHM-009135,2014,16020102506.0,0,1,1,16,15,31
KHM-009136,2014,16020104505.0,0,1,1,9,16,25
KHM-009137,2014,16020201504.0,0,2,2,20,17,37
KHM-009138,2014,16020201901.0,56,39,95,1016,882,1898
KHM-009139,2014,16020201902.0,44,23,67,455,477,932
KHM-009140,2014,16020203503.0,0,1,1,14,28,42
KHM-009141,2014,16020205501.0,0,3,3,49,63,112
KHM-009142,2014,16020205507.0,0,2,2,15,17,32
KHM-009143,2014,16020206502.0,0,1,1,21,13,34
KHM-009144,2014,16020206508.0,0,1,1,5,8,13
KHM-009145,2014,16020207703.0,5,12,17,155,111,266
KHM-009146,2014,16020207903.0,16,18,34,342,298,640
KHM-009147,2014,16020301509.0,0,1,1,7,13,20
KHM-009148,2014,16030305501.0,0,2,2,33,34,67
KHM-009149,2014,16030305701.0,10,4,14,212,154,366
KHM-009150,2014,16030305901.0,6,2,8,56,23,79
KHM-009151,2014,16040201703.0,8,1,9,37,41,78
KHM-009152,2014,16040202502.0,0,1,1,9,11,20
KHM-009153,2014,16040501702.0,8,3,11,118,106,224
KHM-009154,2014,16040502503.0,0,2,2,22,28,50
KHM-009155,2014,16040503504.0,0,1,1,9,6,15
KHM-009156,2014,16040603501.0,0,1,1,10,8,18
KHM-009157,2014,16040603701.0,7,3,10,51,47,98
KHM-009158,2014,16040603901.0,11,0,11,90,51,141
KHM-009159,2014,16050107502.0,0,1,1,11,14,25
KHM-009160,2014,16050107701.0,6,3,9,88,80,168
KHM-009161,2014,16050204503.0,0,1,1,18,19,37
KHM-009162,2014,16060501501.0,0,1,1,26,27,53
KHM-009163,2014,16060501701.0,8,6,14,189,165,354
KHM-009164,2014,16070204701.0,6,8,14,170,111,281
KHM-009165,2014,16070601702.0,10,1,11,62,45,107
KHM-009166,2014,16080101701.0,6,1,7,56,37,93
KHM-009167,2014,16080112501.0,0,1,1,15,5,20
KHM-009168,2014,16090102502.0,0,1,1,31,23,54
KHM-009169,2014,16090102701.0,7,2,9,128,67,195
KHM-009170,2014,16090801501.0,0,1,1,11,17,28
KHM-009171,2014,17010108503.0,0,2,2,26,31,57
KHM-009172,2014,17010112521.0,0,1,1,24,13,37
KHM-009173,2014,17010114501.0,0,3,3,43,35,78
KHM-009174,2014,17010114901.0,22,8,30,427,598,1025
KHM-009175,2014,17010115502.0,0,2,2,22,33,55
KHM-009176,2014,17010120526.0,0,1,1,12,9,21
KHM-009177,2014,17010202707.0,1,3,4,72,99,171
KHM-009178,2014,17010204520.0,0,1,1,8,12,20
KHM-009179,2014,17010205507.0,0,1,1,14,12,26
KHM-009180,2014,17010209529.0,0,1,1,10,14,24
KHM-009181,2014,17010303508.0,0,3,3,39,36,75
KHM-009182,2014,17010304530.0,0,1,1,8,22,30
KHM-009183,2014,17010307528.0,1,1,2,27,15,42
KHM-009184,2014,17010309527.0,0,1,1,8,10,18
KHM-009185,2014,17010312525.0,0,1,1,22,11,33
KHM-009186,2014,17010313524.0,0,1,1,11,9,20
KHM-009187,2014,17010401509.0,0,2,2,25,16,41
KHM-009188,2014,17010402706.0,1,4,5,29,45,74
KHM-009189,2014,17010502511.0,0,1,1,10,17,27
KHM-009190,2014,17010502704.0,4,2,6,89,184,273
KHM-009191,2014,17010504512.0,0,1,1,6,10,16
KHM-009192,2014,17010505513.0,0,3,3,31,26,57
KHM-009193,2014,17010508504.0,0,4,4,40,44,84
KHM-009194,2014,17010603514.0,0,1,1,6,10,16
KHM-009195,2014,17010603703.0,2,2,4,78,103,181
KHM-009196,2014,17010611523.0,0,1,1,11,8,19
KHM-009197,2014,17010702515.0,0,2,2,21,22,43
KHM-009198,2014,17010702705.0,4,4,8,131,150,281
KHM-009199,2014,17010706516.0,0,2,2,26,31,57
KHM-009200,2014,17010707505.0,0,1,1,8,8,16
KHM-009201,2014,17010708517.0,0,1,1,12,13,25
KHM-009202,2014,17010711518.0,0,1,1,5,13,18
KHM-009203,2014,17020102704.0,1,3,4,44,76,120
KHM-009204,2014,17020203503.0,0,1,1,44,40,84
KHM-009205,2014,17020205502.0,0,1,1,24,12,36
KHM-009206,2014,17020207901.0,5,6,11,304,475,779
KHM-009207,2014,17020301703.0,5,3,8,98,212,310
KHM-009208,2014,17020305501.0,0,1,1,11,17,28
KHM-009209,2014,17020402702.0,3,2,5,144,210,354
KHM-009210,2014,17030101502.0,0,3,3,53,47,100
KHM-009211,2014,17030101703.0,5,3,8,149,204,353
KHM-009212,2014,17030102509.0,0,1,1,12,21,33
KHM-009213,2014,17030103510.0,0,1,1,20,15,35
KHM-009214,2014,17030202705.0,1,4,5,70,125,195
KHM-009215,2014,17030301501.0,0,1,1,29,45,74
KHM-009216,2014,17030305901.0,11,7,18,536,735,1271
KHM-009217,2014,17030306504.0,0,1,1,11,19,30
KHM-009218,2014,17030402505.0,0,1,1,14,22,36
KHM-009219,2014,17030402702.0,1,3,4,43,73,116
KHM-009220,2014,17030501503.0,0,1,1,14,12,26
KHM-009221,2014,17030501706.0,4,1,5,129,187,316
KHM-009222,2014,17030503506.0,0,1,1,24,28,52
KHM-009223,2014,17030504507.0,0,2,2,24,28,52
KHM-009224,2014,17030505508.0,0,1,1,9,5,14
KHM-009225,2014,17030603704.0,3,3,6,83,173,256
KHM-009226,2014,17030607511.0,0,1,1,8,11,19
KHM-009227,2014,17040107507.0,0,2,2,64,70,134
KHM-009228,2014,17040107701.0,9,7,16,152,172,324
KHM-009229,2014,17040110508.0,0,2,2,54,53,107
KHM-009230,2014,17040113509.0,0,1,1,24,26,50
KHM-009231,2014,17040204510.0,0,2,2,57,74,131
KHM-009232,2014,17040204712.0,2,5,7,135,130,265
KHM-009233,2014,17040206501.0,0,2,2,37,48,85
KHM-009234,2014,17040209511.0,0,2,2,35,33,68
KHM-009235,2014,17040303512.0,0,2,2,31,45,76
KHM-009236,2014,17040305503.0,0,2,2,30,31,61
KHM-009237,2014,17040310502.0,0,5,5,162,184,346
KHM-009238,2014,17040312901.0,24,25,49,555,644,1199
KHM-009239,2014,17040401546.0,0,1,1,15,25,40
KHM-009240,2014,17040402513.0,0,1,1,13,14,27
KHM-009241,2014,17040403547.0,0,1,1,23,21,44
KHM-009242,2014,17040403704.0,5,3,8,108,178,286
KHM-009243,2014,17040406514.0,0,1,1,20,10,30
KHM-009244,2014,17040409548.0,1,0,1,8,11,19
KHM-009245,2014,17040502504.0,0,2,2,52,48,100
KHM-009246,2014,17040502706.0,4,3,7,95,113,208
KHM-009247,2014,17040507505.0,0,1,1,20,20,40
KHM-009248,2014,17040508529.0,0,1,1,10,11,21
KHM-009249,2014,17040509530.0,0,2,2,30,19,49
KHM-009250,2014,17040510705.0,2,4,6,129,95,224
KHM-009251,2014,17040514531.0,0,1,1,22,20,42
KHM-009252,2014,17040516532.0,0,1,1,13,15,28
KHM-009253,2014,17040601540.0,0,1,1,31,17,48
KHM-009254,2014,17040605516.0,0,1,1,24,28,52
KHM-009255,2014,17040606707.0,2,2,4,120,167,287
KHM-009256,2014,17040704533.0,0,1,1,16,29,45
KHM-009257,2014,17040704708.0,3,2,5,52,102,154
KHM-009258,2014,17040707541.0,0,1,1,13,15,28
KHM-009259,2014,17040802524.0,0,1,1,9,21,30
KHM-009260,2014,17040803702.0,1,6,7,98,131,229
KHM-009261,2014,17040807517.0,0,1,1,11,8,19
KHM-009262,2014,17040809518.0,0,1,1,12,13,25
KHM-009263,2014,17040901525.0,0,1,1,8,9,17
KHM-009264,2014,17040902519.0,0,1,1,8,15,23
KHM-009265,2014,17040902710.0,3,1,4,79,131,210
KHM-009266,2014,17040904526.0,0,1,1,18,22,40
KHM-009267,2014,17040906520.0,0,1,1,14,5,19
KHM-009268,2014,17040907527.0,0,1,1,6,14,20
KHM-009269,2014,17040909544.0,0,1,1,8,9,17
KHM-009270,2014,17041001535.0,0,1,1,12,10,22
KHM-009271,2014,17041005521.0,0,1,1,20,25,45
KHM-009272,2014,17041005711.0,2,3,5,79,107,186
KHM-009273,2014,17041006543.0,0,1,1,14,14,28
KHM-009274,2014,17041007534.0,0,1,1,25,24,49
KHM-009275,2014,17041101545.0,0,1,1,42,13,55
KHM-009276,2014,17041103506.0,0,1,1,17,21,38
KHM-009277,2014,17041103903.0,14,5,19,341,409,750
KHM-009278,2014,17041105536.0,0,1,1,13,9,22
KHM-009279,2014,17041106522.0,0,1,1,19,13,32
KHM-009280,2014,17041107537.0,0,1,1,10,18,28
KHM-009281,2014,17041108538.0,0,1,1,14,11,25
KHM-009282,2014,17041201523.0,0,1,1,32,35,67
KHM-009283,2014,17041201709.0,4,3,7,126,149,275
KHM-009284,2014,17041204539.0,0,0,0,6,12,18
KHM-009285,2014,17060108503.0,0,1,1,22,28,50
KHM-009286,2014,17060108703.0,2,5,7,86,85,171
KHM-009287,2014,17060204501.0,0,2,2,11,14,25
KHM-009288,2014,17060206505.0,0,3,3,33,28,61
KHM-009289,2014,17060305506.0,0,4,4,67,65,132
KHM-009290,2014,17060305901.0,38,9,47,432,478,910
KHM-009291,2014,17060307518.0,0,1,1,15,15,30
KHM-009292,2014,17060405507.0,0,1,1,25,20,45
KHM-009293,2014,17060405705.0,1,3,4,45,55,100
KHM-009294,2014,17060501516.0,1,0,1,12,15,27
KHM-009295,2014,17060604702.0,2,3,5,85,99,184
KHM-009296,2014,17060701511.0,0,1,1,23,15,38
KHM-009297,2014,17060701701.0,2,1,3,94,103,197
KHM-009298,2014,17060706513.0,0,1,1,14,13,27
KHM-009299,2014,17060801512.0,0,2,2,28,32,60
KHM-009300,2014,17060805706.0,1,2,3,33,42,75
KHM-009301,2014,17060806519.0,0,1,1,9,18,27
KHM-009302,2014,17060905504.0,0,1,1,10,11,21
KHM-009303,2014,17060905704.0,2,2,4,92,101,193
KHM-009304,2014,17060909510.0,0,1,1,14,12,26
KHM-009305,2014,17060911509.0,0,1,1,11,15,26
KHM-009306,2014,17061003517.0,0,1,1,22,31,53
KHM-009307,2014,17061007707.0,3,2,5,72,73,145
KHM-009308,2014,17070102516.0,0,3,3,56,44,100
KHM-009309,2014,17070102902.0,20,8,28,309,391,700
KHM-009310,2014,17070108545.0,0,0,0,11,17,28
KHM-009311,2014,17070111543.0,0,1,1,25,25,50
KHM-009312,2014,17070201519.0,0,0,0,23,25,48
KHM-009313,2014,17070205529.0,0,0,0,21,32,53
KHM-009314,2014,17070209527.0,0,0,0,34,50,84
KHM-009315,2014,17070210528.0,0,0,0,27,30,57
KHM-009316,2014,17070212707.0,3,11,14,194,265,459
KHM-009317,2014,17070213530.0,0,0,0,22,21,43
KHM-009318,2014,17070301538.0,0,0,0,19,10,29
KHM-009319,2014,17070307520.0,0,1,1,13,18,31
KHM-009320,2014,17070307704.0,4,3,7,82,90,172
KHM-009321,2014,17070402515.0,0,1,1,13,12,25
KHM-009322,2014,17070407540.0,0,2,2,19,25,44
KHM-009323,2014,17070501544.0,0,0,0,33,34,67
KHM-009324,2014,17070501705.0,6,11,17,258,227,485
KHM-009325,2014,17070505546.0,0,2,2,18,23,41
KHM-009326,2014,17070507518.0,0,0,0,37,35,72
KHM-009327,2014,17070511501.0,0,2,2,28,29,57
KHM-009328,2014,17070702525.0,0,0,0,29,28,57
KHM-009329,2014,17070702706.0,6,6,12,197,223,420
KHM-009330,2014,17070705547.0,0,0,0,17,16,33
KHM-009331,2014,17070708548.0,0,0,0,13,15,28
KHM-009332,2014,17070709534.0,0,1,1,11,13,24
KHM-009333,2014,17070711533.0,0,1,1,17,10,27
KHM-009334,2014,17070802526.0,0,2,2,27,23,50
KHM-009335,2014,17070803536.0,0,0,0,37,38,75
KHM-009336,2014,17070803710.0,1,3,4,71,90,161
KHM-009337,2014,17070806537.0,0,0,0,32,27,59
KHM-009338,2014,17071002502.0,0,10,10,145,128,273
KHM-009339,2014,17071002901.0,80,77,157,1390,1534,2924
KHM-009340,2014,17071006509.0,0,6,6,89,74,163
KHM-009341,2014,17071008514.0,0,5,5,61,63,124
KHM-009342,2014,17071010511.0,0,3,3,47,39,86
KHM-009343,2014,17071102522.0,0,0,0,50,44,94
KHM-009344,2014,17071102703.0,6,4,10,169,193,362
KHM-009345,2014,17071106523.0,0,3,3,32,35,67
KHM-009346,2014,17071204541.0,0,0,0,32,28,60
KHM-009347,2014,17071207709.0,4,6,10,201,266,467
KHM-009348,2014,17071303505.0,0,6,6,93,116,209
KHM-009349,2014,17071305506.0,0,3,3,33,36,69
KHM-009350,2014,17071305712.0,6,8,14,155,153,308
KHM-009351,2014,17071505531.0,0,0,0,19,9,28
KHM-009352,2014,17071506517.0,0,0,0,17,8,25
KHM-009353,2014,17071509532.0,0,0,0,12,14,26
KHM-009354,2014,17071603524.0,0,0,0,42,40,82
KHM-009355,2014,17071604542.0,0,0,0,34,19,53
KHM-009356,2014,17071604711.0,2,2,4,52,85,137
KHM-009357,2014,17090201503.0,0,2,2,30,50,80
KHM-009358,2014,17090201711.0,2,8,10,144,157,301
KHM-009359,2014,17090202901.0,33,47,80,668,866,1534
KHM-009360,2014,17090205508.0,0,2,2,27,23,50
KHM-009361,2014,17090302515.0,0,1,1,12,14,26
KHM-009362,2014,17090307710.0,1,4,5,80,134,214
KHM-009363,2014,17090401706.0,6,0,6,58,104,162
KHM-009364,2014,17090502507.0,0,2,2,28,38,66
KHM-009365,2014,17090504501.0,0,3,3,24,43,67
KHM-009366,2014,17090504703.0,7,7,14,214,169,383
KHM-009367,2014,17090505509.0,0,1,1,11,14,25
KHM-009368,2014,17090506506.0,0,3,3,52,31,83
KHM-009369,2014,17090508516.0,0,1,1,12,18,30
KHM-009370,2014,17090602505.0,0,3,3,51,42,93
KHM-009371,2014,17090602707.0,3,6,9,148,237,385
KHM-009372,2014,17090608504.0,0,5,5,74,70,144
KHM-009373,2014,17090608902.0,17,22,39,450,490,940
KHM-009374,2014,17090701514.0,0,1,1,18,12,30
KHM-009375,2014,17090704708.0,2,2,4,68,84,152
KHM-009376,2014,17090803517.0,0,1,1,13,12,25
KHM-009377,2014,17090804518.0,0,1,1,12,18,30
KHM-009378,2014,17090806502.0,0,4,4,87,58,145
KHM-009379,2014,17090806709.0,5,17,22,257,336,593
KHM-009380,2014,17090903510.0,0,2,2,23,27,50
KHM-009381,2014,17090903704.0,4,2,6,131,161,292
KHM-009382,2014,17090904513.0,0,1,1,11,9,20
KHM-009383,2014,17090905512.0,0,1,1,9,13,22
KHM-009384,2014,17090909511.0,0,1,1,32,28,60
KHM-009385,2014,17100101501.0,0,7,7,139,165,304
KHM-009386,2014,17100102701.0,21,31,52,450,457,907
KHM-009387,2014,17100103521.0,0,3,3,67,68,135
KHM-009388,2014,17100103534.0,0,0,0,68,69,137
KHM-009389,2014,17100205519.0,0,2,2,58,42,100
KHM-009390,2014,17100205707.0,8,9,17,189,183,372
KHM-009391,2014,17100209531.0,0,1,1,25,35,60
KHM-009392,2014,17100209708.0,8,9,17,205,217,422
KHM-009393,2014,17100212503.0,1,6,7,109,111,220
KHM-009394,2014,17100212901.0,102,52,154,2207,2102,4309
KHM-009395,2014,17100214504.0,0,1,1,42,43,85
KHM-009396,2014,17100302513.0,0,3,3,116,94,210
KHM-009397,2014,17100302522.0,0,1,1,16,24,40
KHM-009398,2014,17100302905.0,56,33,89,1143,1135,2278
KHM-009399,2014,17100307537.0,1,0,1,24,20,44
KHM-009400,2014,17100401505.0,0,10,10,248,198,446
KHM-009401,2014,17100401517.0,0,4,4,249,271,520
KHM-009402,2014,17100401904.0,127,100,227,2390,2472,4862
KHM-009403,2014,17100402506.0,0,5,5,103,93,196
KHM-009404,2014,17100402903.0,55,37,92,798,775,1573
KHM-009405,2014,17100502711.0,2,3,5,129,142,271
KHM-009406,2014,17100601511.0,0,1,1,8,12,20
KHM-009407,2014,17100601711.0,6,7,13,120,161,281
KHM-009408,2014,17100602518.0,0,0,0,28,32,60
KHM-009409,2014,17100602543.0,0,1,1,17,20,37
KHM-009410,2014,17100603508.0,0,1,1,10,5,15
KHM-009411,2014,17100706705.0,2,1,3,56,50,106
KHM-009412,2014,17100802539.0,0,2,2,21,39,60
KHM-009413,2014,17100901516.0,0,3,3,62,64,126
KHM-009414,2014,17100901706.0,9,6,15,225,197,422
KHM-009415,2014,17100902538.0,0,0,0,70,79,149
KHM-009416,2014,17100902712.0,2,5,7,141,128,269
KHM-009417,2014,17100904514.0,0,3,3,57,47,104
KHM-009418,2014,17100905545.0,0,1,1,21,16,37
KHM-009419,2014,17100906509.0,0,1,1,8,12,20
KHM-009420,2014,17100906515.0,0,1,1,69,81,150
KHM-009421,2014,17100907523.0,0,1,1,59,57,116
KHM-009422,2014,17100907713.0,2,7,9,214,195,409
KHM-009423,2014,17101002524.0,0,3,3,58,61,119
KHM-009424,2014,17101002902.0,42,27,69,930,1035,1965
KHM-009425,2014,17101004544.0,0,1,1,37,32,69
KHM-009426,2014,17101104526.0,0,0,0,63,74,137
KHM-009427,2014,17101104709.0,4,7,11,208,228,436
KHM-009428,2014,17101110540.0,0,1,1,68,71,139
KHM-009429,2014,17101201542.0,0,0,0,71,83,154
KHM-009430,2014,17101202527.0,0,1,1,43,34,77
KHM-009431,2014,17101203528.0,0,2,2,65,77,142
KHM-009432,2014,17101205529.0,0,0,0,47,35,82
KHM-009433,2014,17101209541.0,0,2,2,11,13,24
KHM-009434,2014,17101301535.0,0,1,1,21,20,41
KHM-009435,2014,17101305536.0,0,0,0,33,19,52
KHM-009436,2014,17101305710.0,1,2,3,78,132,210
KHM-009437,2014,17110108523.0,0,1,1,11,14,25
KHM-009438,2014,17110113508.0,0,0,0,12,8,20
KHM-009439,2014,17110114529.0,0,2,2,23,28,51
KHM-009440,2014,17110114707.0,2,3,5,147,166,313
KHM-009441,2014,17110201509.0,0,1,1,30,31,61
KHM-009442,2014,17110201901.0,41,55,96,873,1002,1875
KHM-009443,2014,17110203504.0,0,3,3,54,48,102
KHM-009444,2014,17110208501.0,0,5,5,134,123,257
KHM-009445,2014,17110302510.0,0,1,1,29,23,52
KHM-009446,2014,17110305512.0,0,2,2,32,28,60
KHM-009447,2014,17110305709.0,4,7,11,218,261,479
KHM-009448,2014,17110311506.0,0,1,1,10,20,30
KHM-009449,2014,17110315527.0,0,1,1,17,13,30
KHM-009450,2014,17110409702.0,4,1,5,66,92,158
KHM-009451,2014,17110503531.0,0,1,1,17,13,30
KHM-009452,2014,17110503706.0,2,6,8,211,299,510
KHM-009453,2014,17110511514.0,0,2,2,41,31,72
KHM-009454,2014,17110601515.0,0,1,1,19,12,31
KHM-009455,2014,17110604530.0,0,1,1,14,11,25
KHM-009456,2014,17110607505.0,0,1,1,40,37,77
KHM-009457,2014,17110607704.0,5,3,8,170,189,359
KHM-009458,2014,17110702516.0,0,1,1,15,15,30
KHM-009459,2014,17110702705.0,2,5,7,136,153,289
KHM-009460,2014,17110703526.0,0,0,0,9,11,20
KHM-009461,2014,17110705521.0,0,0,0,10,20,30
KHM-009462,2014,17110801522.0,0,1,1,14,11,25
KHM-009463,2014,17110803517.0,0,1,1,25,20,45
KHM-009464,2014,17110805518.0,0,1,1,30,30,60
KHM-009465,2014,17110805703.0,5,4,9,176,299,475
KHM-009466,2014,17110807525.0,0,1,1,9,16,25
KHM-009467,2014,17110810524.0,0,1,1,15,15,30
KHM-009468,2014,17110811519.0,0,1,1,7,18,25
KHM-009469,2014,17110903507.0,0,2,2,23,34,57
KHM-009470,2014,17110906503.0,0,2,2,27,24,51
KHM-009471,2014,17110909502.0,0,3,3,38,41,79
KHM-009472,2014,17110909902.0,16,16,32,317,509,826
KHM-009473,2014,17111006528.0,0,1,1,12,20,32
KHM-009474,2014,17111009520.0,1,0,1,7,17,24
KHM-009475,2014,17111009708.0,2,3,5,107,175,282
KHM-009476,2014,17120103501.0,0,2,2,27,28,55
KHM-009477,2014,17120106506.0,0,2,2,38,39,77
KHM-009478,2014,17120107502.0,0,2,2,27,19,46
KHM-009479,2014,17120107901.0,28,11,39,414,557,971
KHM-009480,2014,17120204511.0,0,1,1,7,13,20
KHM-009481,2014,17120206520.0,0,1,1,5,10,15
KHM-009482,2014,17120207505.0,0,1,1,18,13,31
KHM-009483,2014,17120207704.0,4,2,6,89,113,202
KHM-009484,2014,17120303517.0,0,2,2,17,13,30
KHM-009485,2014,17120303706.0,1,4,5,101,122,223
KHM-009486,2014,17120305518.0,0,1,1,5,11,16
KHM-009487,2014,17120307510.0,0,2,2,20,20,40
KHM-009488,2014,17120401503.0,0,2,2,15,10,25
KHM-009489,2014,17120402702.0,3,1,4,89,101,190
KHM-009490,2014,17120403509.0,0,1,1,6,8,14
KHM-009491,2014,17120501508.0,1,0,1,15,21,36
KHM-009492,2014,17120501703.0,6,1,7,66,76,142
KHM-009493,2014,17120503507.0,0,1,1,7,9,16
KHM-009494,2014,17120505516.0,0,1,1,6,9,15
KHM-009495,2014,17120601504.0,0,1,1,20,18,38
KHM-009496,2014,17120602513.0,0,1,1,20,18,38
KHM-009497,2014,17120603514.0,0,1,1,8,6,14
KHM-009498,2014,17120604522.0,0,1,1,6,5,11
KHM-009499,2014,17120605512.0,0,1,1,12,6,18
KHM-009500,2014,17120605705.0,2,4,6,149,160,309
KHM-009501,2014,17120608521.0,0,1,1,10,10,20
KHM-009502,2014,17120609515.0,0,1,1,10,14,24
KHM-009503,2014,17130103504.0,1,0,1,23,28,51
KHM-009504,2014,17130103703.0,3,1,4,36,73,109
KHM-009505,2014,17130104502.0,0,1,1,13,16,29
KHM-009506,2014,17130106509.0,0,1,1,10,17,27
KHM-009507,2014,17130202507.0,0,1,1,11,11,22
KHM-009508,2014,17130305506.0,0,1,1,12,18,30
KHM-009509,2014,17130308508.0,0,1,1,16,16,32
KHM-009510,2014,17130401501.0,0,3,3,41,65,106
KHM-009511,2014,17130402901.0,9,5,14,155,270,425
KHM-009512,2014,17130406505.0,0,2,2,14,34,48
KHM-009513,2014,17130501511.0,0,1,1,13,10,23
KHM-009514,2014,17130502510.0,0,1,1,13,12,25
KHM-009515,2014,17130503503.0,0,1,1,14,13,27
KHM-009516,2014,17130503702.0,1,2,3,58,81,139
KHM-009517,2014,17140101512.0,0,1,1,17,18,35
KHM-009518,2014,17140101901.0,10,3,13,136,164,300
KHM-009519,2014,17140103501.0,0,1,1,28,22,50
KHM-009520,2014,17140201513.0,0,1,1,10,15,25
KHM-009521,2014,17140203502.0,0,1,1,8,11,19
KHM-009522,2014,17140203703.0,5,0,5,97,140,237
KHM-009523,2014,17140302509.0,0,1,1,14,13,27
KHM-009524,2014,17140306503.0,0,1,1,30,35,65
KHM-009525,2014,17140306702.0,2,4,6,156,180,336
KHM-009526,2014,17140307508.0,0,1,1,19,11,30
KHM-009527,2014,17140309514.0,0,1,1,10,10,20
KHM-009528,2014,17140311507.0,0,1,1,10,12,22
KHM-009529,2014,17140402504.0,0,1,1,12,20,32
KHM-009530,2014,17140402704.0,3,2,5,84,128,212
KHM-009531,2014,17140404511.0,0,1,1,13,8,21
KHM-009532,2014,17140405510.0,0,1,1,6,15,21
KHM-009533,2014,17140502705.0,3,3,6,134,164,298
KHM-009534,2014,17140503505.0,0,1,1,12,18,30
KHM-009535,2014,17140506506.0,0,1,1,15,14,29
KHM-009536,2014,18010101702.0,11,11,22,212,234,446
KHM-009537,2014,18010102509.0,0,2,2,41,44,85
KHM-009538,2014,18010102704.0,14,7,21,174,145,319
KHM-009539,2014,18010201507.0,0,2,2,40,42,82
KHM-009540,2014,18010202501.0,0,11,11,85,109,194
KHM-009541,2014,18010203503.0,0,2,2,26,34,60
KHM-009542,2014,18010301510.0,0,1,1,11,6,17
KHM-009543,2014,18010301901.0,65,20,85,580,591,1171
KHM-009544,2014,18010302504.0,0,2,2,39,33,72
KHM-009545,2014,18010302701.0,46,30,76,477,463,940
KHM-009546,2014,18010401505.0,0,3,3,40,28,68
KHM-009547,2014,18010401902.0,54,26,80,729,734,1463
KHM-009548,2014,18010403703.0,20,12,32,239,216,455
KHM-009549,2014,18010404506.0,0,3,3,39,37,76
KHM-009550,2014,18020104501.0,0,3,3,20,15,35
KHM-009551,2014,18020105707.0,8,3,11,82,61,143
KHM-009552,2014,18020202511.0,0,1,1,30,22,52
KHM-009553,2014,18020202705.0,8,5,13,95,83,178
KHM-009554,2014,18020303515.0,0,0,0,27,26,53
KHM-009555,2014,18020303708.0,5,6,11,78,62,140
KHM-009556,2014,18020403704.0,6,0,6,58,40,98
KHM-009557,2014,18020407509.0,0,1,1,8,16,24
KHM-009558,2014,18020407510.0,0,1,1,6,4,10
KHM-009559,2014,18020408514.0,0,0,0,8,8,16
KHM-009560,2014,18020504508.0,0,2,2,17,23,40
KHM-009561,2014,18020504709.0,9,2,11,82,62,144
KHM-009562,2014,18020601502.0,0,1,1,13,23,36
KHM-009563,2014,18020601706.0,10,4,14,119,114,233
KHM-009564,2014,18020605518.0,0,0,0,17,15,32
KHM-009565,2014,18020701503.0,0,2,2,10,6,16
KHM-009566,2014,18020702504.0,0,3,3,42,48,90
KHM-009567,2014,18020702902.0,38,18,56,594,510,1104
KHM-009568,2014,18020706519.0,0,1,1,2,6,8
KHM-009569,2014,18020804903.0,38,10,48,337,301,638
KHM-009570,2014,18020902517.0,0,1,1,9,26,35
KHM-009571,2014,18020903513.0,0,0,0,11,10,21
KHM-009572,2014,18021002505.0,0,2,2,15,9,24
KHM-009573,2014,18021002710.0,7,6,13,154,91,245
KHM-009574,2014,18021005512.0,0,1,1,12,9,21
KHM-009575,2014,18021101703.0,6,6,12,150,127,277
KHM-009576,2014,18021203711.0,2,2,4,8,18,26
KHM-009577,2014,18021302712.0,6,3,9,48,56,104
KHM-009578,2014,18021303506.0,0,2,2,19,20,39
KHM-009579,2014,18021304516.0,0,1,1,12,3,15
KHM-009580,2014,18021402507.0,0,1,1,14,22,36
KHM-009581,2014,18021402901.0,53,23,76,835,743,1578
KHM-009582,2014,18030102503.0,0,1,1,10,4,14
KHM-009583,2014,18030201502.0,0,1,1,12,13,25
KHM-009584,2014,18030203901.0,24,10,34,246,264,510
KHM-009585,2014,18030304501.0,0,3,3,24,41,65
KHM-009586,2014,18030304701.0,11,6,17,137,141,278
KHM-009587,2014,18030305703.0,6,4,10,66,79,145
KHM-009588,2014,18040101502.0,1,0,1,7,10,17
KHM-009589,2014,18040101705.0,7,3,10,24,22,46
KHM-009590,2014,18040202501.0,0,0,0,11,9,20
KHM-009591,2014,18040202901.0,14,5,19,254,250,504
KHM-009592,2014,18040301501.0,0,0,0,11,9,20
KHM-009593,2014,18040301703.0,6,3,9,75,64,139
KHM-009594,2014,18040401702.0,7,3,10,75,50,125
KHM-009595,2014,18040404503.0,0,0,0,9,6,15
KHM-009596,2014,19010101501.0,0,1,1,17,5,22
KHM-009597,2014,19010101701.0,7,3,10,57,67,124
KHM-009598,2014,19010101901.0,5,1,6,63,54,117
KHM-009599,2014,19010301704.0,4,6,10,25,36,61
KHM-009600,2014,19010401502.0,0,1,1,12,6,18
KHM-009601,2014,19010402702.0,5,3,8,38,27,65
KHM-009602,2014,19020101501.0,0,1,1,6,7,13
KHM-009603,2014,19020101703.0,8,5,13,45,55,100
KHM-009604,2014,19020201502.0,0,2,2,14,13,27
KHM-009605,2014,19020201701.0,11,2,13,79,67,146
KHM-009606,2014,19020301503.0,0,0,0,2,6,8
KHM-009607,2014,19020304702.0,11,4,15,53,69,122
KHM-009608,2014,19020402706.0,5,3,8,36,48,84
KHM-009609,2014,19020502704.0,7,4,11,34,26,60
KHM-009610,2014,19020701504.0,0,1,1,18,12,30
KHM-009611,2014,19020701705.0,6,5,11,49,66,115
KHM-009612,2014,19020701901.0,11,1,12,70,73,143
KHM-009613,2014,19030201501.0,0,2,2,10,15,25
KHM-009614,2014,19030502701.0,9,3,12,51,71,122
KHM-009615,2014,19040101502.0,0,2,2,28,40,68
KHM-009616,2014,19040102501.0,0,5,5,66,87,153
KHM-009617,2014,19040103503.0,0,2,2,30,31,61
KHM-009618,2014,19040104506.0,0,2,2,20,12,32
KHM-009619,2014,19040104512.0,0,1,1,7,3,10
KHM-009620,2014,19040105510.0,0,1,1,10,8,18
KHM-009621,2014,19040105901.0,63,52,115,754,780,1534
KHM-009622,2014,19040203507.0,0,1,1,20,9,29
KHM-009623,2014,19040203902.0,42,27,69,402,371,773
KHM-009624,2014,19040301508.0,0,1,1,18,12,30
KHM-009625,2014,19040303704.0,3,4,7,34,51,85
KHM-009626,2014,19040401513.0,0,1,1,2,7,9
KHM-009627,2014,19040402504.0,0,1,1,9,7,16
KHM-009628,2014,19040402702.0,16,8,24,131,108,239
KHM-009629,2014,19040403509.0,0,1,1,9,6,15
KHM-009630,2014,19040404505.0,0,1,1,11,14,25
KHM-009631,2014,19050401703.0,5,1,6,26,39,65
KHM-009632,2014,19050702702.0,6,2,8,35,45,80
KHM-009633,2014,19050802704.0,4,0,4,52,39,91
KHM-009634,2014,19051001705.0,7,3,10,21,16,37
KHM-009635,2014,19051101501.0,0,1,1,12,13,25
KHM-009636,2014,19051101701.0,13,9,22,75,120,195
KHM-009637,2014,19051101901.0,9,2,11,69,85,154
KHM-009638,2014,20010301704.0,6,1,7,94,76,170
KHM-009639,2014,20010404703.0,9,2,11,138,115,253
KHM-009640,2014,20010504901.0,18,2,20,474,275,749
KHM-009641,2014,20010506501.0,0,1,1,40,37,77
KHM-009642,2014,20010804705.0,9,1,10,97,89,186
KHM-009643,2014,20010902708.0,5,1,6,104,97,201
KHM-009644,2014,20020104706.0,4,5,9,62,50,112
KHM-009645,2014,20020203502.0,0,1,1,11,13,24
KHM-009646,2014,20020204511.0,0,1,1,12,13,25
KHM-009647,2014,20020205514.0,0,1,1,12,12,24
KHM-009648,2014,20020206501.0,0,3,3,45,38,83
KHM-009649,2014,20020206901.0,60,27,87,865,623,1488
KHM-009650,2014,20020302505.0,0,2,2,49,65,114
KHM-009651,2014,20020302710.0,13,4,17,85,89,174
KHM-009652,2014,20020305507.0,0,1,1,10,10,20
KHM-009653,2014,20020308513.0,0,1,1,16,20,36
KHM-009654,2014,20020313506.0,0,1,1,12,10,22
KHM-009655,2014,20020314515.0,0,1,1,10,20,30
KHM-009656,2014,20020401509.0,0,1,1,16,14,30
KHM-009657,2014,20020402508.0,0,1,1,21,20,41
KHM-009658,2014,20020404902.0,20,8,28,292,232,524
KHM-009659,2014,20020503702.0,13,0,13,72,88,160
KHM-009660,2014,20020604704.0,8,7,15,91,87,178
KHM-009661,2014,20020702703.0,10,1,11,157,111,268
KHM-009662,2014,20020801503.0,0,0,0,21,15,36
KHM-009663,2014,20020803711.0,5,3,8,53,49,102
KHM-009664,2014,20020910705.0,13,5,18,256,221,477
KHM-009665,2014,20021101512.0,1,0,1,39,36,75
KHM-009666,2014,20021101708.0,10,5,15,126,132,258
KHM-009667,2014,20021203709.0,8,1,9,159,124,283
KHM-009668,2014,20030105705.0,14,6,20,173,162,335
KHM-009669,2014,20030202708.0,6,1,7,109,87,196
KHM-009670,2014,20030307703.0,8,2,10,79,75,154
KHM-009671,2014,20030402901.0,67,13,80,625,470,1095
KHM-009672,2014,20030403503.0,0,2,2,21,19,40
KHM-009673,2014,20030502505.0,0,1,1,19,38,57
KHM-009674,2014,20030502706.0,10,4,14,102,64,166
KHM-009675,2014,20030602902.0,25,9,34,467,429,896
KHM-009676,2014,20030606502.0,1,0,1,12,10,22
KHM-009677,2014,20030703504.0,0,1,1,16,8,24
KHM-009678,2014,20030708506.0,0,0,0,12,12,24
KHM-009679,2014,20030708709.0,7,2,9,98,73,171
KHM-009680,2014,20030807903.0,38,19,57,348,289,637
KHM-009681,2014,20030902707.0,9,5,14,113,104,217
KHM-009682,2014,20030906508.0,0,1,1,14,15,29
KHM-009683,2014,20031009507.0,0,0,0,11,11,22
KHM-009684,2014,20031009710.0,8,4,12,70,54,124
KHM-009685,2014,20040107514.0,0,1,1,14,8,22
KHM-009686,2014,20040107903.0,18,8,26,279,297,576
KHM-009687,2014,20040207708.0,12,6,18,151,141,292
KHM-009688,2014,20040208508.0,0,1,1,21,24,45
KHM-009689,2014,20040302509.0,0,1,1,23,24,47
KHM-009690,2014,20040304507.0,0,1,1,18,29,47
KHM-009691,2014,20040304705.0,13,1,14,117,130,247
KHM-009692,2014,20040405506.0,0,1,1,17,13,30
KHM-009693,2014,20040409710.0,7,3,10,90,71,161
KHM-009694,2014,20040508512.0,0,2,2,20,31,51
KHM-009695,2014,20040513703.0,12,4,16,169,184,353
KHM-009696,2014,20040609902.0,34,7,41,566,447,1013
KHM-009697,2014,20040703709.0,12,2,14,142,166,308
KHM-009698,2014,20040721502.0,0,1,1,35,17,52
KHM-009699,2014,20040801515.0,0,1,1,15,17,32
KHM-009700,2014,20040806516.0,0,1,1,18,21,39
KHM-009701,2014,20040809501.0,0,3,3,50,50,100
KHM-009702,2014,20040809901.0,70,21,91,901,824,1725
KHM-009703,2014,20040905713.0,8,0,8,84,62,146
KHM-009704,2014,20041001702.0,8,3,11,92,82,174
KHM-009705,2014,20041003505.0,0,1,1,6,14,20
KHM-009706,2014,20041103517.0,0,1,1,22,32,54
KHM-009707,2014,20041103706.0,14,4,18,123,93,216
KHM-009708,2014,20041204503.0,0,1,1,26,19,45
KHM-009709,2014,20041204711.0,10,1,11,149,154,303
KHM-009710,2014,20041305714.0,8,2,10,99,76,175
KHM-009711,2014,20041412715.0,5,1,6,93,103,196
KHM-009712,2014,20041504510.0,0,1,1,10,25,35
KHM-009713,2014,20041506707.0,9,5,14,98,101,199
KHM-009714,2014,20041517513.0,0,1,1,27,25,52
KHM-009715,2014,20041602712.0,10,1,11,84,108,192
KHM-009716,2014,20050106710.0,4,3,7,76,62,138
KHM-009717,2014,20050110528.0,0,1,1,22,24,46
KHM-009718,2014,20050201525.0,0,1,1,34,34,68
KHM-009719,2014,20050201709.0,15,9,24,144,160,304
KHM-009720,2014,20050301509.0,0,1,1,28,17,45
KHM-009721,2014,20050301711.0,7,4,11,110,96,206
KHM-009722,2014,20050302510.0,0,2,2,35,17,52
KHM-009723,2014,20050305508.0,0,3,3,37,34,71
KHM-009724,2014,20050401524.0,0,1,1,38,36,74
KHM-009725,2014,20050403535.0,0,1,1,18,18,36
KHM-009726,2014,20050404521.0,0,1,1,34,24,58
KHM-009727,2014,20050404704.0,16,12,28,216,201,417
KHM-009728,2014,20050406536.0,0,0,0,12,13,25
KHM-009729,2014,20050503506.0,0,0,0,17,15,32
KHM-009730,2014,20050504507.0,0,2,2,20,15,35
KHM-009731,2014,20050507514.0,0,1,1,16,15,31
KHM-009732,2014,20050707512.0,0,2,2,61,32,93
KHM-009733,2014,20050707713.0,8,6,14,133,139,272
KHM-009734,2014,20050709518.0,0,2,2,26,28,54
KHM-009735,2014,20050711523.0,0,1,1,11,14,25
KHM-009736,2014,20050806519.0,0,1,1,9,15,24
KHM-009737,2014,20050807501.0,0,1,1,21,19,40
KHM-009738,2014,20050807904.0,26,8,34,517,475,992
KHM-009739,2014,20050809534.0,0,1,1,15,12,27
KHM-009740,2014,20050810537.0,0,1,1,8,18,26
KHM-009741,2014,20050905520.0,0,2,2,14,16,30
KHM-009742,2014,20050906714.0,8,2,10,193,170,363
KHM-009743,2014,20050911529.0,0,1,1,16,11,27
KHM-009744,2014,20051002903.0,38,15,53,502,425,927
KHM-009745,2014,20051004513.0,0,1,1,24,27,51
KHM-009746,2014,20051110905.0,27,11,38,469,463,932
KHM-009747,2014,20051203522.0,0,1,1,7,10,17
KHM-009748,2014,20051203706.0,11,9,20,105,75,180
KHM-009749,2014,20051204527.0,0,1,1,9,5,14
KHM-009750,2014,20051210503.0,0,1,1,9,21,30
KHM-009751,2014,20051309530.0,0,1,1,27,24,51
KHM-009752,2014,20051309707.0,5,4,9,135,138,273
KHM-009753,2014,20051404515.0,0,3,3,37,38,75
KHM-009754,2014,20051406901.0,59,31,90,922,666,1588
KHM-009755,2014,20051501511.0,0,1,1,10,15,25
KHM-009756,2014,20051501708.0,14,2,16,194,191,385
KHM-009757,2014,20051504531.0,0,1,1,11,24,35
KHM-009758,2014,20051505538.0,0,1,1,13,12,25
KHM-009759,2014,20051611539.0,0,1,1,10,11,21
KHM-009760,2014,20051611712.0,5,4,9,132,130,262
KHM-009761,2014,20051615533.0,0,0,0,20,19,39
KHM-009762,2014,20051704502.0,0,1,1,35,28,63
KHM-009763,2014,20051704715.0,5,3,8,57,52,109
KHM-009764,2014,20051706540.0,0,1,1,14,22,36
KHM-009765,2014,20060103505.0,0,12,12,101,113,214
KHM-009766,2014,20060104501.0,0,2,2,12,18,30
KHM-009767,2014,20060105901.0,87,41,128,1429,1412,2841
KHM-009768,2014,20060107502.0,0,2,2,13,19,32
KHM-009769,2014,20060203503.0,0,6,6,44,60,104
KHM-009770,2014,20060301513.0,0,2,2,13,21,34
KHM-009771,2014,20060404504.0,0,2,2,19,27,46
KHM-009772,2014,20060501506.0,0,2,2,25,30,55
KHM-009773,2014,20060502507.0,0,3,3,22,24,46
KHM-009774,2014,20060505508.0,0,2,2,26,9,35
KHM-009775,2014,20060506509.0,0,1,1,10,15,25
KHM-009776,2014,20060507514.0,0,1,1,21,27,48
KHM-009777,2014,20060605701.0,5,3,8,36,33,69
KHM-009778,2014,20060702902.0,38,18,56,356,276,632
KHM-009779,2014,20060704511.0,0,2,2,23,23,46
KHM-009780,2014,20060706512.0,0,2,2,30,48,78
KHM-009781,2014,20070201703.0,11,3,14,206,129,335
KHM-009782,2014,20070301901.0,60,20,80,757,628,1385
KHM-009783,2014,20070303511.0,0,2,2,48,46,94
KHM-009784,2014,20070306516.0,0,1,1,26,34,60
KHM-009785,2014,20070308520.0,0,2,2,21,17,38
KHM-009786,2014,20070505517.0,0,1,1,12,12,24
KHM-009787,2014,20070701518.0,0,1,1,17,20,37
KHM-009788,2014,20070701704.0,9,3,12,126,129,255
KHM-009789,2014,20070702508.0,0,1,1,18,17,35
KHM-009790,2014,20070705509.0,0,1,1,12,16,28
KHM-009791,2014,20070709519.0,0,1,1,20,23,43
KHM-009792,2014,20070804504.0,0,1,1,33,27,60
KHM-009793,2014,20070804702.0,19,7,26,94,73,167
KHM-009794,2014,20070808512.0,0,1,1,11,14,25
KHM-009795,2014,20070901514.0,0,2,2,38,32,70
KHM-009796,2014,20070901705.0,13,3,16,100,102,202
KHM-009797,2014,20070902507.0,0,2,2,38,35,73
KHM-009798,2014,20070908513.0,0,2,2,23,17,40
KHM-009799,2014,20071103505.0,0,2,2,16,17,33
KHM-009800,2014,20071103903.0,21,13,34,324,240,564
KHM-009801,2014,20071105506.0,0,1,1,25,18,43
KHM-009802,2014,20080103701.0,7,1,8,39,21,60
KHM-009803,2014,20080201501.0,0,1,1,24,27,51
KHM-009804,2014,20080203502.0,0,1,1,41,39,80
KHM-009805,2014,20080203902.0,28,4,32,430,370,800
KHM-009806,2014,20080510901.0,45,7,52,901,578,1479
KHM-009807,2014,21010101501.0,0,2,2,28,42,70
KHM-009808,2014,21010105507.0,0,1,1,17,18,35
KHM-009809,2014,21010106901.0,32,7,39,722,587,1309
KHM-009810,2014,21010204703.0,9,4,13,213,200,413
KHM-009811,2014,21010206503.0,2,0,2,24,38,62
KHM-009812,2014,21010301705.0,7,0,7,77,51,128
KHM-009813,2014,21010405504.0,0,1,1,17,26,43
KHM-009814,2014,21010405902.0,37,8,45,659,532,1191
KHM-009815,2014,21010502506.0,0,1,1,14,34,48
KHM-009816,2014,21010502706.0,5,2,7,156,144,300
KHM-009817,2014,21010603505.0,1,1,2,27,33,60
KHM-009818,2014,21010603704.0,4,0,4,228,204,432
KHM-009819,2014,21020101515.0,0,2,2,28,32,60
KHM-009820,2014,21020104901.0,65,27,92,1390,1114,2504
KHM-009821,2014,21020108502.0,0,2,2,30,41,71
KHM-009822,2014,21020203711.0,9,3,12,137,104,241
KHM-009823,2014,8010707515.0,0,0,0,0,0,0
KHM-009824,2014,8020604514.0,0,0,0,0,0,0
KHM-009825,2014,8021103705.0,0,0,0,0,0,0
KHM-009826,2014,8030103701.0,0,0,0,0,0,0
KHM-009827,2014,8030301030.0,0,0,0,0,0,0
KHM-009828,2014,8080709714.0,0,0,0,0,0,0
KHM-009829,2014,8100901707.0,0,0,0,0,0,0
KHM-009830,2014,9020301009.0,0,0,0,0,0,0
KHM-009831,2014,9020302005.0,0,0,0,0,0,0
KHM-009832,2014,9020303502.0,0,0,0,0,0,0
KHM-009833,2014,9030404703.0,0,0,0,0,0,0
KHM-009834,2014,9050301005.0,0,0,0,0,0,0
KHM-009835,2014,9070301009.0,0,0,0,0,0,0
KHM-009836,2014,9070303004.0,0,0,0,0,0,0
KHM-009837,2014,9070401503.0,0,0,0,0,0,0
KHM-009838,2014,9070601002.0,0,0,0,0,0,0
KHM-009839,2014,10050405051.0,0,0,0,0,0,0
KHM-009840,2014,12030601504.0,0,0,0,0,0,0
KHM-009841,2014,12030805012.0,0,0,0,0,0,0
KHM-009842,2014,12040302011.0,0,0,0,0,0,0
KHM-009843,2014,12040302503.0,0,0,0,0,0,0
KHM-009844,2014,12040303012.0,0,0,0,0,0,0
KHM-009845,2014,12040303532.0,0,0,0,0,0,0
KHM-009846,2014,12040303704.0,0,0,0,0,0,0
KHM-009847,2014,12040304013.0,0,0,0,0,0,0
KHM-009848,2014,12040304513.0,0,0,0,0,0,0
KHM-009849,2014,12040402007.0,0,0,0,0,0,0
KHM-009850,2014,12040402504.0,0,0,0,0,0,0
KHM-009851,2014,12040501008.0,0,0,0,0,0,0
KHM-009852,2014,12040502505.0,0,0,0,0,0,0
KHM-009853,2014,12040701701.0,0,0,0,0,0,0
KHM-009854,2014,12040801009.0,0,0,0,0,0,0
KHM-009855,2014,12040801517.0,0,0,0,0,0,0
KHM-009856,2014,12040802901.0,0,0,0,0,0,0
KHM-009857,2014,12040803010.0,0,0,0,0,0,0
KHM-009858,2014,12040803507.0,0,0,0,0,0,0
KHM-009859,2014,12040901018.0,0,0,0,0,0,0
KHM-009860,2014,12040901019.0,0,0,0,0,0,0
KHM-009861,2014,12040901519.0,0,0,0,0,0,0
KHM-009862,2014,12040901520.0,0,0,0,0,0,0
KHM-009863,2014,12040902017.0,0,0,0,0,0,0
KHM-009864,2014,12040902518.0,0,0,0,0,0,0
KHM-009865,2014,12040903020.0,0,0,0,0,0,0
KHM-009866,2014,12040903021.0,0,0,0,0,0,0
KHM-009867,2014,12040903521.0,0,0,0,0,0,0
KHM-009868,2014,12040903522.0,0,0,0,0,0,0
KHM-009869,2014,12040903705.0,0,0,0,0,0,0
KHM-009870,2014,12041001023.0,0,0,0,0,0,0
KHM-009871,2014,12041001531.0,0,0,0,0,0,0
KHM-009872,2014,12041002525.0,0,0,0,0,0,0
KHM-009873,2014,12041004902.0,0,0,0,0,0,0
KHM-009874,2014,12041005022.0,0,0,0,0,0,0
KHM-009875,2014,12041005523.0,0,0,0,0,0,0
KHM-009876,2014,12041006024.0,0,0,0,0,0,0
KHM-009877,2014,12041006524.0,0,0,0,0,0,0
KHM-009878,2014,12041101025.0,0,0,0,0,0,0
KHM-009879,2014,12041101526.0,0,0,0,0,0,0
KHM-009880,2014,12041102026.0,0,0,0,0,0,0
KHM-009881,2014,12041102527.0,0,0,0,0,0,0
KHM-009882,2014,12041102903.0,0,0,0,0,0,0
KHM-009883,2014,12041103027.0,0,0,0,0,0,0
KHM-009884,2014,12041103528.0,0,0,0,0,0,0
KHM-009885,2014,12041103707.0,0,0,0,0,0,0
KHM-009886,2014,12041201028.0,0,0,0,0,0,0
KHM-009887,2014,12041201529.0,0,0,0,0,0,0
KHM-009888,2014,12041201708.0,0,0,0,0,0,0
KHM-009889,2014,12041203029.0,0,0,0,0,0,0
KHM-009890,2014,12041203530.0,0,0,0,0,0,0
KHM-009891,2014,12060802014.0,0,0,0,0,0,0
KHM-009892,2014,12060802530.0,0,0,0,0,0,0
KHM-009893,2014,12060802905.0,0,0,0,0,0,0
KHM-009894,2014,12060803015.0,0,0,0,0,0,0
KHM-009895,2014,12060803504.0,0,0,0,0,0,0
KHM-009896,2014,12060803708.0,0,0,0,0,0,0
KHM-009897,2014,12060804016.0,0,0,0,0,0,0
KHM-009898,2014,12060901019.0,0,0,0,0,0,0
KHM-009899,2014,12060901529.0,0,0,0,0,0,0
KHM-009900,2014,12060902017.0,0,0,0,0,0,0
KHM-009901,2014,12060902523.0,0,0,0,0,0,0
KHM-009902,2014,12060903018.0,0,0,0,0,0,0
KHM-009903,2014,12060903706.0,0,0,0,0,0,0
KHM-009904,2014,12061001026.0,0,0,0,0,0,0
KHM-009905,2014,12061001501.0,0,0,0,0,0,0
KHM-009906,2014,12061002004.0,0,0,0,0,0,0
KHM-009907,2014,12061002515.0,0,0,0,0,0,0
KHM-009908,2014,12061003902.0,0,0,0,0,0,0
KHM-009909,2014,12061004005.0,0,0,0,0,0,0
KHM-009910,2014,12061005006.0,0,0,0,0,0,0
KHM-009911,2014,12061005532.0,0,0,0,0,0,0
KHM-009912,2014,12061302028.0,0,0,0,0,0,0
KHM-009913,2014,12061302524.0,0,0,0,0,0,0
KHM-009914,2014,12061303027.0,0,0,0,0,0,0
KHM-009915,2014,12061303709.0,0,0,0,0,0,0
KHM-009916,2014,12061401029.0,0,0,0,0,0,0
KHM-009917,2014,12061401525.0,0,0,0,0,0,0
KHM-009918,2014,12061402032.0,0,0,0,0,0,0
KHM-009919,2014,12061402528.0,0,0,0,0,0,0
KHM-009920,2014,12061402907.0,0,0,0,0,0,0
KHM-009921,2014,12061403030.0,0,0,0,0,0,0
KHM-009922,2014,12061403526.0,0,0,0,0,0,0
KHM-009923,2014,12061404031.0,0,0,0,0,0,0
KHM-009924,2014,12061404527.0,0,0,0,0,0,0
KHM-009925,2014,12061405033.0,0,0,0,0,0,0
KHM-009926,2014,12070711002.0,0,0,0,0,0,0
KHM-009927,2014,12080402010.0,0,0,0,0,0,0
KHM-009928,2014,12080402506.0,0,0,0,0,0,0
KHM-009929,2014,12080404011.0,0,0,0,0,0,0
KHM-009930,2014,12080404507.0,0,0,0,0,0,0
KHM-009931,2014,12080404702.0,0,0,0,0,0,0
KHM-009932,2014,12080501013.0,0,0,0,0,0,0
KHM-009933,2014,12080504012.0,0,0,0,0,0,0
KHM-009934,2014,12080504508.0,0,0,0,0,0,0
KHM-009935,2014,12080504703.0,0,0,0,0,0,0
KHM-009936,2014,12080601014.0,0,0,0,0,0,0
KHM-009937,2014,12080601509.0,0,0,0,0,0,0
KHM-009938,2014,12080602015.0,0,0,0,0,0,0
KHM-009939,2014,12080602515.0,0,0,0,0,0,0
KHM-009940,2014,12080603016.0,0,0,0,0,0,0
KHM-009941,2014,12080603904.0,0,0,0,0,0,0
KHM-009942,2014,12080604017.0,0,0,0,0,0,0
KHM-009943,2014,12090301012.0,0,0,0,0,0,0
KHM-009944,2014,12090301506.0,0,0,0,0,0,0
KHM-009945,2014,12090311013.0,0,0,0,0,0,0
KHM-009946,2014,12090314904.0,0,0,0,0,0,0
KHM-009947,2014,12091104015.0,0,0,0,0,0,0
KHM-009948,2014,12091104523.0,0,0,0,0,0,0
KHM-009949,2014,12092304058.0,0,0,0,0,0,0
KHM-009950,2014,12092308057.0,0,0,0,0,0,0
KHM-009951,2014,12092308905.0,0,0,0,0,0,0
KHM-009952,2014,12092315059.0,0,0,0,0,0,0
KHM-009953,2014,13010401703.0,0,0,0,0,0,0
KHM-009954,2014,13030601513.0,0,0,0,0,0,0
KHM-009955,2014,13030602703.0,0,0,0,0,0,0
KHM-009956,2014,13040305505.0,0,0,0,0,0,0
KHM-009957,2014,13050405049.0,0,0,0,0,0,0
KHM-009958,2014,13070502901.0,0,0,0,0,0,0
KHM-009959,2014,13080101502.0,0,0,0,0,0,0
KHM-009960,2014,13080104503.0,0,0,0,0,0,0
KHM-009961,2014,13080206504.0,0,0,0,0,0,0
KHM-009962,2014,14040608035.0,0,0,0,0,0,0
KHM-009963,2014,14100601702.0,0,0,0,0,0,0
KHM-009964,2014,14110401705.0,0,0,0,0,0,0
KHM-009965,2014,14111003515.0,0,0,0,0,0,0
KHM-009966,2014,15010712522.0,0,0,0,0,0,0
KHM-009967,2014,15050303501.0,0,0,0,0,0,0
KHM-009968,2014,15050407014.0,0,0,0,0,0,0
KHM-009969,2014,15050608511.0,0,0,0,0,0,0
KHM-009970,2014,16030206003.0,0,0,0,0,0,0
KHM-009971,2014,17010303702.0,0,0,0,0,0,0
KHM-009972,2014,17010602522.0,0,0,0,0,0,0
KHM-009973,2014,17040513542.0,0,0,0,0,0,0
KHM-009974,2014,17041207540.0,0,0,0,0,0,0
KHM-009975,2014,17060709510.0,0,0,0,0,0,0
KHM-009976,2014,17060713514.0,0,0,0,0,0,0
KHM-009977,2014,17060903515.0,0,0,0,0,0,0
KHM-009978,2014,17070505535.0,0,0,0,0,0,0
KHM-009979,2014,17071507702.0,0,0,0,0,0,0
KHM-009980,2014,17090307043.0,0,0,0,0,0,0
KHM-009981,2014,17100209533.0,0,0,0,0,0,0
KHM-009982,2014,17100608510.0,0,0,0,0,0,0
KHM-009983,2014,17100701027.0,0,0,0,0,0,0
KHM-009984,2014,17110114508.0,0,0,0,0,0,0
KHM-009985,2014,17120302519.0,0,0,0,0,0,0
KHM-009986,2014,17140301002.0,0,0,0,0,0,0
KHM-009987,2014,18010103502.0,0,0,0,0,0,0
KHM-009988,2014,18010405508.0,0,0,0,0,0,0
KHM-009989,2014,18040303012.0,0,0,0,0,0,0
KHM-009990,2014,19010702015.0,0,0,0,0,0,0
KHM-009991,2014,19030201003.0,0,0,0,0,0,0
KHM-009992,2014,20011003709.0,0,0,0,0,0,0
KHM-009993,2014,20020205516.0,0,0,0,0,0,0
KHM-009994,2014,20020707024.0,0,0,0,0,0,0
KHM-009995,2014,20020708025.0,0,0,0,0,0,0
KHM-009996,2014,20050906532.0,0,0,0,0,0,0
KHM-009997,2014,20070505902.0,0,0,0,0,0,0
KHM-009998,2014,20080401703.0,0,0,0,0,0,0
KHM-009999,2014,20080405009.0,0,0,0,0,0,0
KHM-010000,2014,20080503010.0,0,0,0,0,0,0
KHM-010001,2014,21020203503.0,0,0,0,0,0,0
KHM-010002,2014,21020302006.0,6,4,10,242,250,492
KHM-010003,2014,21020303007.0,3,4,7,135,133,268
KHM-010004,2014,21020304008.0,7,5,12,172,195,367
KHM-010005,2014,21020401009.0,5,1,6,109,101,210
KHM-010006,2014,21020403010.0,4,4,8,376,343,719
KHM-010007,2014,21020406011.0,2,3,5,266,243,509
KHM-010008,2014,21020503012.0,0,7,7,229,217,446
KHM-010009,2014,21020510013.0,5,2,7,218,183,401
KHM-010010,2014,21020608014.0,1,4,5,237,214,451
KHM-010011,2014,21020614015.0,6,0,6,161,149,310
KHM-010012,2014,21020617016.0,4,3,7,296,298,594
KHM-010013,2014,21020703017.0,4,3,7,142,139,281
KHM-010014,2014,21020705018.0,3,0,3,115,117,232
KHM-010015,2014,21020708019.0,5,6,11,291,319,610
KHM-010016,2014,21020803020.0,5,1,6,229,202,431
KHM-010017,2014,21020809021.0,4,3,7,235,207,442
KHM-010018,2014,21020903022.0,3,5,8,169,166,335
KHM-010019,2014,21020906023.0,7,5,12,209,167,376
KHM-010020,2014,21020908024.0,4,5,9,125,137,262
KHM-010021,2014,21021001025.0,3,4,7,190,214,404
KHM-010022,2014,21021004049.0,5,1,6,277,187,464
KHM-010023,2014,21021005026.0,5,1,6,257,258,515
KHM-010024,2014,21021008027.0,3,4,7,211,206,417
KHM-010025,2014,21021101028.0,3,0,3,80,75,155
KHM-010026,2014,21021102029.0,10,1,11,321,284,605
KHM-010027,2014,21021105030.0,6,1,7,192,174,366
KHM-010028,2014,21021107050.0,2,1,3,98,93,191
KHM-010029,2014,21021108031.0,4,0,4,195,172,367
KHM-010030,2014,21021209032.0,6,1,7,303,259,562
KHM-010031,2014,21021303033.0,7,2,9,162,145,307
KHM-010032,2014,21021304034.0,4,1,5,137,117,254
KHM-010033,2014,21021305046.0,3,2,5,85,76,161
KHM-010034,2014,21021307035.0,4,3,7,97,85,182
KHM-010035,2014,21021405036.0,2,4,6,177,164,341
KHM-010036,2014,21021406037.0,3,7,10,125,132,257
KHM-010037,2014,21021407038.0,0,7,7,224,216,440
KHM-010038,2014,21021412048.0,0,5,5,89,89,178
KHM-010039,2014,21021415039.0,4,4,8,138,129,267
KHM-010040,2014,21021501040.0,3,5,8,211,193,404
KHM-010041,2014,21021502045.0,5,0,5,100,87,187
KHM-010042,2014,21021509041.0,7,8,15,420,419,839
KHM-010043,2014,21021510042.0,4,5,9,131,112,243
KHM-010044,2014,21021511043.0,8,6,14,322,296,618
KHM-010045,2014,21021513044.0,3,3,6,276,221,497
KHM-010046,2014,21030101001.0,5,1,6,190,201,391
KHM-010047,2014,21030102002.0,4,0,4,108,74,182
KHM-010048,2014,21030104003.0,4,0,4,69,56,125
KHM-010049,2014,21030106004.0,4,0,4,63,54,117
KHM-010050,2014,21030201005.0,3,0,3,28,36,64
KHM-010051,2014,21030202006.0,3,0,3,81,56,137
KHM-010052,2014,21030204007.0,3,0,3,58,55,113
KHM-010053,2014,21030206008.0,5,0,5,109,116,225
KHM-010054,2014,21030207019.0,3,0,3,43,32,75
KHM-010055,2014,21030402011.0,5,0,5,102,117,219
KHM-010056,2014,21030403012.0,3,0,3,100,125,225
KHM-010057,2014,21030404013.0,3,0,3,116,89,205
KHM-010058,2014,21030405014.0,4,0,4,59,35,94
KHM-010059,2014,21030501015.0,5,1,6,86,82,168
KHM-010060,2014,21030502018.0,4,3,7,303,215,518
KHM-010061,2014,21030505016.0,6,5,11,340,289,629
KHM-010062,2014,21030506017.0,3,1,4,80,78,158
KHM-010063,2014,21040101053.0,2,0,2,96,78,174
KHM-010064,2014,21040102001.0,3,2,5,76,89,165
KHM-010065,2014,21040104049.0,3,2,5,112,121,233
KHM-010066,2014,21040105002.0,1,3,4,51,58,109
KHM-010067,2014,21040107003.0,4,1,5,180,141,321
KHM-010068,2014,21040108004.0,4,0,4,85,86,171
KHM-010069,2014,21040202005.0,22,15,37,645,590,1235
KHM-010070,2014,21040203006.0,4,9,13,264,194,458
KHM-010071,2014,21040204007.0,3,2,5,98,83,181
KHM-010072,2014,21040205008.0,2,3,5,66,74,140
KHM-010073,2014,21040206009.0,4,5,9,238,196,434
KHM-010074,2014,21040301010.0,3,0,3,78,72,150
KHM-010075,2014,21040304011.0,5,0,5,72,88,160
KHM-010076,2014,21040305012.0,2,0,2,59,40,99
KHM-010077,2014,21040403013.0,2,3,5,101,85,186
KHM-010078,2014,21040405014.0,2,1,3,49,28,77
KHM-010079,2014,21040406015.0,3,1,4,74,69,143
KHM-010080,2014,21040408016.0,2,2,4,71,71,142
KHM-010081,2014,21040411017.0,4,0,4,101,97,198
KHM-010082,2014,21040413018.0,3,0,3,61,51,112
KHM-010083,2014,21040501019.0,8,3,11,250,221,471
KHM-010084,2014,21040502020.0,2,2,4,96,83,179
KHM-010085,2014,21040503054.0,2,2,4,79,70,149
KHM-010086,2014,21040602021.0,4,3,7,79,58,137
KHM-010087,2014,21040604022.0,2,0,2,70,75,145
KHM-010088,2014,21040606023.0,3,5,8,185,143,328
KHM-010089,2014,21040609024.0,4,0,4,110,95,205
KHM-010090,2014,21040612025.0,7,2,9,224,191,415
KHM-010091,2014,21040613026.0,3,1,4,157,151,308
KHM-010092,2014,21040701027.0,6,6,12,469,401,870
KHM-010093,2014,21040704052.0,4,1,5,175,205,380
KHM-010094,2014,21040803028.0,11,5,16,155,172,327
KHM-010095,2014,21040806029.0,1,3,4,67,61,128
KHM-010096,2014,21040807050.0,5,0,5,32,39,71
KHM-010097,2014,21040809030.0,5,3,8,278,190,468
KHM-010098,2014,21040901031.0,7,0,7,112,97,209
KHM-010099,2014,21040902032.0,6,4,10,136,120,256
KHM-010100,2014,21040904033.0,5,1,6,85,52,137
KHM-010101,2014,21040905034.0,6,1,7,105,100,205
KHM-010102,2014,21040910035.0,4,2,6,65,87,152
KHM-010103,2014,21040911056.0,3,3,6,53,49,102
KHM-010104,2014,21041003037.0,5,3,8,148,119,267
KHM-010105,2014,21041004036.0,4,3,7,76,77,153
KHM-010106,2014,21041007038.0,4,1,5,97,105,202
KHM-010107,2014,21041101039.0,2,1,3,98,104,202
KHM-010108,2014,21041102040.0,1,0,1,15,13,28
KHM-010109,2014,21041105041.0,5,0,5,202,171,373
KHM-010110,2014,21041107042.0,4,1,5,220,171,391
KHM-010111,2014,21041111043.0,4,1,5,85,72,157
KHM-010112,2014,21041112055.0,1,1,2,88,67,155
KHM-010113,2014,21041203044.0,3,6,9,174,132,306
KHM-010114,2014,21041204045.0,2,4,6,62,67,129
KHM-010115,2014,21041205046.0,3,2,5,95,80,175
KHM-010116,2014,21041206051.0,4,1,5,87,75,162
KHM-010117,2014,21041207047.0,2,4,6,54,42,96
KHM-010118,2014,21041208048.0,8,2,10,171,157,328
KHM-010119,2014,21050101018.0,5,1,6,58,48,106
KHM-010120,2014,21050103001.0,10,11,21,421,364,785
KHM-010121,2014,21050104002.0,5,10,15,309,276,585
KHM-010122,2014,21050106003.0,6,7,13,163,131,294
KHM-010123,2014,21050204004.0,6,3,9,162,158,320
KHM-010124,2014,21050205005.0,4,5,9,94,65,159
KHM-010125,2014,21050211006.0,3,8,11,169,157,326
KHM-010126,2014,21050214019.0,5,2,7,108,108,216
KHM-010127,2014,21050303007.0,7,12,19,331,351,682
KHM-010128,2014,21050307008.0,5,8,13,109,117,226
KHM-010129,2014,21050312009.0,9,1,10,186,179,365
KHM-010130,2014,21050313010.0,7,0,7,135,122,257
KHM-010131,2014,21050401011.0,10,2,12,285,246,531
KHM-010132,2014,21050504012.0,6,1,7,62,65,127
KHM-010133,2014,21050506013.0,18,16,34,617,543,1160
KHM-010134,2014,21050508017.0,3,3,6,73,69,142
KHM-010135,2014,21050601014.0,4,6,10,128,128,256
KHM-010136,2014,21050604015.0,6,3,9,98,76,174
KHM-010137,2014,21050605016.0,4,4,8,103,106,209
KHM-010138,2014,21060102001.0,8,4,12,395,381,776
KHM-010139,2014,21060105002.0,3,2,5,117,102,219
KHM-010140,2014,21060106003.0,2,2,4,131,110,241
KHM-010141,2014,21060201039.0,3,0,3,81,79,160
KHM-010142,2014,21060203004.0,6,0,6,296,274,570
KHM-010143,2014,21060205005.0,6,1,7,239,207,446
KHM-010144,2014,21060301032.0,3,0,3,152,130,282
KHM-010145,2014,21060302006.0,2,1,3,77,57,134
KHM-010146,2014,21060303007.0,4,3,7,166,155,321
KHM-010147,2014,21060305008.0,4,2,6,150,137,287
KHM-010148,2014,21060401009.0,9,1,10,163,102,265
KHM-010149,2014,21060404010.0,4,2,6,197,189,386
KHM-010150,2014,21060406011.0,3,2,5,262,239,501
KHM-010151,2014,21060409012.0,4,1,5,126,148,274
KHM-010152,2014,21060505013.0,7,5,12,272,260,532
KHM-010153,2014,21060508014.0,9,1,10,201,150,351
KHM-010154,2014,21060509033.0,5,1,6,108,130,238
KHM-010155,2014,21060601015.0,5,0,5,205,191,396
KHM-010156,2014,21060602034.0,4,0,4,123,123,246
KHM-010157,2014,21060603035.0,4,0,4,109,87,196
KHM-010158,2014,21060605036.0,3,0,3,107,78,185
KHM-010159,2014,21060702016.0,11,2,13,314,262,576
KHM-010160,2014,21060707017.0,4,6,10,163,141,304
KHM-010161,2014,21060804018.0,4,2,6,219,192,411
KHM-010162,2014,21060806037.0,2,1,3,162,141,303
KHM-010163,2014,21060808019.0,4,2,6,125,104,229
KHM-010164,2014,21060809020.0,2,3,5,126,132,258
KHM-010165,2014,21060811021.0,1,4,5,127,106,233
KHM-010166,2014,21060903022.0,3,5,8,373,355,728
KHM-010167,2014,21060909023.0,2,4,6,109,95,204
KHM-010168,2014,21061002024.0,2,6,8,434,383,817
KHM-010169,2014,21061103025.0,13,0,13,258,235,493
KHM-010170,2014,21061105026.0,14,1,15,278,254,532
KHM-010171,2014,21061110027.0,8,0,8,161,165,326
KHM-010172,2014,21061205028.0,5,0,5,198,192,390
KHM-010173,2014,21061206029.0,3,2,5,213,202,415
KHM-010174,2014,21061302030.0,8,6,14,200,191,391
KHM-010175,2014,21061304038.0,5,1,6,83,73,156
KHM-010176,2014,21061308031.0,10,0,10,250,257,507
KHM-010177,2014,21070102001.0,6,2,8,302,241,543
KHM-010178,2014,21070104002.0,6,2,8,105,131,236
KHM-010179,2014,21070106003.0,10,8,18,527,500,1027
KHM-010180,2014,21070201004.0,12,4,16,388,324,712
KHM-010181,2014,21070202005.0,5,2,7,229,254,483
KHM-010182,2014,21070204006.0,5,1,6,130,83,213
KHM-010183,2014,21070305007.0,8,0,8,159,127,286
KHM-010184,2014,21070305009.0,8,1,9,244,213,457
KHM-010185,2014,21070309008.0,2,1,3,167,128,295
KHM-010186,2014,21070401010.0,4,5,9,348,304,652
KHM-010187,2014,21070406011.0,5,5,10,480,474,954
KHM-010188,2014,21070411012.0,5,1,6,126,119,245
KHM-010189,2014,21070417013.0,5,2,7,315,261,576
KHM-010190,2014,21070504043.0,8,1,9,306,268,574
KHM-010191,2014,21070506014.0,5,3,8,339,348,687
KHM-010192,2014,21070508015.0,5,1,6,249,186,435
KHM-010193,2014,21070510016.0,2,1,3,106,100,206
KHM-010194,2014,21070515017.0,6,0,6,352,328,680
KHM-010195,2014,21070518018.0,4,1,5,281,211,492
KHM-010196,2014,21070606040.0,4,3,7,117,106,223
KHM-010197,2014,21070609046.0,4,3,7,63,75,138
KHM-010198,2014,21070610019.0,13,9,22,304,244,548
KHM-010199,2014,21070703020.0,7,4,11,302,326,628
KHM-010200,2014,21070712021.0,4,0,4,135,127,262
KHM-010201,2014,21070715038.0,2,1,3,105,106,211
KHM-010202,2014,21070717022.0,4,5,9,317,321,638
KHM-010203,2014,21070719039.0,1,1,2,21,15,36
KHM-010204,2014,21070722023.0,1,5,6,221,165,386
KHM-010205,2014,21070802024.0,1,4,5,83,75,158
KHM-010206,2014,21070803027.0,1,2,3,80,71,151
KHM-010207,2014,21070805025.0,4,1,5,113,82,195
KHM-010208,2014,21070809026.0,6,5,11,286,237,523
KHM-010209,2014,21070902041.0,5,2,7,96,94,190
KHM-010210,2014,21070905044.0,2,1,3,43,52,95
KHM-010211,2014,21070907028.0,3,4,7,88,74,162
KHM-010212,2014,21070908029.0,5,1,6,125,90,215
KHM-010213,2014,21070909030.0,9,0,9,186,193,379
KHM-010214,2014,21070912045.0,1,2,3,46,40,86
KHM-010215,2014,21070913031.0,6,3,9,243,242,485
KHM-010216,2014,21071001032.0,2,1,3,113,113,226
KHM-010217,2014,21071003033.0,2,3,5,195,166,361
KHM-010218,2014,21071012042.0,2,2,4,186,146,332
KHM-010219,2014,21071101034.0,5,2,7,173,185,358
KHM-010220,2014,21071102035.0,4,6,10,246,214,460
KHM-010221,2014,21071104036.0,2,1,3,84,76,160
KHM-010222,2014,21071108037.0,2,4,6,127,133,260
KHM-010223,2014,21080102001.0,12,0,12,195,202,397
KHM-010224,2014,21080105002.0,4,9,13,193,202,395
KHM-010225,2014,21080110003.0,7,2,9,74,74,148
KHM-010226,2014,21080112004.0,5,7,12,139,156,295
KHM-010227,2014,21080114005.0,4,2,6,67,56,123
KHM-010228,2014,21080204006.0,7,8,15,104,93,197
KHM-010229,2014,21080206007.0,8,13,21,224,232,456
KHM-010230,2014,21080210008.0,13,20,33,465,397,862
KHM-010231,2014,21080210009.0,10,14,24,453,479,932
KHM-010232,2014,21080211010.0,3,3,6,100,66,166
KHM-010233,2014,21080302011.0,4,8,12,155,138,293
KHM-010234,2014,21080304012.0,15,8,23,245,217,462
KHM-010235,2014,21080311013.0,6,0,6,78,69,147
KHM-010236,2014,21080312014.0,2,10,12,191,157,348
KHM-010237,2014,21090106056.0,6,5,11,242,213,455
KHM-010238,2014,21090108001.0,6,1,7,125,136,261
KHM-010239,2014,21090116002.0,10,6,16,260,204,464
KHM-010240,2014,21090119003.0,1,3,4,105,78,183
KHM-010241,2014,21090121004.0,7,8,15,318,302,620
KHM-010242,2014,21090203005.0,2,1,3,173,128,301
KHM-010243,2014,21090204006.0,2,5,7,263,239,502
KHM-010244,2014,21090210007.0,4,6,10,283,276,559
KHM-010245,2014,21090301008.0,4,2,6,74,74,148
KHM-010246,2014,21090304009.0,6,2,8,113,104,217
KHM-010247,2014,21090316010.0,7,2,9,161,161,322
KHM-010248,2014,21090318011.0,7,5,12,194,159,353
KHM-010249,2014,21090327012.0,10,3,13,211,198,409
KHM-010250,2014,21090328013.0,5,3,8,188,150,338
KHM-010251,2014,21090402055.0,5,3,8,152,128,280
KHM-010252,2014,21090409014.0,0,9,9,157,136,293
KHM-010253,2014,21090417015.0,9,12,21,444,383,827
KHM-010254,2014,21090420016.0,9,1,10,126,125,251
KHM-010255,2014,21090423017.0,9,1,10,218,222,440
KHM-010256,2014,21090425018.0,4,3,7,89,79,168
KHM-010257,2014,21090503019.0,3,5,8,96,95,191
KHM-010258,2014,21090504020.0,4,5,9,118,98,216
KHM-010259,2014,21090507021.0,7,0,7,81,72,153
KHM-010260,2014,21090509061.0,2,4,6,107,86,193
KHM-010261,2014,21090601022.0,2,1,3,132,89,221
KHM-010262,2014,21090605026.0,9,5,14,338,322,660
KHM-010263,2014,21090609057.0,3,0,3,123,103,226
KHM-010264,2014,21090610023.0,5,3,8,218,193,411
KHM-010265,2014,21090612024.0,5,2,7,333,295,628
KHM-010266,2014,21090706027.0,8,7,15,343,315,658
KHM-010267,2014,21090707028.0,16,6,22,393,410,803
KHM-010268,2014,21090713029.0,6,4,10,252,194,446
KHM-010269,2014,21090804030.0,4,7,11,419,401,820
KHM-010270,2014,21090806031.0,7,0,7,162,127,289
KHM-010271,2014,21090808032.0,1,9,10,270,247,517
KHM-010272,2014,21090904033.0,5,3,8,320,270,590
KHM-010273,2014,21090911034.0,6,6,12,335,340,675
KHM-010274,2014,21091010058.0,5,2,7,71,77,148
KHM-010275,2014,21091014035.0,4,2,6,79,105,184
KHM-010276,2014,21091015036.0,6,1,7,95,91,186
KHM-010277,2014,21091017037.0,8,12,20,351,304,655
KHM-010278,2014,21091105038.0,3,3,6,125,139,264
KHM-010279,2014,21091115039.0,1,6,7,238,148,386
KHM-010280,2014,21091116040.0,4,8,12,319,273,592
KHM-010281,2014,21091119041.0,7,2,9,245,196,441
KHM-010282,2014,21091201042.0,7,7,14,223,197,420
KHM-010283,2014,21091204043.0,6,1,7,151,160,311
KHM-010284,2014,21091205044.0,4,5,9,149,129,278
KHM-010285,2014,21091206062.0,2,4,6,71,36,107
KHM-010286,2014,21091208045.0,5,13,18,179,143,322
KHM-010287,2014,21091213046.0,5,2,7,118,103,221
KHM-010288,2014,21091303047.0,4,6,10,200,206,406
KHM-010289,2014,21091307048.0,2,2,4,113,103,216
KHM-010290,2014,21091308049.0,3,2,5,81,60,141
KHM-010291,2014,21091309050.0,3,2,5,124,149,273
KHM-010292,2014,21091310051.0,5,2,7,199,182,381
KHM-010293,2014,21091401052.0,3,1,4,125,121,246
KHM-010294,2014,21091403053.0,9,8,17,384,326,710
KHM-010295,2014,21091408060.0,3,0,3,93,92,185
KHM-010296,2014,21091409054.0,6,2,8,250,217,467
KHM-010297,2014,21091501025.0,10,1,11,408,318,726
KHM-010298,2014,21091505059.0,4,1,5,216,221,437
KHM-010299,2014,21100101001.0,4,5,9,222,205,427
KHM-010300,2014,21100106050.0,6,0,6,103,61,164
KHM-010301,2014,21100201002.0,5,3,8,110,136,246
KHM-010302,2014,21100202003.0,1,5,6,100,86,186
KHM-010303,2014,21100206004.0,3,1,4,109,110,219
KHM-010304,2014,21100301005.0,7,0,7,91,92,183
KHM-010305,2014,21100308006.0,6,2,8,151,150,301
KHM-010306,2014,21100310007.0,3,7,10,146,155,301
KHM-010307,2014,21100403008.0,5,6,11,171,137,308
KHM-010308,2014,21100407009.0,8,5,13,228,194,422
KHM-010309,2014,21100408010.0,17,5,22,235,230,465
KHM-010310,2014,21100409011.0,5,4,9,155,143,298
KHM-010311,2014,21100502013.0,4,3,7,90,79,169
KHM-010312,2014,21100505014.0,5,3,8,132,132,264
KHM-010313,2014,21100506015.0,5,1,6,74,52,126
KHM-010314,2014,21100509016.0,5,5,10,197,197,394
KHM-010315,2014,21100601018.0,4,10,14,232,235,467
KHM-010316,2014,21100605019.0,3,7,10,112,123,235
KHM-010317,2014,21100610020.0,6,5,11,264,287,551
KHM-010318,2014,21100613021.0,3,9,12,182,181,363
KHM-010319,2014,21100617022.0,6,3,9,171,115,286
KHM-010320,2014,21100706023.0,9,6,15,273,250,523
KHM-010321,2014,21100709024.0,0,7,7,88,73,161
KHM-010322,2014,21100711025.0,4,6,10,138,142,280
KHM-010323,2014,21100712026.0,6,5,11,167,137,304
KHM-010324,2014,21100713048.0,3,1,4,5,17,22
KHM-010325,2014,21100801027.0,3,2,5,55,73,128
KHM-010326,2014,21100802053.0,3,4,7,82,99,181
KHM-010327,2014,21100805028.0,5,5,10,199,203,402
KHM-010328,2014,21100807029.0,4,4,8,147,131,278
KHM-010329,2014,21100808030.0,3,3,6,76,123,199
KHM-010330,2014,21100809031.0,2,8,10,159,155,314
KHM-010331,2014,21100810032.0,3,3,6,95,108,203
KHM-010332,2014,21100904033.0,8,7,15,310,273,583
KHM-010333,2014,21100912034.0,5,2,7,130,114,244
KHM-010334,2014,21101001035.0,9,3,12,326,308,634
KHM-010335,2014,21101004036.0,2,0,2,98,92,190
KHM-010336,2014,21101102037.0,5,5,10,169,129,298
KHM-010337,2014,21101108038.0,5,4,9,138,110,248
KHM-010338,2014,21101110039.0,3,6,9,206,187,393
KHM-010339,2014,21101115040.0,2,0,2,20,14,34
KHM-010340,2014,21101203051.0,4,0,4,83,81,164
KHM-010341,2014,21101204041.0,8,3,11,152,174,326
KHM-010342,2014,21101205042.0,4,2,6,66,50,116
KHM-010343,2014,21101207043.0,3,4,7,183,159,342
KHM-010344,2014,21101209044.0,4,2,6,124,117,241
KHM-010345,2014,21101212049.0,5,1,6,50,28,78
KHM-010346,2014,21101216045.0,5,2,7,129,113,242
KHM-010347,2014,21101303046.0,7,2,9,185,192,377
KHM-010348,2014,21101306047.0,4,4,8,176,195,371
KHM-010349,2014,21101401012.0,5,1,6,55,54,109
KHM-010350,2014,21101403017.0,4,2,6,73,85,158
KHM-010351,2014,21101407052.0,5,1,6,119,79,198
KHM-010352,2014,22010101001.0,5,9,14,228,190,418
KHM-010353,2014,22010102002.0,4,4,8,85,79,164
KHM-010354,2014,22010201003.0,6,12,18,215,195,410
KHM-010355,2014,22010202004.0,4,8,12,147,138,285
KHM-010356,2014,22010202006.0,7,1,8,70,82,152
KHM-010357,2014,22010203005.0,5,9,14,160,136,296
KHM-010358,2014,22020202004.0,2,7,9,89,63,152
KHM-010359,2014,22020203005.0,4,6,10,108,128,236
KHM-010360,2014,22020203014.0,2,6,8,50,44,94
KHM-010361,2014,22020204003.0,4,9,13,172,155,327
KHM-010362,2014,22020205009.0,6,3,9,111,101,212
KHM-010363,2014,22020205011.0,7,2,9,90,78,168
KHM-010364,2014,22020205015.0,7,2,9,85,61,146
KHM-010365,2014,22020301006.0,6,3,9,43,33,76
KHM-010366,2014,22020301010.0,4,5,9,158,133,291
KHM-010367,2014,22020302013.0,4,5,9,108,70,178
KHM-010368,2014,22020303016.0,3,4,7,49,55,104
KHM-010369,2014,22020304007.0,4,4,8,72,70,142
KHM-010370,2014,22020304012.0,5,2,7,74,85,159
KHM-010371,2014,23010101001.0,1,6,7,96,95,191
KHM-010372,2014,23010104009.0,2,3,5,67,77,144
KHM-010373,2014,23010201002.0,4,11,15,243,215,458
KHM-010374,2014,23010205010.0,2,5,7,98,112,210
KHM-010375,2014,23010207019.0,2,1,3,77,71,148
KHM-010376,2014,23010207021.0,1,0,1,40,44,84
KHM-010377,2014,23010207022.0,2,3,5,138,136,274
KHM-010378,2014,23010207024.0,3,2,5,51,52,103
KHM-010379,2014,23010209007.0,4,7,11,196,194,390
KHM-010380,2014,23010301003.0,5,5,10,140,141,281
KHM-010381,2014,23010302004.0,5,10,15,256,200,456
KHM-010382,2014,23010303005.0,2,6,8,76,79,155
KHM-010383,2014,23010304011.0,2,4,6,67,51,118
KHM-010384,2014,23010403008.0,3,6,9,177,151,328
KHM-010385,2014,23010404013.0,4,6,10,206,161,367
KHM-010386,2014,23010406012.0,1,3,4,64,79,143
KHM-010387,2014,23010407014.0,2,4,6,93,76,169
KHM-010388,2014,23010408015.0,3,0,3,32,34,66
KHM-010389,2014,23010409016.0,2,2,4,88,73,161
KHM-010390,2014,23010410017.0,0,0,0,9,5,14
KHM-010391,2014,23010410020.0,3,4,7,207,228,435
KHM-010392,2014,23010411018.0,1,1,2,61,44,105
KHM-010393,2014,23010412023.0,4,0,4,32,40,72
KHM-010394,2014,23020103003.0,4,18,22,412,428,840
KHM-010395,2014,23020104024.0,3,0,3,157,115,272
KHM-010396,2014,23020106020.0,3,1,4,43,46,89
KHM-010397,2014,23020107021.0,2,0,2,31,30,61
KHM-010398,2014,23020108026.0,1,0,1,11,15,26
KHM-010399,2014,23020202004.0,2,6,8,115,112,227
KHM-010400,2014,23020203027.0,2,0,2,46,41,87
KHM-010401,2014,23020206016.0,6,2,8,65,68,133
KHM-010402,2014,23020206017.0,3,0,3,80,57,137
KHM-010403,2014,23020206022.0,1,0,1,24,10,34
KHM-010404,2014,23020206028.0,0,1,1,14,22,36
KHM-010405,2014,23020207001.0,5,6,11,96,127,223
KHM-010406,2014,23020213006.0,6,4,10,428,339,767
KHM-010407,2014,23020214007.0,3,0,3,90,57,147
KHM-010408,2014,23020215008.0,1,3,4,108,101,209
KHM-010409,2014,23020301005.0,2,2,4,146,121,267
KHM-010410,2014,23020301018.0,2,2,4,98,117,215
KHM-010411,2014,23020303019.0,1,0,1,21,13,34
KHM-010412,2014,23020307009.0,2,0,2,78,64,142
KHM-010413,2014,23020308010.0,2,1,3,71,76,147
KHM-010414,2014,23020406011.0,3,0,3,121,107,228
KHM-010415,2014,23020407012.0,3,1,4,127,93,220
KHM-010416,2014,23020408013.0,3,0,3,134,136,270
KHM-010417,2014,23020409014.0,3,0,3,97,69,166
KHM-010418,2014,23020410015.0,4,3,7,94,78,172
KHM-010419,2014,23020410025.0,3,1,4,74,70,144
KHM-010420,2014,24010105001.0,13,12,25,651,580,1231
KHM-010421,2014,24010110016.0,3,4,7,182,142,324
KHM-010422,2014,24010111017.0,1,2,3,163,178,341
KHM-010423,2014,24010112018.0,1,4,5,75,82,157
KHM-010424,2014,24010113019.0,2,2,4,73,74,147
KHM-010425,2014,24010116033.0,3,1,4,93,89,182
KHM-010426,2014,24010201002.0,1,4,5,55,51,106
KHM-010427,2014,24010202003.0,1,3,4,123,111,234
KHM-010428,2014,24010205011.0,4,1,5,47,44,91
KHM-010429,2014,24010206022.0,2,3,5,114,117,231
KHM-010430,2014,24010301004.0,0,4,4,190,155,345
KHM-010431,2014,24010302005.0,4,2,6,259,252,511
KHM-010432,2014,24010303008.0,2,1,3,35,19,54
KHM-010433,2014,24010305014.0,2,1,3,152,127,279
KHM-010434,2014,24010306015.0,0,3,3,34,24,58
KHM-010435,2014,24010307029.0,3,0,3,33,45,78
KHM-010436,2014,24010401006.0,5,2,7,133,127,260
KHM-010437,2014,24010401027.0,0,2,2,89,95,184
KHM-010438,2014,24010403009.0,3,3,6,120,111,231
KHM-010439,2014,24010404013.0,1,3,4,55,53,108
KHM-010440,2014,24010404030.0,1,2,3,131,92,223
KHM-010441,2014,24010405020.0,2,2,4,65,51,116
KHM-010442,2014,24010501012.0,1,1,2,42,54,96
KHM-010443,2014,24010502023.0,2,1,3,55,35,90
KHM-010444,2014,24010503007.0,7,0,7,175,153,328
KHM-010445,2014,24010504021.0,4,3,7,234,191,425
KHM-010446,2014,24010505026.0,2,3,5,52,45,97
KHM-010447,2014,24010506028.0,1,4,5,104,95,199
KHM-010448,2014,24010507030.0,1,2,3,63,51,114
KHM-010449,2014,24010508031.0,3,0,3,68,73,141
KHM-010450,2014,24020101004.0,8,0,8,132,119,251
KHM-010451,2014,24020103007.0,3,1,4,81,69,150
KHM-010452,2014,24020104006.0,5,0,5,27,35,62
KHM-010453,2014,24020105005.0,6,1,7,70,66,136
KHM-010454,2014,24020106003.0,4,1,5,87,71,158
KHM-010455,2014,24020107002.0,4,0,4,77,70,147
KHM-010456,2014,24020108008.0,3,2,5,25,34,59
KHM-010457,2014,24020109001.0,3,1,4,165,167,332
KHM-010458,2014,24020110039.0,3,0,3,43,41,84
KHM-010459,2014,24020111041.0,2,0,2,10,7,17
KHM-010460,2014,24020112042.0,2,0,2,15,5,20
KHM-010461,2014,24020113045.0,2,0,2,16,11,27
KHM-010462,2014,24020114025.0,3,0,3,40,46,86
KHM-010463,2014,24020115026.0,4,0,4,61,55,116
KHM-010464,2014,24020116027.0,1,0,1,11,12,23
KHM-010465,2014,24020117028.0,4,1,5,74,66,140
KHM-010466,2014,24020118047.0,4,0,4,33,37,70
KHM-010467,2014,24020120059.0,3,0,3,32,34,66
KHM-010468,2014,24020201009.0,3,3,6,91,92,183
KHM-010469,2014,24020202014.0,4,2,6,124,80,204
KHM-010470,2014,24020203049.0,2,1,3,23,27,50
KHM-010471,2014,24020204012.0,4,1,5,49,61,110
KHM-010472,2014,24020205010.0,5,1,6,55,67,122
KHM-010473,2014,24020206015.0,3,1,4,66,56,122
KHM-010474,2014,24020207011.0,5,0,5,75,56,131
KHM-010475,2014,24020208044.0,1,2,3,22,15,37
KHM-010476,2014,24020210016.0,3,0,3,47,46,93
KHM-010477,2014,24020211013.0,3,0,3,33,23,56
KHM-010478,2014,24020212037.0,7,0,7,73,71,144
KHM-010479,2014,24020213043.0,2,0,2,18,23,41
KHM-010480,2014,24020214050.0,3,0,3,55,61,116
KHM-010481,2014,24020216053.0,2,0,2,73,53,126
KHM-010482,2014,24020218054.0,3,0,3,20,27,47
KHM-010483,2014,24020219055.0,2,0,2,38,36,74
KHM-010484,2014,24020220056.0,2,0,2,16,12,28
KHM-010485,2014,24020301022.0,4,2,6,52,53,105
KHM-010486,2014,24020302020.0,2,3,5,58,37,95
KHM-010487,2014,24020302021.0,4,1,5,30,36,66
KHM-010488,2014,24020303017.0,1,3,4,69,50,119
KHM-010489,2014,24020304024.0,2,1,3,58,50,108
KHM-010490,2014,24020305023.0,4,0,4,46,45,91
KHM-010491,2014,24020308018.0,3,1,4,31,38,69
KHM-010492,2014,24020309048.0,3,1,4,43,46,89
KHM-010493,2014,24020401035.0,6,2,8,94,82,176
KHM-010494,2014,24020402034.0,2,1,3,45,33,78
KHM-010495,2014,24020403029.0,6,2,8,121,97,218
KHM-010496,2014,24020404032.0,3,4,7,51,66,117
KHM-010497,2014,24020405030.0,2,2,4,43,55,98
KHM-010498,2014,24020405051.0,2,0,2,7,11,18
KHM-010499,2014,24020406031.0,3,0,3,33,38,71
KHM-010500,2014,24020407033.0,2,0,2,4,9,13
KHM-010501,2014,24020410019.0,7,3,10,197,120,317
KHM-010502,2014,24020410046.0,2,0,2,21,24,45
KHM-010503,2014,24020411058.0,2,2,4,88,66,154
KHM-010504,2014,24020412036.0,5,2,7,94,76,170
KHM-010505,2014,24020414038.0,3,0,3,32,19,51
KHM-010506,2014,24020416040.0,3,0,3,24,16,40
KHM-010507,2014,24020418052.0,2,0,2,19,14,33
KHM-010508,2014,24030101001.0,6,2,8,119,112,231
KHM-010509,2014,24030102002.0,3,2,5,53,54,107
KHM-010510,2014,24030104014.0,3,1,4,28,26,54
KHM-010511,2014,24030105008.0,3,1,4,54,45,99
KHM-010512,2014,24030106017.0,3,2,5,33,35,68
KHM-010513,2014,24030107023.0,1,1,2,18,16,34
KHM-010514,2014,24030201003.0,6,9,15,189,176,365
KHM-010515,2014,24030204004.0,9,4,13,158,153,311
KHM-010516,2014,24030205005.0,7,1,8,108,94,202
KHM-010517,2014,24030207015.0,2,1,3,27,25,52
KHM-010518,2014,24030208019.0,2,0,2,18,36,54
KHM-010519,2014,24030209020.0,1,2,3,31,29,60
KHM-010520,2014,24030301009.0,4,1,5,84,78,162
KHM-010521,2014,24030302010.0,3,3,6,79,72,151
KHM-010522,2014,24030303011.0,3,2,5,100,102,202
KHM-010523,2014,24030304012.0,5,0,5,67,65,132
KHM-010524,2014,24030305013.0,3,1,4,74,87,161
KHM-010525,2014,24030401006.0,4,3,7,161,135,296
KHM-010526,2014,24030402007.0,5,1,6,77,76,153
KHM-010527,2014,24030404016.0,1,2,3,37,32,69
KHM-010528,2014,24030405018.0,1,2,3,25,30,55
KHM-010529,2014,24030406021.0,0,2,2,34,46,80
KHM-010530,2014,24030407022.0,1,2,3,39,35,74
KHM-010531,2014,24040101011.0,1,3,4,72,73,145
KHM-010532,2014,24040102012.0,2,0,2,57,51,108
KHM-010533,2014,24040103013.0,1,1,2,45,71,116
KHM-010534,2014,24040104018.0,1,2,3,67,62,129
KHM-010535,2014,24040106034.0,7,1,8,263,231,494
KHM-010536,2014,24040106037.0,2,1,3,55,57,112
KHM-010537,2014,24040201001.0,3,2,5,62,84,146
KHM-010538,2014,24040202009.0,4,2,6,56,48,104
KHM-010539,2014,24040204020.0,3,0,3,32,50,82
KHM-010540,2014,24040205002.0,3,2,5,57,65,122
KHM-010541,2014,24040206014.0,2,0,2,32,40,72
KHM-010542,2014,24040207024.0,3,4,7,58,42,100
KHM-010543,2014,24040302042.0,2,0,2,96,103,199
KHM-010544,2014,24040303003.0,3,8,11,276,239,515
KHM-010545,2014,24040305022.0,3,0,3,44,42,86
KHM-010546,2014,24040307029.0,1,0,1,20,8,28
KHM-010547,2014,24040308015.0,1,2,3,141,113,254
KHM-010548,2014,24040308031.0,2,2,4,99,84,183
KHM-010549,2014,24040309016.0,4,0,4,118,105,223
KHM-010550,2014,24040310017.0,1,1,2,47,44,91
KHM-010551,2014,24040311021.0,3,0,3,68,48,116
KHM-010552,2014,24040312025.0,2,0,2,14,28,42
KHM-010553,2014,24040313026.0,3,2,5,113,100,213
KHM-010554,2014,24040314030.0,1,2,3,66,67,133
KHM-010555,2014,24040316036.0,2,0,2,85,57,142
KHM-010556,2014,24040317039.0,2,0,2,29,16,45
KHM-010557,2014,24040318040.0,2,1,3,61,66,127
KHM-010558,2014,24040319041.0,3,0,3,58,71,129
KHM-010559,2014,24040402004.0,2,2,4,65,71,136
KHM-010560,2014,24040404033.0,2,3,5,150,108,258
KHM-010561,2014,24040406008.0,8,10,18,363,306,669
KHM-010562,2014,24040407005.0,5,14,19,483,450,933
KHM-010563,2014,24040407010.0,3,13,16,382,288,670
KHM-010564,2014,24040409007.0,3,2,5,164,128,292
KHM-010565,2014,24040410019.0,2,1,3,95,97,192
KHM-010566,2014,24040411028.0,2,1,3,107,96,203
KHM-010567,2014,24040412035.0,1,2,3,60,72,132
KHM-010568,2014,24040501032.0,3,4,7,308,273,581
KHM-010569,2014,24040502023.0,2,2,4,166,144,310
KHM-010570,2014,24040505006.0,3,7,10,294,263,557
KHM-010571,2014,24050102018.0,1,1,2,100,89,189
KHM-010572,2014,24050103001.0,14,6,20,561,500,1061
KHM-010573,2014,24050104017.0,2,3,5,193,149,342
KHM-010574,2014,24050105027.0,3,2,5,199,216,415
KHM-010575,2014,24050108015.0,1,2,3,129,129,258
KHM-010576,2014,24050109013.0,2,3,5,171,197,368
KHM-010577,2014,24050110014.0,3,1,4,92,80,172
KHM-010578,2014,24050111023.0,3,0,3,80,70,150
KHM-010579,2014,24050112024.0,2,2,4,103,95,198
KHM-010580,2014,24050113025.0,3,1,4,143,137,280
KHM-010581,2014,24050114028.0,3,0,3,102,72,174
KHM-010582,2014,24050202002.0,2,3,5,88,111,199
KHM-010583,2014,24050204019.0,1,2,3,127,102,229
KHM-010584,2014,24050301003.0,2,2,4,109,138,247
KHM-010585,2014,24050301020.0,3,1,4,156,157,313
KHM-010586,2014,24050307004.0,4,2,6,158,179,337
KHM-010587,2014,24050308026.0,2,0,2,147,144,291
KHM-010588,2014,24050401005.0,3,4,7,92,123,215
KHM-010589,2014,24050406021.0,2,2,4,140,143,283
KHM-010590,2014,24050503009.0,3,1,4,46,45,91
KHM-010591,2014,24050505012.0,1,3,4,98,104,202
KHM-010592,2014,24050507006.0,2,2,4,83,77,160
KHM-010593,2014,24050510011.0,1,3,4,50,53,103
KHM-010594,2014,24050511016.0,0,2,2,135,141,276
KHM-010595,2014,24050602022.0,4,1,5,120,91,211
KHM-010596,2014,24050605008.0,5,4,9,237,207,444
KHM-010597,2014,21020302504.0,0,1,1,24,13,37
KHM-010598,2014,21020302706.0,12,5,17,231,239,470
KHM-010599,2014,21020304505.0,0,1,1,22,20,42
KHM-010600,2014,21020406708.0,10,6,16,124,110,234
KHM-010601,2014,21020503713.0,5,2,7,121,125,246
KHM-010602,2014,21020617905.0,25,15,40,388,321,709
KHM-010603,2014,21020705507.0,0,1,1,13,9,22
KHM-010604,2014,21020708508.0,0,2,2,24,31,55
KHM-010605,2014,21020708903.0,32,13,45,595,529,1124
KHM-010606,2014,21020809707.0,12,5,17,275,227,502
KHM-010607,2014,21020905904.0,38,12,50,591,587,1178
KHM-010608,2014,21020908509.0,0,1,1,11,23,34
KHM-010609,2014,21021005522.0,1,1,2,21,33,54
KHM-010610,2014,21021005709.0,7,1,8,215,219,434
KHM-010611,2014,21021102517.0,0,1,1,28,15,43
KHM-010612,2014,21021102902.0,50,4,54,819,621,1440
KHM-010613,2014,21021209712.0,6,4,10,101,88,189
KHM-010614,2014,21021303510.0,0,2,2,32,20,52
KHM-010615,2014,21021304511.0,0,1,1,13,12,25
KHM-010616,2014,21021304714.0,7,2,9,108,111,219
KHM-010617,2014,21021307512.0,0,1,1,7,15,22
KHM-010618,2014,21021406513.0,0,1,1,18,12,30
KHM-010619,2014,21021416710.0,6,6,12,76,85,161
KHM-010620,2014,21021509521.0,0,1,1,28,21,49
KHM-010621,2014,21021509705.0,13,8,21,289,273,562
KHM-010622,2014,21021510519.0,0,1,1,16,12,28
KHM-010623,2014,21021511516.0,0,3,3,45,40,85
KHM-010624,2014,21030101704.0,8,0,8,57,56,113
KHM-010625,2014,21030206702.0,5,1,6,38,34,72
KHM-010626,2014,21030301501.0,0,2,2,47,28,75
KHM-010627,2014,21030306901.0,37,8,45,681,526,1207
KHM-010628,2014,21030309502.0,0,2,2,37,31,68
KHM-010629,2014,21030403703.0,4,1,5,54,36,90
KHM-010630,2014,21030505701.0,7,3,10,171,144,315
KHM-010631,2014,21040102529.0,1,0,1,15,12,27
KHM-010632,2014,21040104534.0,0,1,1,18,17,35
KHM-010633,2014,21040104709.0,9,3,12,164,145,309
KHM-010634,2014,21040105502.0,0,1,1,7,8,15
KHM-010635,2014,21040107503.0,0,1,1,10,15,25
KHM-010636,2014,21040202504.0,0,1,1,74,74,148
KHM-010637,2014,21040202901.0,66,23,89,1040,994,2034
KHM-010638,2014,21040203517.0,0,2,2,27,33,60
KHM-010639,2014,21040203710.0,3,7,10,132,123,255
KHM-010640,2014,21040204505.0,0,1,1,8,17,25
KHM-010641,2014,21040205533.0,0,1,1,8,10,18
KHM-010642,2014,21040206506.0,0,1,1,20,19,39
KHM-010643,2014,21040304711.0,4,0,4,68,53,121
KHM-010644,2014,21040406527.0,0,1,1,8,17,25
KHM-010645,2014,21040408507.0,0,1,1,15,15,30
KHM-010646,2014,21040411528.0,0,1,1,18,19,37
KHM-010647,2014,21040501508.0,0,1,1,26,14,40
KHM-010648,2014,21040501706.0,3,8,11,134,153,287
KHM-010649,2014,21040602524.0,0,1,1,16,12,28
KHM-010650,2014,21040602903.0,26,5,31,355,298,653
KHM-010651,2014,21040604525.0,1,0,1,14,10,24
KHM-010652,2014,21040606509.0,0,1,1,17,13,30
KHM-010653,2014,21040606701.0,11,1,12,155,131,286
KHM-010654,2014,21040609510.0,0,1,1,12,16,28
KHM-010655,2014,21040613526.0,0,1,1,20,10,30
KHM-010656,2014,21040701501.0,1,0,1,22,30,52
KHM-010657,2014,21040701708.0,8,3,11,208,207,415
KHM-010658,2014,21040809511.0,0,1,1,22,8,30
KHM-010659,2014,21040809707.0,8,2,10,103,87,190
KHM-010660,2014,21040901512.0,0,1,1,12,15,27
KHM-010661,2014,21040902521.0,0,1,1,20,18,38
KHM-010662,2014,21040902902.0,59,23,82,910,794,1704
KHM-010663,2014,21041002712.0,4,0,4,65,58,123
KHM-010664,2014,21041003513.0,0,1,1,60,10,70
KHM-010665,2014,21041004530.0,0,1,1,12,13,25
KHM-010666,2014,21041007514.0,0,1,1,12,22,34
KHM-010667,2014,21041105705.0,9,4,13,171,192,363
KHM-010668,2014,21041107515.0,1,0,1,29,23,52
KHM-010669,2014,21041208516.0,0,1,1,29,14,43
KHM-010670,2014,21041208704.0,10,5,15,160,153,313
KHM-010671,2014,21050103506.0,0,2,2,17,30,47
KHM-010672,2014,21050103702.0,11,5,16,215,243,458
KHM-010673,2014,21050104509.0,0,2,2,16,36,52
KHM-010674,2014,21050204703.0,7,5,12,171,160,331
KHM-010675,2014,21050205502.0,0,2,2,10,11,21
KHM-010676,2014,21050303507.0,0,2,2,42,40,82
KHM-010677,2014,21050303902.0,24,7,31,622,578,1200
KHM-010678,2014,21050307505.0,0,2,2,38,39,77
KHM-010679,2014,21050401508.0,0,1,1,31,24,55
KHM-010680,2014,21050401704.0,7,1,8,93,58,151
KHM-010681,2014,21050501901.0,27,13,40,577,555,1132
KHM-010682,2014,21050506501.0,0,6,6,81,84,165
KHM-010683,2014,21050508510.0,0,1,1,11,11,22
KHM-010684,2014,21050601503.0,0,4,4,27,28,55
KHM-010685,2014,21050604504.0,0,2,2,21,19,40
KHM-010686,2014,21050604705.0,7,0,7,86,100,186
KHM-010687,2014,21060102904.0,37,12,49,725,561,1286
KHM-010688,2014,21060106512.0,0,1,1,15,17,32
KHM-010689,2014,21060204713.0,4,1,5,139,133,272
KHM-010690,2014,21060205712.0,5,0,5,118,102,220
KHM-010691,2014,21060305908.0,10,5,15,167,140,307
KHM-010692,2014,21060406503.0,0,3,3,50,40,90
KHM-010693,2014,21060406907.0,18,9,27,479,367,846
KHM-010694,2014,21060505903.0,19,7,26,338,287,625
KHM-010695,2014,21060601511.0,0,1,1,16,19,35
KHM-010696,2014,21060601711.0,6,1,7,134,98,232
KHM-010697,2014,21060702504.0,0,3,3,48,42,90
KHM-010698,2014,21060702706.0,9,4,13,175,147,322
KHM-010699,2014,21060707505.0,0,2,2,20,14,34
KHM-010700,2014,21060804708.0,7,1,8,73,64,137
KHM-010701,2014,21060808905.0,9,7,16,313,261,574
KHM-010702,2014,21060811506.0,0,2,2,23,39,62
KHM-010703,2014,21060904704.0,8,5,13,165,170,335
KHM-010704,2014,21061002501.0,0,3,3,43,43,86
KHM-010705,2014,21061002901.0,35,13,48,789,801,1590
KHM-010706,2014,21061103507.0,0,3,3,44,56,100
KHM-010707,2014,21061105508.0,0,2,2,40,40,80
KHM-010708,2014,21061105902.0,51,8,59,1106,949,2055
KHM-010709,2014,21061206714.0,3,3,6,126,111,237
KHM-010710,2014,21061302509.0,0,3,3,46,29,75
KHM-010711,2014,21061302906.0,23,4,27,346,335,681
KHM-010712,2014,21061308510.0,0,2,2,26,34,60
KHM-010713,2014,21070102501.0,0,2,2,20,30,50
KHM-010714,2014,21070104520.0,0,1,1,15,17,32
KHM-010715,2014,21070106502.0,0,4,4,69,77,146
KHM-010716,2014,21070106907.0,25,11,36,610,530,1140
KHM-010717,2014,21070201528.0,0,3,3,39,40,79
KHM-010718,2014,21070201903.0,24,8,32,479,401,880
KHM-010719,2014,21070202503.0,0,2,2,22,33,55
KHM-010720,2014,21070204504.0,0,1,1,16,14,30
KHM-010721,2014,21070305908.0,37,9,46,910,721,1631
KHM-010722,2014,21070401506.0,0,3,3,51,49,100
KHM-010723,2014,21070406525.0,0,2,2,22,28,50
KHM-010724,2014,21070406909.0,15,5,20,251,226,477
KHM-010725,2014,21070417529.0,0,2,2,29,25,54
KHM-010726,2014,21070504711.0,8,2,10,120,92,212
KHM-010727,2014,21070508521.0,0,2,2,30,22,52
KHM-010728,2014,21070510905.0,27,8,35,681,503,1184
KHM-010729,2014,21070515704.0,9,2,11,192,182,374
KHM-010730,2014,21070606522.0,0,1,1,12,20,32
KHM-010731,2014,21070610507.0,1,3,4,58,66,124
KHM-010732,2014,21070610902.0,36,28,64,676,586,1262
KHM-010733,2014,21070703508.0,0,2,2,22,18,40
KHM-010734,2014,21070703904.0,30,9,39,752,700,1452
KHM-010735,2014,21070717906.0,27,4,31,416,367,783
KHM-010736,2014,21070722519.0,0,1,1,31,19,50
KHM-010737,2014,21070805901.0,39,11,50,573,489,1062
KHM-010738,2014,21070809511.0,0,2,2,26,19,45
KHM-010739,2014,21070902526.0,0,1,1,14,12,26
KHM-010740,2014,21070907512.0,0,1,1,15,10,25
KHM-010741,2014,21070908513.0,0,1,1,13,13,26
KHM-010742,2014,21070909514.0,0,2,2,28,37,65
KHM-010743,2014,21070913515.0,0,2,2,24,31,55
KHM-010744,2014,21070913708.0,6,2,8,148,137,285
KHM-010745,2014,21071003710.0,8,3,11,182,180,362
KHM-010746,2014,21071101527.0,0,1,1,14,16,30
KHM-010747,2014,21071102517.0,0,2,2,26,20,46
KHM-010748,2014,21071102707.0,15,6,21,298,237,535
KHM-010749,2014,21080102512.0,0,1,1,20,17,37
KHM-010750,2014,21080105502.0,0,2,2,43,45,88
KHM-010751,2014,21080105702.0,7,8,15,246,258,504
KHM-010752,2014,21080110503.0,0,1,1,13,17,30
KHM-010753,2014,21080112511.0,0,1,1,20,18,38
KHM-010754,2014,21080114513.0,1,0,1,13,7,20
KHM-010755,2014,21080204504.0,0,1,1,15,15,30
KHM-010756,2014,21080206505.0,0,2,2,20,25,45
KHM-010757,2014,21080206703.0,5,4,9,106,73,179
KHM-010758,2014,21080208501.0,0,5,5,60,47,107
KHM-010759,2014,21080210901.0,66,45,111,1350,1251,2601
KHM-010760,2014,21080211506.0,0,1,1,9,11,20
KHM-010761,2014,21080302507.0,0,1,1,26,18,44
KHM-010762,2014,21080304508.0,0,2,2,30,33,63
KHM-010763,2014,21080304902.0,32,16,48,418,354,772
KHM-010764,2014,21080311509.0,0,1,1,9,11,20
KHM-010765,2014,21080312510.0,0,1,1,13,11,24
KHM-010766,2014,21080312704.0,11,2,13,125,124,249
KHM-010767,2014,21090106520.0,0,1,1,12,28,40
KHM-010768,2014,21090107501.0,0,3,3,49,52,101
KHM-010769,2014,21090108540.0,0,1,1,20,20,40
KHM-010770,2014,21090116502.0,0,2,2,63,38,101
KHM-010771,2014,21090119544.0,0,1,1,20,19,39
KHM-010772,2014,21090121905.0,29,26,55,915,849,1764
KHM-010773,2014,21090203503.0,0,1,1,17,15,32
KHM-010774,2014,21090210505.0,0,2,2,37,42,79
KHM-010775,2014,21090210707.0,9,1,10,109,89,198
KHM-010776,2014,21090316538.0,0,1,1,10,15,25
KHM-010777,2014,21090318542.0,0,1,1,28,22,50
KHM-010778,2014,21090327506.0,1,2,3,50,37,87
KHM-010779,2014,21090327701.0,14,9,23,266,216,482
KHM-010780,2014,21090328507.0,0,1,1,18,14,32
KHM-010781,2014,21090402536.0,0,1,1,27,12,39
KHM-010782,2014,21090409534.0,0,2,2,26,19,45
KHM-010783,2014,21090417525.0,1,1,2,31,33,64
KHM-010784,2014,21090417904.0,18,23,41,474,460,934
KHM-010785,2014,21090423521.0,0,2,2,23,18,41
KHM-010786,2014,21090503508.0,0,1,1,15,12,27
KHM-010787,2014,21090504509.0,0,3,3,36,24,60
KHM-010788,2014,21090504705.0,11,4,15,103,84,187
KHM-010789,2014,21090507510.0,0,1,1,7,13,20
KHM-010790,2014,21090509539.0,0,2,2,17,23,40
KHM-010791,2014,21090706522.0,1,1,2,31,40,71
KHM-010792,2014,21090707519.0,0,3,3,59,35,94
KHM-010793,2014,21090707902.0,49,21,70,758,642,1400
KHM-010794,2014,21090713523.0,0,2,2,51,46,97
KHM-010795,2014,21090713713.0,5,6,11,100,160,260
KHM-010796,2014,21090804711.0,8,3,11,160,206,366
KHM-010797,2014,21090904526.0,0,1,1,23,15,38
KHM-010798,2014,21090911535.0,0,2,2,39,37,76
KHM-010799,2014,21090911710.0,14,5,19,211,210,421
KHM-010800,2014,21091010537.0,0,1,1,15,13,28
KHM-010801,2014,21091014527.0,0,1,1,17,14,31
KHM-010802,2014,21091015541.0,0,1,1,19,11,30
KHM-010803,2014,21091017511.0,0,3,3,50,35,85
KHM-010804,2014,21091017706.0,13,7,20,170,150,320
KHM-010805,2014,21091105512.0,0,1,1,18,12,30
KHM-010806,2014,21091107704.0,6,1,7,70,81,151
KHM-010807,2014,21091115513.0,0,2,2,36,24,60
KHM-010808,2014,21091116514.0,0,4,4,40,40,80
KHM-010809,2014,21091116709.0,4,6,10,205,186,391
KHM-010810,2014,21091201515.0,0,3,3,27,29,56
KHM-010811,2014,21091204528.0,0,1,1,18,15,33
KHM-010812,2014,21091205516.0,0,2,2,28,22,50
KHM-010813,2014,21091208529.0,0,4,4,27,35,62
KHM-010814,2014,21091208901.0,54,30,84,890,934,1824
KHM-010815,2014,21091213530.0,0,2,2,32,29,61
KHM-010816,2014,21091303533.0,2,0,2,37,26,63
KHM-010817,2014,21091307532.0,0,1,1,8,18,26
KHM-010818,2014,21091310524.0,0,1,1,17,16,33
KHM-010819,2014,21091311712.0,5,3,8,153,173,326
KHM-010820,2014,21091403517.0,0,3,3,37,44,81
KHM-010821,2014,21091403903.0,53,12,65,999,1011,2010
KHM-010822,2014,21091408543.0,0,1,1,9,10,19
KHM-010823,2014,21091409518.0,0,1,1,22,17,39
KHM-010824,2014,21091501906.0,10,4,14,209,182,391
KHM-010825,2014,21100101522.0,0,1,1,16,20,36
KHM-010826,2014,21100101712.0,5,3,8,119,116,235
KHM-010827,2014,21100201706.0,4,3,7,122,109,231
KHM-010828,2014,21100301501.0,1,0,1,6,9,15
KHM-010829,2014,21100308502.0,0,1,1,15,20,35
KHM-010830,2014,21100309902.0,41,10,51,517,532,1049
KHM-010831,2014,21100310503.0,0,1,1,12,18,30
KHM-010832,2014,21100403530.0,0,2,2,27,30,57
KHM-010833,2014,21100407526.0,0,3,3,28,25,53
KHM-010834,2014,21100408523.0,0,2,2,35,25,60
KHM-010835,2014,21100505708.0,6,5,11,145,115,260
KHM-010836,2014,21100506504.0,0,1,1,14,11,25
KHM-010837,2014,21100509713.0,7,3,10,82,50,132
KHM-010838,2014,21100601505.0,0,3,3,50,41,91
KHM-010839,2014,21100601901.0,51,27,78,937,926,1863
KHM-010840,2014,21100610710.0,5,3,8,87,76,163
KHM-010841,2014,21100617507.0,0,1,1,17,11,28
KHM-010842,2014,21100706508.0,0,3,3,22,38,60
KHM-010843,2014,21100706903.0,28,12,40,406,407,813
KHM-010844,2014,21100709509.0,0,2,2,14,12,26
KHM-010845,2014,21100711529.0,0,1,1,16,19,35
KHM-010846,2014,21100712528.0,0,2,2,29,17,46
KHM-010847,2014,21100802527.0,0,1,1,11,11,22
KHM-010848,2014,21100805510.0,0,2,2,25,25,50
KHM-010849,2014,21100805905.0,18,13,31,397,470,867
KHM-010850,2014,21100807517.0,0,1,1,19,13,32
KHM-010851,2014,21100808521.0,0,1,1,15,20,35
KHM-010852,2014,21100809518.0,0,3,3,31,39,70
KHM-010853,2014,21100904511.0,0,1,1,19,32,51
KHM-010854,2014,21100904906.0,19,10,29,454,352,806
KHM-010855,2014,21101001531.0,1,1,2,39,60,99
KHM-010856,2014,21101001714.0,5,4,9,188,156,344
KHM-010857,2014,21101004512.0,1,0,1,11,9,20
KHM-010858,2014,21101102513.0,0,1,1,12,6,18
KHM-010859,2014,21101102904.0,31,7,38,363,400,763
KHM-010860,2014,21101108524.0,0,1,1,22,20,42
KHM-010861,2014,21101110532.0,0,2,2,24,16,40
KHM-010862,2014,21101207520.0,0,2,2,26,25,51
KHM-010863,2014,21101209525.0,0,2,2,26,21,47
KHM-010864,2014,21101209709.0,1,5,6,123,113,236
KHM-010865,2014,21101306516.0,0,1,1,22,22,44
KHM-010866,2014,21101306711.0,10,1,11,170,129,299
KHM-010867,2014,21101407715.0,4,2,6,103,90,193
KHM-010868,2014,22010101501.0,0,2,2,21,26,47
KHM-010869,2014,22010101703.0,11,9,20,112,102,214
KHM-010870,2014,22010102503.0,0,2,2,26,24,50
KHM-010871,2014,22010201502.0,0,2,2,43,47,90
KHM-010872,2014,22010202505.0,0,1,1,17,10,27
KHM-010873,2014,22010203504.0,0,2,2,31,32,63
KHM-010874,2014,22010203702.0,12,8,20,123,106,229
KHM-010875,2014,22020201510.0,0,1,1,14,11,25
KHM-010876,2014,22020203504.0,0,1,1,16,20,36
KHM-010877,2014,22020203505.0,0,1,1,6,9,15
KHM-010878,2014,22020203508.0,0,1,1,4,5,9
KHM-010879,2014,22020204502.0,0,3,3,35,31,66
KHM-010880,2014,22020204701.0,22,7,29,185,182,367
KHM-010881,2014,22020205503.0,1,0,1,8,7,15
KHM-010882,2014,22020205509.0,0,1,1,4,8,12
KHM-010883,2014,22020302703.0,14,7,21,105,130,235
KHM-010884,2014,23010101510.0,0,1,1,16,17,33
KHM-010885,2014,23010105701.0,13,9,22,118,86,204
KHM-010886,2014,23010201505.0,0,2,2,10,20,30
KHM-010887,2014,23010205507.0,0,1,1,0,13,13
KHM-010888,2014,23010209501.0,0,3,3,42,28,70
KHM-010889,2014,23010209702.0,19,14,33,169,167,336
KHM-010890,2014,23010301506.0,0,2,2,15,23,38
KHM-010891,2014,23010302502.0,0,2,2,32,23,55
KHM-010892,2014,23010302901.0,71,41,112,850,851,1701
KHM-010893,2014,23010304504.0,0,1,1,10,5,15
KHM-010894,2014,23010403503.0,0,2,2,23,37,60
KHM-010895,2014,23010404508.0,0,1,1,21,30,51
KHM-010896,2014,23010410703.0,9,4,13,63,73,136
KHM-010897,2014,23020103503.0,0,2,2,69,88,157
KHM-010898,2014,23020104901.0,31,12,43,293,284,577
KHM-010899,2014,23020106507.0,0,0,0,5,7,12
KHM-010900,2014,23020206504.0,0,0,0,12,13,25
KHM-010901,2014,23020207502.0,0,1,1,14,18,32
KHM-010902,2014,23020207704.0,9,14,23,188,148,336
KHM-010903,2014,23020211501.0,0,1,1,12,14,26
KHM-010904,2014,23020213702.0,16,7,23,91,92,183
KHM-010905,2014,23020301505.0,0,1,1,27,22,49
KHM-010906,2014,23020409506.0,0,0,0,9,11,20
KHM-010907,2014,23020411703.0,13,2,15,79,79,158
KHM-010908,2014,24010105501.0,0,2,2,22,28,50
KHM-010909,2014,24010105901.0,34,21,55,752,747,1499
KHM-010910,2014,24010111506.0,0,1,1,13,12,25
KHM-010911,2014,24010202502.0,0,1,1,9,12,21
KHM-010912,2014,24010205507.0,1,0,1,6,9,15
KHM-010913,2014,24010206509.0,0,1,1,12,13,25
KHM-010914,2014,24010207703.0,4,3,7,47,38,85
KHM-010915,2014,24010301503.0,0,1,1,30,36,66
KHM-010916,2014,24010301702.0,11,2,13,198,192,390
KHM-010917,2014,24010305510.0,0,1,1,20,22,42
KHM-010918,2014,24010306508.0,0,1,1,14,8,22
KHM-010919,2014,24010316504.0,0,2,2,20,31,51
KHM-010920,2014,24010404509.0,0,1,1,16,9,25
KHM-010921,2014,24010404701.0,5,2,7,83,76,159
KHM-010922,2014,24010504704.0,4,4,8,85,84,169
KHM-010923,2014,24020108511.0,0,1,1,3,3,6
KHM-010924,2014,24020119505.0,0,1,1,14,10,24
KHM-010925,2014,24020119704.0,5,1,6,57,57,114
KHM-010926,2014,24020201501.0,0,1,1,11,9,20
KHM-010927,2014,24020201705.0,2,4,6,59,84,143
KHM-010928,2014,24020208508.0,0,1,1,6,4,10
KHM-010929,2014,24020211507.0,0,1,1,7,8,15
KHM-010930,2014,24020302503.0,0,1,1,6,6,12
KHM-010931,2014,24020302704.0,8,2,10,110,133,243
KHM-010932,2014,24020401510.0,0,1,1,22,21,43
KHM-010933,2014,24020403502.0,0,1,1,19,21,40
KHM-010934,2014,24020403901.0,28,9,37,446,425,871
KHM-010935,2014,24020410703.0,7,4,11,113,125,238
KHM-010936,2014,24030101505.0,0,2,2,12,8,20
KHM-010937,2014,24030102703.0,6,3,9,96,84,180
KHM-010938,2014,24030201501.0,0,3,3,40,41,81
KHM-010939,2014,24030201901.0,36,6,42,305,318,623
KHM-010940,2014,24030204502.0,0,1,1,10,15,25
KHM-010941,2014,24030303702.0,11,1,12,81,77,158
KHM-010942,2014,24030401503.0,0,1,1,10,15,25
KHM-010943,2014,24030401704.0,6,4,10,118,93,211
KHM-010944,2014,24040101705.0,4,3,7,54,84,138
KHM-010945,2014,24040201504.0,0,1,1,13,14,27
KHM-010946,2014,24040201706.0,6,5,11,96,100,196
KHM-010947,2014,24040207507.0,0,1,1,4,7,11
KHM-010948,2014,24040313707.0,4,2,6,42,44,86
KHM-010949,2014,24040315703.0,9,1,10,117,170,287
KHM-010950,2014,24040401502.0,0,2,2,60,58,118
KHM-010951,2014,24040404702.0,16,24,40,583,663,1246
KHM-010952,2014,24040404901.0,28,10,38,439,470,909
KHM-010953,2014,24040407501.0,0,4,4,47,50,97
KHM-010954,2014,24040407503.0,0,2,2,41,41,82
KHM-010955,2014,24040504701.0,8,1,9,167,139,306
KHM-010956,2014,24050103501.0,0,1,1,18,17,35
KHM-010957,2014,24050104504.0,0,1,1,15,14,29
KHM-010958,2014,24050107901.0,11,3,14,150,121,271
KHM-010959,2014,24050108703.0,5,1,6,73,85,158
KHM-010960,2014,24050602702.0,6,2,8,116,85,201
KHM-010961,2014,24050605502.0,0,1,1,16,19,35
KHM-010962,2014,21021407514.0,0,0,0,0,0,0
KHM-010963,2014,21040403703.0,0,0,0,0,0,0
KHM-010964,2014,21040905522.0,0,0,0,0,0,0
KHM-010965,2014,21090605703.0,0,0,0,0,0,0
KHM-010966,2014,21100408707.0,0,0,0,0,0,0
KHM-010967,2014,21101205515.0,0,0,0,0,0,0
KHM-010968,2014,22010201901.0,0,0,0,0,0,0
KHM-010969,2014,22020101001.0,0,0,0,0,0,0
KHM-010970,2014,22020101501.0,0,0,0,0,0,0
KHM-010971,2014,22020102002.0,0,0,0,0,0,0
KHM-010972,2014,22020102008.0,0,0,0,0,0,0
KHM-010973,2014,22020102506.0,0,0,0,0,0,0
KHM-010974,2014,22020102507.0,0,0,0,0,0,0
KHM-010975,2014,22020102901.0,0,0,0,0,0,0
KHM-010976,2014,22020302510.0,0,0,0,0,0,0
KHM-010977,2014,23010303509.0,0,0,0,0,0,0
KHM-010978,2014,23010411511.0,0,0,0,0,0,0
KHM-010979,2014,24010503505.0,0,0,0,0,0,0
KHM-010980,2014,24020109504.0,0,0,0,0,0,0
KHM-010981,2014,24020109702.0,0,0,0,0,0,0
KHM-010982,2014,24020110509.0,0,0,0,0,0,0
KHM-010983,2014,24020301506.0,0,0,0,0,0,0
KHM-010984,2014,24020310057.0,0,0,0,0,0,0
KHM-010985,2014,24030402504.0,0,0,0,0,0,0
KHM-010986,2014,24040107038.0,0,0,0,0,0,0
KHM-010987,2014,24040308506.0,0,0,0,0,0,0
KHM-010988,2014,24040313505.0,0,0,0,0,0,0
KHM-010989,2014,24050301505.0,0,0,0,0,0,0
