geo_id,year,deped_id,total_teacher_male,total_teacher_female,total_teachers,total_student_male,total_student_female,total_student_enrollment
TAN-000000,2021,EM.1865,3,10,13,248,193,441
TAN-000003,2021,EM.4582,2,8,10,247,241,488
TAN-000006,2021,EM.3409,5,8,13,180,214,394
TAN-000009,2021,EM.4030,4,2,6,193,209,402
TAN-000012,2021,EM.11343,5,14,19,696,768,1464
TAN-000015,2021,EM.18772,0,4,4,244,252,496
TAN-000018,2021,EM.4032,6,3,9,166,178,344
TAN-000021,2021,EM.11082,4,5,9,319,329,648
TAN-000024,2021,EM.5790,5,5,10,267,310,577
TAN-000027,2021,EM.2012,3,3,6,52,63,115
TAN-000030,2021,EM.13504,7,7,14,59,62,121
TAN-000033,2021,EM.7602,1,17,18,382,419,801
TAN-000036,2021,EM.10716,1,15,16,343,378,721
TAN-000039,2021,EM.13029,2,16,18,327,235,562
TAN-000042,2021,EM.7604,3,12,15,332,350,682
TAN-000045,2021,EM.3408,1,20,21,513,504,1017
TAN-000048,2021,EM.735,1,11,12,338,357,695
TAN-000051,2021,EM.4578,1,10,11,170,182,352
TAN-000054,2021,EM.14311,12,15,27,250,276,526
TAN-000057,2021,EM.3022,9,4,13,283,371,654
TAN-000060,2021,EM.2011,2,12,14,273,279,552
TAN-000063,2021,EM.6944,4,6,10,264,242,506
TAN-000066,2021,EM.4035,3,9,12,320,303,623
TAN-000069,2021,EM.9230,3,8,11,240,222,462
TAN-000072,2021,EM.11560,2,20,22,307,275,582
TAN-000075,2021,EM.14966,8,5,13,115,100,215
TAN-000078,2021,EM.13030,4,12,16,339,386,725
TAN-000081,2021,EM.4034,4,4,8,256,236,492
TAN-000084,2021,EM.14568,9,3,12,71,111,182
TAN-000086,2021,EM.1172,4,4,8,260,287,547
TAN-000089,2021,EM.1562,1,5,6,119,121,240
TAN-000092,2021,EM.4584,8,3,11,398,433,831
TAN-000095,2021,EM.4581,3,3,6,181,159,340
TAN-000098,2021,EM.13506,2,5,7,167,159,326
TAN-000100,2021,EM.7603,3,7,10,268,300,568
TAN-000103,2021,EM.1173,7,8,15,254,245,499
TAN-000106,2021,EM.11559,5,2,7,145,159,304
TAN-000109,2021,EM.11562,5,2,7,225,193,418
TAN-000112,2021,EM.2600,6,13,19,508,704,1212
TAN-000115,2021,EM.2348,5,1,6,239,295,534
TAN-000118,2021,EM.6945,2,9,11,263,340,603
TAN-000121,2021,EM.6946,5,3,8,398,390,788
TAN-000124,2021,EM.3023,3,4,7,253,250,503
TAN-000127,2021,EM.9231,2,5,7,94,64,158
TAN-000128,2021,EM.6937,2,15,17,524,452,976
TAN-000131,2021,EM.2210,2,9,11,273,312,585
TAN-000134,2021,EM.991,1,12,13,250,297,547
TAN-000137,2021,EM.11557,2,14,16,402,398,800
TAN-000140,2021,EM.13507,12,7,19,148,139,287
TAN-000143,2021,EM.7605,5,26,31,534,571,1105
TAN-000146,2021,EM.2856,1,11,12,446,540,986
TAN-000149,2021,EM.11084,8,8,16,564,626,1190
TAN-000152,2021,EM.8200,9,38,47,1053,1080,2133
TAN-000155,2021,EM.14320,12,15,27,228,255,483
TAN-000158,2021,EM.13034,7,5,12,110,100,210
TAN-000161,2021,EM.10890,4,5,9,61,53,114
TAN-000164,2021,EM.14314,2,12,14,346,340,686
TAN-000167,2021,EM.2013,5,14,19,455,492,947
TAN-000170,2021,EM.11086,5,30,35,912,849,1761
TAN-000173,2021,EM.12383,4,5,9,76,87,163
TAN-000176,2021,EM.13511,12,8,20,291,271,562
TAN-000179,2021,EM.12385,9,7,16,119,134,253
TAN-000182,2021,EM.1563,6,31,37,501,523,1024
TAN-000188,2021,EM.4837,2,24,26,372,435,807
TAN-000194,2021,EM.6152,8,17,25,675,681,1356
TAN-000200,2021,EM.13036,6,16,22,399,360,759
TAN-000203,2021,EM.295,3,31,34,656,675,1331
TAN-000206,2021,EM.1564,4,15,19,522,538,1060
TAN-000209,2021,EM.13888,8,2,10,133,143,276
TAN-000211,2021,EM.5792,7,15,22,615,619,1234
TAN-000214,2021,EM.11566,6,7,13,118,108,226
TAN-000217,2021,EM.12384,13,14,27,299,338,637
TAN-000220,2021,EM.8275,2,27,29,640,592,1232
TAN-000223,2021,EM.13887,6,3,9,91,100,191
TAN-000226,2021,EM.1770,3,14,17,264,283,547
TAN-000229,2021,EM.6950,2,15,17,411,369,780
TAN-000230,2021,EM.13515,2,15,17,291,299,590
TAN-000233,2021,EM.12380,3,6,9,43,38,81
TAN-000236,2021,EM.13510,2,29,31,761,701,1462
TAN-000239,2021,EM.11569,2,7,9,37,47,84
TAN-000240,2021,EM.14312,11,14,25,411,437,848
TAN-000243,2021,EM.8201,4,26,30,868,833,1701
TAN-000246,2021,EM.13508,41,13,54,705,678,1383
TAN-000249,2021,EM.993,8,49,57,1680,1571,3251
TAN-000252,2021,EM.11563,5,8,13,111,159,270
TAN-000255,2021,EM.14570,6,5,11,84,106,190
TAN-000257,2021,EM.12381,6,7,13,146,123,269
TAN-000260,2021,EM.7608,2,16,18,402,419,821
TAN-000263,2021,EM.2857,3,34,37,884,931,1815
TAN-000266,2021,EM.11564,7,8,15,127,122,249
TAN-000269,2021,EM.657,3,9,12,165,145,310
TAN-000272,2021,EM.13038,11,8,19,181,166,347
TAN-000275,2021,EM.302,2,27,29,866,865,1731
TAN-000278,2021,EM.12377,28,24,52,541,568,1109
TAN-000281,2021,EM.13035,9,5,14,128,120,248
TAN-000284,2021,EM.2344,3,42,45,1067,1053,2120
TAN-000287,2021,EM.7607,5,12,17,566,579,1145
TAN-000290,2021,EM.10549,2,10,12,323,323,646
TAN-000293,2021,EM.10891,6,3,9,70,75,145
TAN-000296,2021,EM.2755,4,31,35,630,627,1257
TAN-000299,2021,EM.13512,3,22,25,624,617,1241
TAN-000302,2021,EM.7609,5,4,9,268,261,529
TAN-000305,2021,EM.14578,3,5,8,92,107,199
TAN-000308,2021,EM.5796,7,5,12,354,322,676
TAN-000311,2021,EM.10720,4,1,5,249,234,483
TAN-000314,2021,EM.10721,4,4,8,305,345,650
TAN-000317,2021,EM.13893,5,0,5,68,85,153
TAN-000319,2021,EM.14582,4,1,5,121,102,223
TAN-000322,2021,EM.7612,8,8,16,395,450,845
TAN-000325,2021,EM.10029,6,2,8,283,266,549
TAN-000328,2021,EM.994,8,1,9,274,242,516
TAN-000331,2021,EM.12390,7,1,8,220,200,420
TAN-000334,2021,EM.5793,4,5,9,214,184,398
TAN-000337,2021,EM.3024,5,2,7,241,246,487
TAN-000340,2021,EM.9232,7,1,8,252,243,495
TAN-000343,2021,EM.8823,7,2,9,157,155,312
TAN-000346,2021,EM.658,4,11,15,330,313,643
TAN-000349,2021,EM.8055,5,5,10,407,410,817
TAN-000352,2021,EM.10415,4,2,6,199,176,375
TAN-000355,2021,EM.13040,3,6,9,146,145,291
TAN-000358,2021,EM.1771,5,5,10,310,338,648
TAN-000361,2021,EM.1175,6,6,12,388,363,751
TAN-000364,2021,EM.6953,4,3,7,288,322,610
TAN-000367,2021,EM.10717,6,5,11,216,268,484
TAN-000370,2021,EM.13892,4,4,8,152,177,329
TAN-000372,2021,EM.10554,6,4,10,268,257,525
TAN-000375,2021,EM.4588,2,7,9,146,144,290
TAN-000378,2021,EM.14579,2,9,11,247,252,499
TAN-000381,2021,EM.3025,4,16,20,318,303,621
TAN-000384,2021,EM.7614,7,11,18,336,298,634
TAN-000387,2021,EM.8428,3,3,6,215,237,452
TAN-000390,2021,EM.12389,4,2,6,217,203,420
TAN-000393,2021,EM.13890,2,5,7,133,104,237
TAN-000395,2021,EM.12391,5,2,7,121,131,252
TAN-000398,2021,EM.807,4,3,7,112,101,213
TAN-000401,2021,EM.7611,5,1,6,116,127,243
TAN-000404,2021,EM.8429,5,24,29,636,632,1268
TAN-000407,2021,EM.13516,2,14,16,363,365,728
TAN-000410,2021,EM.737,6,9,15,267,240,507
TAN-000413,2021,EM.10268,4,3,7,144,128,272
TAN-000416,2021,EM.2533,2,7,9,241,202,443
TAN-000419,2021,EM.4590,8,3,11,157,171,328
TAN-000422,2021,EM.14581,6,2,8,154,144,298
TAN-000424,2021,EM.995,6,7,13,265,256,521
TAN-000427,2021,EM.17276,4,1,5,121,109,230
TAN-000430,2021,EM.7613,7,4,11,243,221,464
TAN-000433,2021,EM.3412,12,10,22,232,207,439
TAN-000436,2021,EM.10269,2,3,5,118,138,256
TAN-000439,2021,EM.996,4,9,13,313,314,627
TAN-000442,2021,EM.4589,4,6,10,282,233,515
TAN-000445,2021,EM.11089,1,13,14,297,264,561
TAN-000448,2021,EM.10414,5,2,7,127,99,226
TAN-000451,2021,EM.9335,6,1,7,157,135,292
TAN-000454,2021,EM.10553,1,6,7,216,216,432
TAN-000457,2021,EM.12387,3,6,9,142,133,275
TAN-000460,2021,EM.9334,3,4,7,195,165,360
TAN-000463,2021,EM.10718,2,5,7,131,127,258
TAN-000466,2021,EM.12392,4,2,6,121,110,231
TAN-000469,2021,EM.13891,5,2,7,108,103,211
TAN-000472,2021,EM.9050,5,10,15,300,311,611
TAN-000475,2021,EM.2451,3,7,10,140,146,286
TAN-000478,2021,EM.5795,3,5,8,239,229,468
TAN-000481,2021,EM.10031,6,2,8,149,147,296
TAN-000484,2021,EM.2345,5,10,15,284,291,575
TAN-000487,2021,EM.12395,3,7,10,164,166,330
TAN-000490,2021,EM.3413,3,9,12,406,332,738
TAN-000493,2021,EM.11572,7,4,11,308,247,555
TAN-000496,2021,EM.11573,4,2,6,190,188,378
TAN-000499,2021,EM.9336,5,3,8,204,139,343
TAN-000501,2021,EM.6955,4,5,9,355,234,589
TAN-000504,2021,EM.6954,10,3,13,458,211,669
TAN-000507,2021,EM.13896,6,1,7,222,137,359
TAN-000510,2021,EM.10723,9,7,16,715,651,1366
TAN-000513,2021,EM.4037,4,10,14,444,508,952
TAN-000516,2021,EM.6956,2,6,8,323,295,618
TAN-000519,2021,EM.3026,8,7,15,526,495,1021
TAN-000522,2021,EM.13894,4,6,10,87,50,137
TAN-000525,2021,EM.474,9,14,23,584,505,1089
TAN-000528,2021,EM.13895,4,4,8,313,318,631
TAN-000531,2021,EM.8056,4,3,7,299,260,559
TAN-000534,2021,EM.3745,1,10,11,332,356,688
TAN-000537,2021,EM.9133,3,5,8,251,257,508
TAN-000540,2021,EM.6957,4,8,12,376,340,716
TAN-000542,2021,EM.3253,3,8,11,394,416,810
TAN-000545,2021,EM.15205,6,10,16,299,248,547
TAN-000547,2021,EM.6958,4,6,10,483,432,915
TAN-000550,2021,EM.3254,2,6,8,233,227,460
TAN-000553,2021,EM.12396,2,23,25,444,451,895
TAN-000556,2021,EM.2346,1,20,21,468,454,922
TAN-000559,2021,EM.4043,5,7,12,231,246,477
TAN-000562,2021,EM.6962,2,9,11,104,122,226
TAN-000565,2021,EM.1461,4,3,7,166,156,322
TAN-000568,2021,EM.6963,2,7,9,187,159,346
TAN-000571,2021,EM.1459,3,5,8,177,180,357
TAN-000574,2021,EM.4039,2,8,10,170,161,331
TAN-000577,2021,EM.8357,4,2,6,116,100,216
TAN-000580,2021,EM.9459,1,8,9,221,205,426
TAN-000583,2021,EM.11580,1,9,10,97,95,192
TAN-000586,2021,EM.6960,4,3,7,121,120,241
TAN-000589,2021,EM.5798,3,3,6,145,140,285
TAN-000592,2021,EM.3255,3,5,8,267,222,489
TAN-000595,2021,EM.11581,2,2,4,188,173,361
TAN-000598,2021,EM.10556,6,1,7,97,91,188
TAN-000601,2021,EM.3027,6,2,8,244,220,464
TAN-000626,2021,EM.4599,6,9,15,317,315,632
TAN-000651,2021,EM.16772,2,8,10,214,267,481
TAN-000676,2021,EM.240,4,26,30,521,456,977
TAN-000701,2021,EM.4920,4,9,13,159,195,354
TAN-000726,2021,EM.693,1,14,15,295,291,586
TAN-000751,2021,EM.7261,3,12,15,417,449,866
TAN-000776,2021,EM.15696,3,10,13,302,241,543
TAN-000801,2021,EM.18369,7,6,13,374,363,737
TAN-000826,2021,EM.10668,7,24,31,725,759,1484
TAN-000851,2021,EM.12874,3,11,14,284,276,560
TAN-000876,2021,EM.7932,3,13,16,316,252,568
TAN-000901,2021,EM.12888,4,33,37,1587,1688,3275
TAN-000926,2021,EM.11516,4,13,17,480,492,972
TAN-000951,2021,EM.15186,4,13,17,260,256,516
TAN-000976,2021,EM.4028,2,18,20,308,338,646
TAN-001001,2021,EM.9051,2,3,5,285,245,530
TAN-001004,2021,EM.11096,3,3,6,246,247,493
TAN-001007,2021,EM.3028,2,4,6,228,199,427
TAN-001010,2021,EM.5802,4,6,10,288,334,622
TAN-001013,2021,EM.3746,5,5,10,122,148,270
TAN-001016,2021,EM.2756,3,6,9,281,238,519
TAN-001019,2021,EM.11097,4,4,8,137,127,264
TAN-001022,2021,EM.11579,3,4,7,173,168,341
TAN-001025,2021,EM.5801,5,3,8,244,221,465
TAN-001028,2021,EM.13044,7,2,9,167,165,332
TAN-001031,2021,EM.1460,2,7,9,180,195,375
TAN-001034,2021,EM.11578,7,3,10,189,162,351
TAN-001037,2021,EM.1566,3,6,9,177,203,380
TAN-001040,2021,EM.14583,1,7,8,231,240,471
TAN-001042,2021,EM.11093,4,1,5,98,105,203
TAN-001044,2021,EM.11575,3,4,7,125,117,242
TAN-001047,2021,EM.9052,4,2,6,138,140,278
TAN-001050,2021,EM.6961,1,4,5,87,64,151
TAN-001053,2021,EM.352,0,7,7,228,231,459
TAN-001056,2021,EM.1568,4,9,13,262,258,520
TAN-001059,2021,EM.1178,1,9,10,204,197,401
TAN-001062,2021,EM.303,4,9,13,139,116,255
TAN-001065,2021,EM.8057,3,12,15,238,222,460
TAN-001068,2021,EM.11095,1,8,9,109,133,242
TAN-001071,2021,EM.7621,4,7,11,198,173,371
TAN-001072,2021,EM.1567,4,4,8,186,202,388
TAN-001075,2021,EM.1177,2,8,10,144,146,290
TAN-001078,2021,EM.2106,0,16,16,172,118,290
TAN-001081,2021,EM.3414,1,7,8,207,193,400
TAN-001083,2021,EM.4044,4,10,14,314,292,606
TAN-001086,2021,EM.604,2,4,6,175,163,338
TAN-001089,2021,EM.8203,3,3,6,164,151,315
TAN-001092,2021,EM.2213,4,6,10,186,163,349
TAN-001095,2021,EM.808,5,3,8,130,122,252
TAN-001098,2021,EM.3256,2,8,10,178,163,341
TAN-001101,2021,EM.15412,4,1,5,84,73,157
TAN-001104,2021,EM.7623,6,4,10,546,319,865
TAN-001107,2021,EM.605,7,8,15,682,438,1120
TAN-001110,2021,EM.6969,2,10,12,99,117,216
TAN-001113,2021,EM.10898,2,8,10,249,249,498
TAN-001116,2021,EM.11101,1,12,13,387,316,703
TAN-001119,2021,EM.7624,0,9,9,294,171,465
TAN-001122,2021,EM.12404,6,3,9,217,153,370
TAN-001125,2021,EM.10271,4,4,8,192,157,349
TAN-001128,2021,EM.6966,4,4,8,182,270,452
TAN-001131,2021,EM.5805,3,5,8,245,310,555
TAN-001134,2021,EM.11106,3,8,11,323,385,708
TAN-001137,2021,EM.9137,7,1,8,263,270,533
TAN-001140,2021,EM.11104,2,7,9,137,114,251
TAN-001143,2021,EM.3029,3,13,16,463,493,956
TAN-001151,2021,EM.2249,0,6,6,164,193,357
TAN-001159,2021,EM.17263,4,4,8,369,317,686
TAN-001167,2021,EM.3416,4,5,9,254,271,525
TAN-001170,2021,EM.9136,8,3,11,370,365,735
TAN-001173,2021,EM.6967,4,4,8,261,373,634
TAN-001176,2021,EM.6968,3,12,15,288,469,757
TAN-001179,2021,EM.15216,2,10,12,208,237,445
TAN-001181,2021,EM.10726,7,1,8,261,329,590
TAN-001184,2021,EM.6970,4,6,10,291,430,721
TAN-001187,2021,EM.6971,6,5,11,245,462,707
TAN-001190,2021,EM.3257,4,9,13,245,252,497
TAN-001193,2021,EM.13522,1,11,12,174,191,365
TAN-001196,2021,EM.6972,5,4,9,295,263,558
TAN-001199,2021,EM.11105,3,5,8,323,289,612
TAN-001202,2021,EM.8968,6,1,7,264,239,503
TAN-001205,2021,EM.10897,7,3,10,400,238,638
TAN-001208,2021,EM.4600,10,10,20,705,536,1241
TAN-001211,2021,EM.10270,6,2,8,122,131,253
TAN-001214,2021,EM.6964,3,7,10,224,386,610
TAN-001217,2021,EM.5803,6,5,11,285,407,692
TAN-001220,2021,EM.6974,5,1,6,306,182,488
TAN-001223,2021,EM.10901,2,2,4,368,159,527
TAN-001226,2021,EM.659,4,6,10,513,245,758
TAN-001229,2021,EM.13047,6,2,8,184,107,291
TAN-001232,2021,EM.11112,7,3,10,260,251,511
TAN-001235,2021,EM.7626,5,1,6,395,213,608
TAN-001238,2021,EM.13046,5,2,7,277,174,451
TAN-001241,2021,EM.9583,3,6,9,211,213,424
TAN-001244,2021,EM.3030,4,2,6,161,150,311
TAN-001247,2021,EM.7631,6,4,10,363,302,665
TAN-001250,2021,EM.3418,3,4,7,275,173,448
TAN-001252,2021,EM.2215,8,7,15,911,573,1484
TAN-001255,2021,EM.7625,4,4,8,452,249,701
TAN-001258,2021,EM.606,2,6,8,481,360,841
TAN-001261,2021,EM.10727,2,2,4,300,153,453
TAN-001264,2021,EM.7629,4,2,6,309,167,476
TAN-001267,2021,EM.9460,3,4,7,122,124,246
TAN-001270,2021,EM.1710,4,5,9,463,483,946
TAN-001273,2021,EM.11588,2,4,6,359,307,666
TAN-001276,2021,EM.6976,4,3,7,447,268,715
TAN-001279,2021,EM.14585,12,2,14,392,420,812
TAN-001282,2021,EM.7630,5,3,8,294,310,604
TAN-001285,2021,EM.10902,4,4,8,257,254,511
TAN-001288,2021,EM.11110,6,1,7,261,211,472
TAN-001291,2021,EM.8058,2,7,9,616,450,1066
TAN-001294,2021,EM.547,2,8,10,215,243,458
TAN-001297,2021,EM.6978,2,5,7,160,176,336
TAN-001300,2021,EM.11587,4,2,6,180,184,364
TAN-001303,2021,EM.10275,7,1,8,204,229,433
TAN-001306,2021,EM.1773,5,2,7,289,368,657
TAN-001309,2021,EM.10273,7,2,9,217,210,427
TAN-001312,2021,EM.4046,3,5,8,165,164,329
TAN-001315,2021,EM.9055,5,2,7,150,204,354
TAN-001318,2021,EM.11586,4,2,6,559,303,862
TAN-001321,2021,EM.13523,2,3,5,228,202,430
TAN-001324,2021,EM.2216,3,5,8,244,251,495
TAN-001327,2021,EM.17010,8,35,43,810,851,1661
TAN-001330,2021,EM.17011,5,26,31,590,564,1154
TAN-001333,2021,EM.13049,5,23,28,688,705,1393
TAN-001336,2021,EM.12407,10,30,40,1056,1100,2156
TAN-001339,2021,EM.5806,7,25,32,1091,1155,2246
TAN-001346,2021,EM.16018,10,3,13,416,437,853
TAN-001353,2021,EM.14587,10,21,31,1108,1191,2299
TAN-001356,2021,EM.12413,5,29,34,1540,1508,3048
TAN-001359,2021,EM.11131,6,4,10,664,703,1367
TAN-001362,2021,EM.10904,2,20,22,317,240,557
TAN-001365,2021,EM.10034,8,6,14,141,196,337
TAN-001367,2021,EM.14988,0,9,9,147,139,286
TAN-001370,2021,EM.2452,2,23,25,365,334,699
TAN-001373,2021,EM.476,2,25,27,680,651,1331
TAN-001379,2021,EM.2617,2,10,12,207,172,379
TAN-001385,2021,EM.14994,23,17,40,460,458,918
TAN-001388,2021,EM.11610,3,14,17,380,364,744
TAN-001391,2021,EM.3258,2,22,24,432,424,856
TAN-001392,2021,EM.1569,3,16,19,218,168,386
TAN-001395,2021,EM.9057,6,30,36,826,779,1605
TAN-001398,2021,EM.10728,2,38,40,933,907,1840
TAN-001401,2021,EM.11616,4,30,34,792,861,1653
TAN-001404,2021,EM.11597,3,38,41,924,918,1842
TAN-001407,2021,EM.2861,5,43,48,670,637,1307
TAN-001410,2021,EM.14590,20,21,41,409,413,822
TAN-001412,2021,EM.14997,7,7,14,121,132,253
TAN-001414,2021,EM.15223,8,6,14,170,141,311
TAN-001416,2021,EM.14333,20,9,29,253,262,515
TAN-001418,2021,EM.14993,24,15,39,325,346,671
TAN-001420,2021,EM.8059,4,25,29,656,628,1284
TAN-001423,2021,EM.12409,0,38,38,1099,1142,2241
TAN-001426,2021,EM.5807,6,36,42,1414,1362,2776
TAN-001429,2021,EM.13050,4,23,27,579,625,1204
TAN-001432,2021,EM.10907,2,26,28,854,1027,1881
TAN-001435,2021,EM.181,4,30,34,645,646,1291
TAN-001438,2021,EM.12408,1,26,27,751,749,1500
TAN-001441,2021,EM.11596,3,28,31,635,615,1250
TAN-001444,2021,EM.3419,4,21,25,1177,1015,2192
TAN-001447,2021,EM.1711,7,36,43,1435,1319,2754
TAN-001450,2021,EM.11119,7,50,57,1989,1926,3915
TAN-001453,2021,EM.11592,4,17,21,521,602,1123
TAN-001456,2021,EM.11599,1,18,19,491,504,995
TAN-001459,2021,EM.7633,1,14,15,437,479,916
TAN-001462,2021,EM.11126,2,18,20,485,520,1005
TAN-001465,2021,EM.11130,3,20,23,693,783,1476
TAN-001468,2021,EM.2111,1,17,18,491,514,1005
TAN-001471,2021,EM.4601,4,24,28,1071,1084,2155
TAN-001474,2021,EM.11609,8,22,30,1366,1369,2735
TAN-001477,2021,EM.11619,4,32,36,1450,1454,2904
TAN-001480,2021,EM.256,3,18,21,196,188,384
TAN-001483,2021,EM.10905,8,2,10,234,264,498
TAN-001486,2021,EM.11601,8,13,21,1603,1606,3209
TAN-001489,2021,EM.11606,7,13,20,1224,1227,2451
TAN-001492,2021,EM.4602,7,19,26,1462,1475,2937
TAN-001495,2021,EM.7634,8,10,18,847,869,1716
TAN-001498,2021,EM.11600,4,35,39,1220,1243,2463
TAN-001501,2021,EM.13526,6,9,15,104,150,254
TAN-001503,2021,EM.11603,3,26,29,592,610,1202
TAN-001506,2021,EM.10035,2,31,33,630,638,1268
TAN-001509,2021,EM.10419,92,38,130,702,713,1415
TAN-001511,2021,EM.11125,3,23,26,470,467,937
TAN-001514,2021,EM.304,8,72,80,731,732,1463
TAN-001517,2021,EM.11615,1,22,23,641,662,1303
TAN-001520,2021,EM.10903,3,29,32,795,819,1614
TAN-001523,2021,EM.11116,4,19,23,682,654,1336
TAN-001526,2021,EM.11612,3,38,41,1045,613,1658
TAN-001529,2021,EM.13531,5,22,27,576,582,1158
TAN-001532,2021,EM.11617,1,20,21,511,488,999
TAN-001535,2021,EM.11120,2,25,27,1659,1547,3206
TAN-001538,2021,EM.11122,5,21,26,843,838,1681
TAN-001541,2021,EM.11124,5,30,35,1070,1161,2231
TAN-001544,2021,EM.809,6,30,36,827,820,1647
TAN-001547,2021,EM.7635,6,23,29,657,698,1355
TAN-001550,2021,EM.1180,9,18,27,401,431,832
TAN-001553,2021,EM.14334,2,18,20,404,404,808
TAN-001556,2021,EM.11622,4,19,23,928,995,1923
TAN-001559,2021,EM.4049,6,34,40,1226,1083,2309
TAN-001562,2021,EM.3031,6,8,14,503,452,955
TAN-001565,2021,EM.5808,5,29,34,1261,1296,2557
TAN-001568,2021,EM.10732,9,24,33,713,642,1355
TAN-001571,2021,EM.2349,5,26,31,1233,1194,2427
TAN-001579,2021,EM.12878,4,18,22,590,659,1249
TAN-001587,2021,EM.12415,4,18,22,834,834,1668
TAN-001590,2021,EM.11620,7,1,8,108,106,214
TAN-001593,2021,EM.14592,15,6,21,167,178,345
TAN-001595,2021,EM.2112,5,20,25,563,547,1110
TAN-001598,2021,EM.4603,4,9,13,490,438,928
TAN-001601,2021,EM.8969,5,11,16,496,433,929
TAN-001604,2021,EM.5809,7,19,26,790,681,1471
TAN-001607,2021,EM.12414,12,13,25,419,398,817
TAN-001609,2021,EM.13532,3,3,6,31,33,64
TAN-001611,2021,EM.4605,5,23,28,749,783,1532
TAN-001623,2021,EM.4290,6,21,27,497,509,1006
TAN-001635,2021,EM.14999,10,2,12,195,173,368
TAN-001638,2021,EM.8277,7,20,27,1045,1023,2068
TAN-001641,2021,EM.4606,3,29,32,1244,1288,2532
TAN-001644,2021,EM.1713,8,33,41,1046,1029,2075
TAN-001647,2021,EM.14595,12,8,20,196,176,372
TAN-001650,2021,EM.13901,4,7,11,62,78,140
TAN-001652,2021,EM.14596,20,12,32,294,318,612
TAN-001655,2021,EM.11145,4,44,48,1132,1214,2346
TAN-001658,2021,EM.4607,2,13,15,374,325,699
TAN-001661,2021,EM.11142,7,8,15,423,454,877
TAN-001664,2021,EM.15001,7,5,12,205,238,443
TAN-001667,2021,EM.10913,20,58,78,495,498,993
TAN-001669,2021,EM.3421,2,21,23,685,659,1344
TAN-001672,2021,EM.10559,2,10,12,289,277,566
TAN-001675,2021,EM.11141,0,19,19,748,612,1360
TAN-001678,2021,EM.14337,13,15,28,224,245,469
TAN-001680,2021,EM.11152,2,14,16,390,410,800
TAN-001683,2021,EM.11153,3,11,14,307,306,613
TAN-001686,2021,EM.11631,9,3,12,94,90,184
TAN-001689,2021,EM.13052,11,12,23,243,189,432
TAN-001692,2021,EM.4050,5,27,32,655,771,1426
TAN-001695,2021,EM.11137,5,13,18,415,381,796
TAN-001698,2021,EM.11143,7,21,28,760,765,1525
TAN-001701,2021,EM.8205,1,10,11,261,235,496
TAN-001704,2021,EM.11147,3,7,10,321,341,662
TAN-001707,2021,EM.4609,3,9,12,126,104,230
TAN-001710,2021,EM.11630,1,7,8,195,155,350
TAN-001713,2021,EM.7636,4,12,16,403,413,816
TAN-001716,2021,EM.11625,12,7,19,152,129,281
TAN-001719,2021,EM.13540,10,8,18,128,144,272
TAN-001721,2021,EM.10912,6,15,21,283,256,539
TAN-001723,2021,EM.13534,4,8,12,88,79,167
TAN-001726,2021,EM.13536,12,3,15,215,180,395
TAN-001729,2021,EM.13053,5,12,17,402,402,804
TAN-001732,2021,EM.2350,6,42,48,1223,1215,2438
TAN-001735,2021,EM.14771,14,6,20,170,161,331
TAN-001738,2021,EM.4055,4,23,27,854,956,1810
TAN-001741,2021,EM.11146,6,27,33,943,965,1908
TAN-001744,2021,EM.11628,3,36,39,1010,1058,2068
TAN-001747,2021,EM.10278,3,16,19,313,281,594
TAN-001750,2021,EM.13906,14,2,16,224,184,408
TAN-001753,2021,EM.2352,5,15,20,517,472,989
TAN-001756,2021,EM.14770,7,4,11,67,61,128
TAN-001759,2021,EM.4052,6,18,24,847,825,1672
TAN-001762,2021,EM.17036,16,40,56,845,827,1672
TAN-001765,2021,EM.13902,8,5,13,100,94,194
TAN-001768,2021,EM.8204,2,12,14,360,355,715
TAN-001771,2021,EM.13054,2,12,14,285,312,597
TAN-001774,2021,EM.6981,2,19,21,440,434,874
TAN-001777,2021,EM.6982,4,16,20,416,374,790
TAN-001780,2021,EM.11139,3,24,27,784,757,1541
TAN-001783,2021,EM.11140,1,12,13,380,358,738
TAN-001786,2021,EM.11154,2,9,11,338,317,655
TAN-001789,2021,EM.11138,6,21,27,646,677,1323
TAN-001792,2021,EM.10915,4,25,29,791,799,1590
TAN-001795,2021,EM.11136,4,16,20,422,474,896
TAN-001798,2021,EM.4054,4,15,19,461,424,885
TAN-001801,2021,EM.13900,6,10,16,136,106,242
TAN-001804,2021,EM.13903,7,16,23,437,454,891
TAN-001807,2021,EM.13541,16,29,45,422,398,820
TAN-001809,2021,EM.8206,5,7,12,145,170,315
TAN-001812,2021,EM.11623,5,7,12,37,39,76
TAN-001815,2021,EM.11133,3,7,10,227,195,422
TAN-001818,2021,EM.4053,6,17,23,423,420,843
TAN-001821,2021,EM.14772,11,6,17,205,211,416
TAN-001823,2021,EM.810,13,16,29,564,662,1226
TAN-001826,2021,EM.12417,7,7,14,152,149,301
TAN-001828,2021,EM.1866,2,13,15,304,286,590
TAN-001831,2021,EM.10916,4,7,11,261,227,488
TAN-001834,2021,EM.11150,5,13,18,467,434,901
TAN-001837,2021,EM.2351,4,11,15,408,420,828
TAN-001840,2021,EM.11134,7,19,26,786,820,1606
TAN-001843,2021,EM.4057,4,32,36,936,954,1890
TAN-001846,2021,EM.14593,1,23,24,701,716,1417
TAN-001848,2021,EM.13537,12,12,24,153,144,297
TAN-001850,2021,EM.9233,6,36,42,1046,1075,2121
TAN-001853,2021,EM.11149,6,33,39,1068,1108,2176
TAN-001856,2021,EM.11629,2,42,44,1049,1156,2205
TAN-001859,2021,EM.12419,4,32,36,1123,967,2090
TAN-001862,2021,EM.2757,7,19,26,729,709,1438
TAN-001865,2021,EM.11645,6,17,23,281,262,543
TAN-001868,2021,EM.11646,6,31,37,1046,1145,2191
TAN-001871,2021,EM.3034,7,17,24,768,783,1551
TAN-001874,2021,EM.11649,4,22,26,457,453,910
TAN-001877,2021,EM.11632,16,54,70,2217,2145,4362
TAN-001880,2021,EM.2453,7,55,62,2209,2197,4406
TAN-001883,2021,EM.9587,16,59,75,2840,2834,5674
TAN-001886,2021,EM.14776,19,6,25,397,424,821
TAN-001889,2021,EM.4615,17,82,99,3606,3689,7295
TAN-001892,2021,EM.11640,7,37,44,1985,2044,4029
TAN-001895,2021,EM.11638,9,28,37,1351,1379,2730
TAN-001898,2021,EM.10561,8,41,49,1687,1737,3424
TAN-001901,2021,EM.11642,8,43,51,1982,2004,3986
TAN-001904,2021,EM.11633,8,28,36,851,904,1755
TAN-001907,2021,EM.11636,14,23,37,394,393,787
TAN-001909,2021,EM.4616,9,40,49,1190,1172,2362
TAN-001912,2021,EM.12422,4,19,23,988,958,1946
TAN-001915,2021,EM.10562,7,28,35,1140,1129,2269
TAN-001921,2021,EM.769,1,26,27,220,210,430
TAN-001927,2021,EM.12423,6,15,21,339,288,627
TAN-001930,2021,EM.11159,6,9,15,176,160,336
TAN-001933,2021,EM.11637,7,32,39,1367,1445,2812
TAN-001936,2021,EM.11157,11,37,48,1503,1591,3094
TAN-001939,2021,EM.305,8,46,54,1685,1670,3355
TAN-001942,2021,EM.12424,7,34,41,1436,1468,2904
TAN-001945,2021,EM.11639,9,39,48,1206,1326,2532
TAN-001948,2021,EM.10563,4,33,37,1150,1158,2308
TAN-001951,2021,EM.11644,11,42,53,1863,1899,3762
TAN-001954,2021,EM.4614,20,56,76,2113,2272,4385
TAN-001957,2021,EM.11635,4,5,9,82,74,156
TAN-001959,2021,EM.10917,16,62,78,2415,2538,4953
TAN-001962,2021,EM.11155,3,15,18,354,349,703
TAN-001965,2021,EM.4058,10,28,38,477,448,925
TAN-001968,2021,EM.1867,3,16,19,287,256,543
TAN-001971,2021,EM.11643,7,17,24,147,179,326
TAN-001974,2021,EM.660,7,17,24,594,582,1176
TAN-001977,2021,EM.13059,4,22,26,492,469,961
TAN-001980,2021,EM.11652,27,24,51,486,504,990
TAN-001982,2021,EM.11156,7,23,30,1039,1094,2133
TAN-001985,2021,EM.1868,5,41,46,1237,1349,2586
TAN-001988,2021,EM.3033,3,23,26,724,707,1431
TAN-001991,2021,EM.10918,11,40,51,1393,1368,2761
TAN-001994,2021,EM.14341,7,32,39,1313,1293,2606
TAN-001997,2021,EM.13543,4,4,8,61,72,133
TAN-001999,2021,EM.4612,5,22,27,802,796,1598
TAN-002002,2021,EM.4617,5,34,39,719,750,1469
TAN-002005,2021,EM.14124,5,14,19,387,376,763
TAN-002008,2021,EM.17038,1,16,17,391,372,763
TAN-002011,2021,EM.4613,5,13,18,270,272,542
TAN-002014,2021,EM.12427,3,16,19,312,276,588
TAN-002017,2021,EM.1181,10,16,26,361,348,709
TAN-002022,2021,EM.14116,5,2,7,185,171,356
TAN-002027,2021,EM.12430,1,13,14,348,333,681
TAN-002030,2021,EM.4611,7,39,46,1385,1401,2786
TAN-002033,2021,EM.5814,7,43,50,1586,1583,3169
TAN-002036,2021,EM.11647,9,50,59,1984,2001,3985
TAN-002039,2021,EM.3035,14,45,59,2007,1985,3992
TAN-002042,2021,EM.14340,5,48,53,1535,1547,3082
TAN-002045,2021,EM.3422,5,46,51,1209,1213,2422
TAN-002048,2021,EM.13547,6,14,20,605,615,1220
TAN-002050,2021,EM.11174,4,34,38,902,816,1718
TAN-002053,2021,EM.13545,3,14,17,276,277,553
TAN-002056,2021,EM.3423,10,64,74,1469,1465,2934
TAN-002059,2021,EM.11171,5,46,51,873,881,1754
TAN-002062,2021,EM.5818,2,46,48,1032,992,2024
TAN-002065,2021,EM.15427,6,33,39,1265,1265,2530
TAN-002067,2021,EM.11657,4,34,38,849,849,1698
TAN-002070,2021,EM.10740,2,39,41,1138,1055,2193
TAN-002073,2021,EM.13061,2,24,26,1140,1181,2321
TAN-002076,2021,EM.4059,3,34,37,933,892,1825
TAN-002079,2021,EM.11162,7,27,34,993,1038,2031
TAN-002082,2021,EM.11656,2,16,18,558,518,1076
TAN-002085,2021,EM.7638,5,43,48,1340,1281,2621
TAN-002088,2021,EM.5819,3,28,31,920,888,1808
TAN-002091,2021,EM.11663,9,6,15,179,189,368
TAN-002093,2021,EM.4620,3,11,14,356,382,738
TAN-002096,2021,EM.11164,11,1,12,176,108,284
TAN-002099,2021,EM.11170,1,14,15,384,411,795
TAN-002102,2021,EM.4618,7,14,21,395,398,793
TAN-002105,2021,EM.10920,2,37,39,967,953,1920
TAN-002108,2021,EM.11659,3,21,24,496,484,980
TAN-002111,2021,EM.13062,2,17,19,298,319,617
TAN-002114,2021,EM.14603,14,6,20,198,239,437
TAN-002117,2021,EM.3036,6,15,21,456,399,855
TAN-002120,2021,EM.8208,4,29,33,922,999,1921
TAN-002123,2021,EM.11172,4,15,19,268,266,534
TAN-002126,2021,EM.11175,4,26,30,794,718,1512
TAN-002129,2021,EM.4619,7,24,31,729,745,1474
TAN-002132,2021,EM.7640,1,17,18,476,493,969
TAN-002135,2021,EM.14599,7,9,16,162,161,323
TAN-002138,2021,EM.14342,35,19,54,650,711,1361
TAN-002141,2021,EM.10280,6,46,52,1378,1346,2724
TAN-002144,2021,EM.10919,6,33,39,941,910,1851
TAN-002147,2021,EM.3424,7,53,60,1226,1243,2469
TAN-002150,2021,EM.13912,4,25,29,667,694,1361
TAN-002153,2021,EM.11660,4,36,40,683,790,1473
TAN-002156,2021,EM.10566,4,33,37,1088,1096,2184
TAN-002159,2021,EM.12433,6,48,54,1061,1184,2245
TAN-002162,2021,EM.11163,4,14,18,648,618,1266
TAN-002165,2021,EM.11165,4,21,25,838,738,1576
TAN-002168,2021,EM.4061,7,17,24,619,586,1205
TAN-002171,2021,EM.10565,8,38,46,1210,1236,2446
TAN-002174,2021,EM.11176,3,38,41,1124,1092,2216
TAN-002177,2021,EM.11179,6,27,33,1055,952,2007
TAN-002180,2021,EM.14598,46,33,79,681,641,1322
TAN-002183,2021,EM.15234,8,3,11,75,102,177
TAN-002186,2021,EM.13546,5,7,12,108,90,198
TAN-002188,2021,EM.11169,7,20,27,603,554,1157
TAN-002191,2021,EM.13911,3,44,47,1117,1168,2285
TAN-002194,2021,EM.4060,4,34,38,974,996,1970
TAN-002197,2021,EM.13063,7,4,11,100,92,192
TAN-002200,2021,EM.13064,5,37,42,1209,1324,2533
TAN-002203,2021,EM.11168,7,12,19,243,222,465
TAN-002206,2021,EM.15235,9,11,20,142,141,283
TAN-002208,2021,EM.8209,5,21,26,353,359,712
TAN-002211,2021,EM.11177,4,7,11,219,215,434
TAN-002214,2021,EM.5821,3,11,14,285,290,575
TAN-002217,2021,EM.14779,30,23,53,565,561,1126
TAN-002220,2021,EM.14602,8,3,11,52,75,127
TAN-002223,2021,EM.2603,5,9,14,165,185,350
TAN-002226,2021,EM.10281,3,28,31,598,632,1230
TAN-002229,2021,EM.12432,8,1,9,78,88,166
TAN-002231,2021,EM.13548,3,12,15,196,197,393
TAN-002234,2021,EM.11180,2,6,8,111,109,220
TAN-002237,2021,EM.8755,5,2,7,195,226,421
TAN-002238,2021,EM.10038,5,3,8,247,341,588
TAN-002239,2021,EM.15440,2,6,8,414,435,849
TAN-002240,2021,EM.13067,3,3,6,152,175,327
TAN-002241,2021,EM.10040,6,19,25,792,875,1667
TAN-002242,2021,EM.10041,6,21,27,640,684,1324
TAN-002243,2021,EM.4064,5,1,6,216,272,488
TAN-002244,2021,EM.12434,5,2,7,302,306,608
TAN-002245,2021,EM.10045,3,5,8,482,516,998
TAN-002246,2021,EM.10046,6,3,9,320,389,709
TAN-002250,2021,EM.2590,5,6,11,356,467,823
TAN-002254,2021,EM.6983,3,3,6,200,327,527
TAN-002255,2021,EM.10048,4,2,6,128,183,311
TAN-002256,2021,EM.998,3,5,8,250,291,541
TAN-002257,2021,EM.10073,5,3,8,204,220,424
TAN-002258,2021,EM.13066,5,4,9,216,219,435
TAN-002259,2021,EM.2604,2,5,7,245,196,441
TAN-002260,2021,EM.10058,5,4,9,381,383,764
TAN-002261,2021,EM.10042,3,3,6,428,357,785
TAN-002262,2021,EM.10055,5,2,7,459,501,960
TAN-002263,2021,EM.10049,8,6,14,243,298,541
TAN-002264,2021,EM.10057,6,3,9,328,381,709
TAN-002267,2021,EM.1550,6,3,9,514,508,1022
TAN-002270,2021,EM.10063,9,2,11,450,612,1062
TAN-002271,2021,EM.10064,11,8,19,438,546,984
TAN-002272,2021,EM.10066,7,1,8,350,411,761
TAN-002273,2021,EM.7984,4,8,12,375,352,727
TAN-002274,2021,EM.13549,3,4,7,289,341,630
TAN-002275,2021,EM.10067,2,4,6,274,382,656
TAN-002276,2021,EM.3427,3,10,13,410,446,856
TAN-002277,2021,EM.3426,4,3,7,230,287,517
TAN-002278,2021,EM.5825,4,3,7,295,269,564
TAN-002279,2021,EM.10076,6,4,10,418,515,933
TAN-002280,2021,EM.2535,3,5,8,250,255,505
TAN-002281,2021,EM.661,16,8,24,58,41,99
TAN-002282,2021,EM.433,6,12,18,400,458,858
TAN-002283,2021,EM.1465,3,18,21,624,629,1253
TAN-002286,2021,EM.1943,5,30,35,1125,1110,2235
TAN-002289,2021,EM.10742,5,20,25,296,323,619
TAN-002292,2021,EM.11400,10,18,28,739,771,1510
TAN-002295,2021,EM.5826,6,1,7,183,276,459
TAN-002296,2021,EM.10082,2,5,7,193,156,349
TAN-002297,2021,EM.15240,1,5,6,115,112,227
TAN-002298,2021,EM.10084,5,3,8,309,338,647
TAN-002299,2021,EM.10085,4,11,15,575,655,1230
TAN-002300,2021,EM.10090,4,4,8,349,350,699
TAN-002301,2021,EM.11185,8,1,9,111,143,254
TAN-002302,2021,EM.5827,3,6,9,232,264,496
TAN-002303,2021,EM.662,4,6,10,736,886,1622
TAN-002304,2021,EM.10080,5,6,11,318,391,709
TAN-002305,2021,EM.3750,5,3,8,515,509,1024
TAN-002306,2021,EM.2536,6,1,7,501,542,1043
TAN-002307,2021,EM.11184,8,0,8,298,250,548
TAN-002308,2021,EM.10089,4,3,7,427,506,933
TAN-002309,2021,EM.9589,4,5,9,384,497,881
TAN-002310,2021,EM.607,6,3,9,274,294,568
TAN-002311,2021,EM.10091,5,2,7,373,441,814
TAN-002312,2021,EM.12437,3,6,9,190,211,401
TAN-002313,2021,EM.10097,4,4,8,219,281,500
TAN-002314,2021,EM.13072,5,3,8,167,174,341
TAN-002315,2021,EM.13551,2,6,8,172,173,345
TAN-002316,2021,EM.10284,4,9,13,255,255,510
TAN-002317,2021,EM.10286,3,9,12,256,316,572
TAN-002318,2021,EM.10092,5,2,7,462,476,938
TAN-002319,2021,EM.10100,5,4,9,671,646,1317
TAN-002324,2021,EM.2130,1,5,6,87,83,170
TAN-002329,2021,EM.10342,3,3,6,116,143,259
TAN-002334,2021,EM.7994,4,2,6,275,288,563
TAN-002339,2021,EM.13070,6,3,9,239,266,505
TAN-002340,2021,EM.3751,3,6,9,274,373,647
TAN-002341,2021,EM.10104,4,2,6,318,349,667
TAN-002342,2021,EM.10108,8,3,11,750,769,1519
TAN-002345,2021,EM.10114,5,2,7,426,460,886
TAN-002346,2021,EM.10103,5,4,9,279,337,616
TAN-002347,2021,EM.13073,4,4,8,403,437,840
TAN-002348,2021,EM.10109,5,11,16,558,571,1129
TAN-002351,2021,EM.204,6,3,9,299,278,577
TAN-002354,2021,EM.1183,4,3,7,508,482,990
TAN-002357,2021,EM.4069,3,4,7,357,411,768
TAN-002364,2021,EM.5897,5,13,18,495,528,1023
TAN-002371,2021,EM.5154,3,3,6,135,135,270
TAN-002378,2021,EM.12063,3,6,9,214,239,453
TAN-002385,2021,EM.4552,4,3,7,416,395,811
TAN-002392,2021,EM.10102,5,1,6,116,166,282
TAN-002393,2021,EM.4625,6,0,6,155,173,328
TAN-002396,2021,EM.11181,4,3,7,293,295,588
TAN-002397,2021,EM.3039,9,4,13,476,583,1059
TAN-002398,2021,EM.11182,4,1,5,170,164,334
TAN-002399,2021,EM.10118,5,4,9,174,219,393
TAN-002400,2021,EM.10285,6,1,7,199,178,377
TAN-002401,2021,EM.10086,5,3,8,385,476,861
TAN-002402,2021,EM.10096,4,1,5,182,175,357
TAN-002403,2021,EM.10120,9,5,14,518,592,1110
TAN-002404,2021,EM.15507,2,5,7,215,214,429
TAN-002407,2021,EM.1101,7,2,9,446,495,941
TAN-002410,2021,EM.6656,4,4,8,566,492,1058
TAN-002413,2021,EM.8062,1,17,18,376,371,747
TAN-002416,2021,EM.1185,5,2,7,323,317,640
TAN-002419,2021,EM.3753,7,1,8,565,565,1130
TAN-002422,2021,EM.4629,10,6,16,461,544,1005
TAN-002425,2021,EM.13555,5,1,6,193,226,419
TAN-002428,2021,EM.13918,3,44,47,1037,999,2036
TAN-002430,2021,EM.13075,19,7,26,325,364,689
TAN-002433,2021,EM.1942,3,22,25,566,560,1126
TAN-002436,2021,EM.2606,4,20,24,298,280,578
TAN-002439,2021,EM.3040,3,4,7,351,340,691
TAN-002442,2021,EM.1573,7,7,14,632,716,1348
TAN-002445,2021,EM.3430,6,4,10,355,319,674
TAN-002446,2021,EM.3429,4,3,7,407,409,816
TAN-002449,2021,EM.663,8,6,14,715,751,1466
TAN-002452,2021,EM.15009,10,9,19,212,192,404
TAN-002455,2021,EM.2605,3,30,33,1066,989,2055
TAN-002458,2021,EM.11673,3,29,32,871,861,1732
TAN-002461,2021,EM.8971,2,14,16,335,303,638
TAN-002464,2021,EM.11668,9,10,19,192,194,386
TAN-002467,2021,EM.9058,1,25,26,474,530,1004
TAN-002470,2021,EM.2537,2,25,27,460,485,945
TAN-002473,2021,EM.2204,4,2,6,218,217,435
TAN-002476,2021,EM.11187,3,5,8,223,231,454
TAN-002479,2021,EM.9339,1,8,9,294,317,611
TAN-002482,2021,EM.1411,3,3,6,229,316,545
TAN-002485,2021,EM.8211,5,3,8,290,300,590
TAN-002488,2021,EM.3263,5,4,9,184,177,361
TAN-002491,2021,EM.4632,4,22,26,576,619,1195
TAN-002494,2021,EM.13553,4,3,7,222,225,447
TAN-002497,2021,EM.10287,7,0,7,286,276,562
TAN-002500,2021,EM.1188,2,6,8,415,551,966
TAN-002503,2021,EM.8756,5,5,10,531,472,1003
TAN-002506,2021,EM.4631,1,5,6,321,386,707
TAN-002509,2021,EM.12445,4,4,8,229,219,448
TAN-002512,2021,EM.3754,3,6,9,388,406,794
TAN-002515,2021,EM.1189,11,3,14,570,612,1182
TAN-002518,2021,EM.16728,2,33,35,726,756,1482
TAN-002521,2021,EM.11670,4,15,19,443,499,942
TAN-002524,2021,EM.12444,1,36,37,776,802,1578
TAN-002527,2021,EM.10568,3,6,9,223,231,454
TAN-002530,2021,EM.4628,7,22,29,925,973,1898
TAN-002533,2021,EM.2218,4,28,32,720,708,1428
TAN-002536,2021,EM.10121,6,4,10,778,832,1610
TAN-002539,2021,EM.1574,3,5,8,530,486,1016
TAN-002542,2021,EM.11667,8,9,17,163,145,308
TAN-002545,2021,EM.4073,1,20,21,530,534,1064
TAN-002548,2021,EM.11671,1,21,22,386,432,818
TAN-002551,2021,EM.3755,6,10,16,573,516,1089
TAN-002554,2021,EM.4630,2,6,8,419,460,879
TAN-002557,2021,EM.999,2,11,13,519,610,1129
TAN-002560,2021,EM.814,3,13,16,459,421,880
TAN-002563,2021,EM.10288,7,6,13,257,272,529
TAN-002566,2021,EM.2454,5,3,8,402,461,863
TAN-002569,2021,EM.2863,5,38,43,986,1106,2092
TAN-002572,2021,EM.13076,1,21,22,536,495,1031
TAN-002575,2021,EM.1774,0,17,17,282,293,575
TAN-002578,2021,EM.96,1,11,12,256,284,540
TAN-002581,2021,EM.6985,6,1,7,321,338,659
TAN-002584,2021,EM.2455,4,8,12,611,625,1236
TAN-002587,2021,EM.1001,7,6,13,401,408,809
TAN-002588,2021,EM.2538,4,3,7,303,312,615
TAN-002589,2021,EM.3045,4,3,7,274,256,530
TAN-002590,2021,EM.3759,8,0,8,466,467,933
TAN-002591,2021,EM.1467,5,3,8,438,519,957
TAN-002592,2021,EM.5832,5,2,7,275,322,597
TAN-002593,2021,EM.10744,4,2,6,306,354,660
TAN-002594,2021,EM.13080,1,5,6,125,144,269
TAN-002595,2021,EM.3044,7,2,9,225,245,470
TAN-002596,2021,EM.8972,4,4,8,110,119,229
TAN-002597,2021,EM.10743,4,9,13,508,487,995
TAN-002598,2021,EM.87,3,4,7,286,312,598
TAN-002599,2021,EM.5840,5,2,7,291,310,601
TAN-002600,2021,EM.10126,5,2,7,267,328,595
TAN-002601,2021,EM.4075,5,2,7,228,281,509
TAN-002602,2021,EM.815,3,5,8,214,200,414
TAN-002603,2021,EM.5829,5,1,6,338,377,715
TAN-002604,2021,EM.10124,3,3,6,264,252,516
TAN-002605,2021,EM.9590,10,2,12,582,652,1234
TAN-002606,2021,EM.4634,4,1,5,180,174,354
TAN-002607,2021,EM.3264,8,2,10,410,346,756
TAN-002608,2021,EM.3265,5,3,8,583,567,1150
TAN-002609,2021,EM.11192,6,2,8,280,307,587
TAN-002610,2021,EM.664,4,2,6,214,249,463
TAN-002611,2021,EM.5839,3,3,6,200,215,415
TAN-002612,2021,EM.7642,2,2,4,155,154,309
TAN-002613,2021,EM.2759,4,1,5,269,313,582
TAN-002616,2021,EM.10122,3,3,6,179,177,356
TAN-002617,2021,EM.10123,4,1,5,150,179,329
TAN-002618,2021,EM.8279,3,2,5,361,346,707
TAN-002619,2021,EM.9591,5,3,8,134,142,276
TAN-002620,2021,EM.1468,2,6,8,283,315,598
TAN-002621,2021,EM.8063,4,2,6,325,346,671
TAN-002622,2021,EM.738,6,1,7,233,248,481
TAN-002623,2021,EM.1192,4,3,7,179,154,333
TAN-002624,2021,EM.5841,2,4,6,276,301,577
TAN-002625,2021,EM.10426,7,4,11,396,408,804
TAN-002626,2021,EM.10427,4,4,8,387,354,741
TAN-002627,2021,EM.10428,6,1,7,272,286,558
TAN-002628,2021,EM.13921,5,3,8,197,201,398
TAN-002629,2021,EM.10125,5,1,6,314,373,687
TAN-002630,2021,EM.6987,4,1,5,233,249,482
TAN-002631,2021,EM.11189,5,1,6,136,100,236
TAN-002632,2021,EM.1576,4,5,9,444,450,894
TAN-002633,2021,EM.1869,4,3,7,272,262,534
TAN-002636,2021,EM.1191,4,3,7,285,368,653
TAN-002637,2021,EM.11190,5,3,8,417,416,833
TAN-002638,2021,EM.8899,2,5,7,205,197,402
TAN-002639,2021,EM.4637,4,3,7,215,233,448
TAN-002640,2021,EM.5834,4,2,6,148,109,257
TAN-002641,2021,EM.3758,6,2,8,426,514,940
TAN-002642,2021,EM.2539,5,3,8,245,474,719
TAN-002643,2021,EM.1193,7,3,10,386,438,824
TAN-002644,2021,EM.5828,6,0,6,372,327,699
TAN-002645,2021,EM.1575,7,5,12,441,484,925
TAN-002646,2021,EM.5830,3,4,7,216,235,451
TAN-002647,2021,EM.13556,3,3,6,175,188,363
TAN-002648,2021,EM.4633,4,7,11,343,351,694
TAN-002649,2021,EM.4074,4,7,11,340,346,686
TAN-002650,2021,EM.7644,7,3,10,465,446,911
TAN-002651,2021,EM.5837,3,3,6,128,146,274
TAN-002652,2021,EM.549,4,4,8,373,335,708
TAN-002653,2021,EM.3431,3,4,7,266,308,574
TAN-002654,2021,EM.1194,5,1,6,270,251,521
TAN-002655,2021,EM.8280,3,7,10,356,336,692
TAN-002656,2021,EM.1577,5,2,7,128,128,256
TAN-002657,2021,EM.5838,4,4,8,310,238,548
TAN-002658,2021,EM.4636,5,2,7,282,308,590
TAN-002659,2021,EM.6986,6,2,8,204,204,408
TAN-002660,2021,EM.6988,2,8,10,340,376,716
TAN-002661,2021,EM.5835,6,2,8,156,171,327
TAN-002662,2021,EM.7645,3,5,8,280,251,531
TAN-002663,2021,EM.10425,5,1,6,156,194,350
TAN-002664,2021,EM.13081,5,1,6,170,184,354
TAN-002665,2021,EM.8431,5,0,5,177,167,344
TAN-002666,2021,EM.11191,3,2,5,135,120,255
TAN-002667,2021,EM.4635,4,2,6,143,139,282
TAN-002668,2021,EM.816,2,5,7,328,345,673
TAN-002669,2021,EM.2219,3,7,10,250,275,525
TAN-002670,2021,EM.9592,1,6,7,112,121,233
TAN-002671,2021,EM.817,5,14,19,308,338,646
TAN-002672,2021,EM.146,2,8,10,133,154,287
TAN-002673,2021,EM.4076,1,10,11,316,365,681
TAN-002674,2021,EM.8065,5,10,15,267,272,539
TAN-002675,2021,EM.11675,2,16,18,243,218,461
TAN-002677,2021,EM.9927,4,5,9,315,317,632
TAN-002679,2021,EM.1944,3,10,13,227,225,452
TAN-002680,2021,EM.5843,2,4,6,261,229,490
TAN-002681,2021,EM.5844,6,5,11,353,336,689
TAN-002682,2021,EM.1195,7,5,12,459,444,903
TAN-002683,2021,EM.5845,4,1,5,110,107,217
TAN-002684,2021,EM.5847,3,2,5,218,234,452
TAN-002685,2021,EM.10924,3,5,8,111,101,212
TAN-002686,2021,EM.10127,2,4,6,74,81,155
TAN-002687,2021,EM.7646,4,2,6,222,186,408
TAN-002688,2021,EM.38,3,6,9,306,305,611
TAN-002689,2021,EM.11674,2,14,16,295,325,620
TAN-002690,2021,EM.13557,1,15,16,600,646,1246
TAN-002691,2021,EM.5846,2,14,16,595,583,1178
TAN-002692,2021,EM.4639,5,11,16,398,341,739
TAN-002693,2021,EM.7647,8,1,9,435,464,899
TAN-002694,2021,EM.8281,4,1,5,246,238,484
TAN-002695,2021,EM.7648,2,4,6,285,264,549
TAN-002696,2021,EM.3760,5,1,6,126,141,267
TAN-002697,2021,EM.1196,6,3,9,578,535,1113
TAN-002698,2021,EM.13558,5,2,7,162,200,362
TAN-002699,2021,EM.9237,3,3,6,181,189,370
TAN-002702,2021,EM.3046,6,2,8,349,365,714
TAN-002705,2021,EM.13088,4,2,6,126,90,216
TAN-002708,2021,EM.336,4,3,7,362,326,688
TAN-002711,2021,EM.5849,8,3,11,772,790,1562
TAN-002714,2021,EM.3433,1,4,5,199,167,366
TAN-002717,2021,EM.11676,4,1,5,120,116,236
TAN-002720,2021,EM.13093,7,1,8,218,190,408
TAN-002723,2021,EM.4641,4,8,12,533,664,1197
TAN-002726,2021,EM.9236,5,3,8,352,422,774
TAN-002729,2021,EM.4647,7,3,10,402,514,916
TAN-002732,2021,EM.11204,2,5,7,288,414,702
TAN-002735,2021,EM.5859,6,2,8,361,439,800
TAN-002738,2021,EM.3761,7,4,11,530,583,1113
TAN-002741,2021,EM.5848,5,3,8,480,477,957
TAN-002744,2021,EM.2607,6,5,11,496,578,1074
TAN-002747,2021,EM.3435,6,1,7,285,304,589
TAN-002750,2021,EM.13090,3,4,7,304,322,626
TAN-002753,2021,EM.11194,4,5,9,814,821,1635
TAN-002756,2021,EM.4077,5,6,11,433,477,910
TAN-002759,2021,EM.11199,4,3,7,243,213,456
TAN-002762,2021,EM.5858,3,4,7,301,295,596
TAN-002765,2021,EM.13084,7,23,30,1301,1291,2592
TAN-002768,2021,EM.4078,6,23,29,1014,1085,2099
TAN-002771,2021,EM.10289,8,19,27,750,818,1568
TAN-002774,2021,EM.14786,7,20,27,1027,1104,2131
TAN-002777,2021,EM.3047,9,5,14,507,542,1049
TAN-002780,2021,EM.13082,5,8,13,300,305,605
TAN-002781,2021,EM.2760,8,15,23,544,482,1026
TAN-002784,2021,EM.4646,4,5,9,164,134,298
TAN-002787,2021,EM.1945,6,9,15,288,298,586
TAN-002790,2021,EM.13092,4,9,13,296,272,568
TAN-002793,2021,EM.13925,8,1,9,270,358,628
TAN-002796,2021,EM.4079,8,1,9,515,616,1131
TAN-002799,2021,EM.3267,9,3,12,697,832,1529
TAN-002802,2021,EM.5852,9,3,12,521,599,1120
TAN-002805,2021,EM.14784,4,1,5,109,124,233
TAN-002806,2021,EM.4643,3,3,6,205,237,442
TAN-002809,2021,EM.13926,5,5,10,392,405,797
TAN-002810,2021,EM.4644,5,6,11,479,558,1037
TAN-002813,2021,EM.11205,6,1,7,129,128,257
TAN-002816,2021,EM.11193,4,2,6,272,244,516
TAN-002819,2021,EM.2864,4,4,8,199,176,375
TAN-002822,2021,EM.8066,5,2,7,332,327,659
TAN-002825,2021,EM.9140,7,4,11,486,539,1025
TAN-002828,2021,EM.11198,4,2,6,185,212,397
TAN-002831,2021,EM.13086,2,3,5,63,79,142
TAN-002834,2021,EM.3762,5,16,21,802,875,1677
TAN-002840,2021,EM.3520,7,2,9,225,225,450
TAN-002846,2021,EM.13087,3,6,9,454,432,886
TAN-002849,2021,EM.11201,3,2,5,138,151,289
TAN-002852,2021,EM.9235,4,7,11,645,654,1299
TAN-002855,2021,EM.11195,6,0,6,327,358,685
TAN-002858,2021,EM.4642,9,5,14,519,599,1118
TAN-002861,2021,EM.10128,2,11,13,406,411,817
TAN-002864,2021,EM.4640,4,3,7,395,359,754
TAN-002867,2021,EM.1946,3,6,9,318,303,621
TAN-002870,2021,EM.5855,8,1,9,433,430,863
TAN-002873,2021,EM.3268,4,4,8,135,146,281
TAN-002876,2021,EM.11203,6,1,7,309,309,618
TAN-002879,2021,EM.13083,6,1,7,264,318,582
TAN-002882,2021,EM.6990,6,0,6,307,326,633
TAN-002885,2021,EM.3269,4,3,7,413,460,873
TAN-002888,2021,EM.2220,5,3,8,457,489,946
TAN-002891,2021,EM.11196,5,0,5,201,220,421
TAN-002894,2021,EM.5853,4,6,10,402,386,788
TAN-002897,2021,EM.5856,5,8,13,540,642,1182
TAN-002900,2021,EM.5850,9,5,14,401,395,796
TAN-002903,2021,EM.10747,5,1,6,93,99,192
TAN-002906,2021,EM.1002,5,4,9,487,491,978
TAN-002909,2021,EM.10745,4,2,6,174,178,352
TAN-002912,2021,EM.10746,7,6,13,405,415,820
TAN-002915,2021,EM.3048,4,13,17,519,638,1157
TAN-002918,2021,EM.10925,3,5,8,171,194,365
TAN-002921,2021,EM.5851,4,6,10,460,492,952
TAN-002924,2021,EM.11197,5,0,5,136,161,297
TAN-002927,2021,EM.3432,6,6,12,557,671,1228
TAN-002930,2021,EM.4080,5,5,10,637,690,1327
TAN-002933,2021,EM.434,5,8,13,634,651,1285
TAN-002936,2021,EM.11206,3,3,6,394,398,792
TAN-002939,2021,EM.1197,6,3,9,362,402,764
TAN-002942,2021,EM.10570,6,4,10,304,360,664
TAN-002945,2021,EM.3763,7,4,11,656,722,1378
TAN-002948,2021,EM.1003,3,4,7,447,453,900
TAN-002951,2021,EM.14785,5,5,10,433,483,916
TAN-002953,2021,EM.13085,5,2,7,160,190,350
TAN-002956,2021,EM.13089,5,2,7,260,300,560
TAN-002959,2021,EM.10748,3,2,5,165,171,336
TAN-002962,2021,EM.9139,5,6,11,597,623,1220
TAN-002965,2021,EM.3764,6,8,14,537,611,1148
TAN-002972,2021,EM.8693,10,3,13,577,557,1134
TAN-002979,2021,EM.3532,5,2,7,283,299,582
TAN-002986,2021,EM.5726,4,5,9,471,524,995
TAN-002993,2021,EM.147,6,5,11,474,560,1034
TAN-002996,2021,EM.3434,6,6,12,498,494,992
TAN-002999,2021,EM.5854,8,4,12,453,583,1036
TAN-003002,2021,EM.10129,4,8,12,400,466,866
TAN-003005,2021,EM.11202,4,2,6,129,171,300
TAN-003008,2021,EM.11200,5,2,7,188,210,398
TAN-003011,2021,EM.5857,5,1,6,262,279,541
TAN-003014,2021,EM.11677,6,0,6,181,166,347
TAN-003015,2021,EM.1470,6,2,8,140,164,304
TAN-003018,2021,EM.14350,4,2,6,259,314,573
TAN-003019,2021,EM.1004,7,8,15,404,505,909
TAN-003022,2021,EM.3766,5,3,8,180,228,408
TAN-003023,2021,EM.3271,6,3,9,481,609,1090
TAN-003026,2021,EM.11681,4,1,5,118,162,280
TAN-003027,2021,EM.739,1,9,10,562,698,1260
TAN-003039,2021,EM.2376,4,3,7,153,173,326
TAN-003051,2021,EM.2867,6,10,16,809,1030,1839
TAN-003052,2021,EM.4082,6,0,6,301,333,634
TAN-003055,2021,EM.3436,6,4,10,452,466,918
TAN-003058,2021,EM.10134,4,2,6,289,414,703
TAN-003059,2021,EM.7649,2,4,6,344,411,755
TAN-003062,2021,EM.1005,4,4,8,271,359,630
TAN-003063,2021,EM.1775,1,6,7,219,205,424
TAN-003064,2021,EM.5863,5,1,6,326,369,695
TAN-003065,2021,EM.13927,4,2,6,353,426,779
TAN-003066,2021,EM.5862,5,1,6,244,349,593
TAN-003067,2021,EM.4084,10,7,17,708,743,1451
TAN-003068,2021,EM.1870,9,7,16,519,564,1083
TAN-003071,2021,EM.4083,8,2,10,415,550,965
TAN-003072,2021,EM.10130,5,0,5,170,153,323
TAN-003073,2021,EM.4652,6,0,6,321,335,656
TAN-003074,2021,EM.4648,3,3,6,64,74,138
TAN-003075,2021,EM.1198,4,4,8,448,514,962
TAN-003076,2021,EM.1200,4,2,6,485,551,1036
TAN-003077,2021,EM.6991,4,2,6,154,208,362
TAN-003078,2021,EM.10291,5,1,6,121,108,229
TAN-003079,2021,EM.2456,4,3,7,203,215,418
TAN-003082,2021,EM.5102,4,3,7,464,433,897
TAN-003085,2021,EM.4081,4,5,9,246,278,524
TAN-003086,2021,EM.6992,3,6,9,297,304,601
TAN-003087,2021,EM.1947,5,0,5,286,282,568
TAN-003090,2021,EM.4653,5,0,5,165,194,359
TAN-003096,2021,EM.199,4,3,7,113,84,197
TAN-003102,2021,EM.3572,5,4,9,264,266,530
TAN-003108,2021,EM.5865,3,2,5,324,378,702
TAN-003110,2021,EM.10137,4,1,5,105,127,232
TAN-003111,2021,EM.2114,7,11,18,485,486,971
TAN-003112,2021,EM.9340,3,14,17,432,454,886
TAN-003115,2021,EM.9059,5,4,9,269,251,520
TAN-003116,2021,EM.740,6,1,7,305,324,629
TAN-003124,2021,EM.3139,5,2,7,382,376,758
TAN-003132,2021,EM.12460,5,2,7,135,143,278
TAN-003133,2021,EM.3049,4,3,7,369,396,765
TAN-003134,2021,EM.818,5,5,10,366,468,834
TAN-003137,2021,EM.5860,6,1,7,207,316,523
TAN-003138,2021,EM.1578,6,2,8,178,256,434
TAN-003141,2021,EM.608,6,2,8,319,369,688
TAN-003144,2021,EM.13094,3,1,4,82,103,185
TAN-003145,2021,EM.8282,2,6,8,353,355,708
TAN-003148,2021,EM.5869,7,0,7,311,268,579
TAN-003150,2021,EM.10290,5,1,6,153,117,270
TAN-003151,2021,EM.666,3,4,7,178,223,401
TAN-003152,2021,EM.13559,4,0,4,119,118,237
TAN-003153,2021,EM.741,3,5,8,274,266,540
TAN-003154,2021,EM.8900,4,3,7,377,378,755
TAN-003156,2021,EM.8757,8,5,13,542,593,1135
TAN-003158,2021,EM.9594,7,1,8,363,390,753
TAN-003160,2021,EM.4659,4,4,8,281,330,611
TAN-003162,2021,EM.9061,11,4,15,488,577,1065
TAN-003164,2021,EM.7652,5,2,7,301,299,600
TAN-003166,2021,EM.5871,7,1,8,389,419,808
TAN-003168,2021,EM.8625,5,3,8,282,347,629
TAN-003170,2021,EM.819,9,4,13,593,582,1175
TAN-003172,2021,EM.5872,4,4,8,187,184,371
TAN-003174,2021,EM.11214,5,0,5,182,198,380
TAN-003176,2021,EM.9240,7,3,10,477,399,876
TAN-003178,2021,EM.9462,12,2,14,561,544,1105
TAN-003180,2021,EM.11209,6,1,7,261,290,551
TAN-003182,2021,EM.11682,7,0,7,168,200,368
TAN-003184,2021,EM.9063,6,4,10,391,418,809
TAN-003186,2021,EM.15245,6,11,17,362,353,715
TAN-003188,2021,EM.9238,10,4,14,761,811,1572
TAN-003190,2021,EM.12461,4,15,19,352,381,733
TAN-003192,2021,EM.15251,7,9,16,680,646,1326
TAN-003194,2021,EM.11211,3,12,15,475,505,980
TAN-003196,2021,EM.8068,7,1,8,302,316,618
TAN-003198,2021,EM.8358,8,0,8,327,311,638
TAN-003200,2021,EM.9464,6,2,8,113,125,238
TAN-003202,2021,EM.9595,8,1,9,252,286,538
TAN-003204,2021,EM.9341,6,0,6,144,126,270
TAN-003206,2021,EM.8825,5,3,8,305,325,630
TAN-003208,2021,EM.9141,8,4,12,555,556,1111
TAN-003210,2021,EM.9461,6,2,8,406,377,783
TAN-003212,2021,EM.11213,9,1,10,384,501,885
TAN-003214,2021,EM.11215,10,3,13,690,771,1461
TAN-003216,2021,EM.11216,21,12,33,2734,2838,5572
TAN-003218,2021,EM.12463,5,3,8,501,424,925
TAN-003220,2021,EM.10571,12,2,14,850,862,1712
TAN-003222,2021,EM.11217,10,2,12,415,391,806
TAN-003224,2021,EM.10927,10,1,11,568,626,1194
TAN-003226,2021,EM.2608,6,8,14,553,595,1148
TAN-003228,2021,EM.14787,7,2,9,339,299,638
TAN-003230,2021,EM.3767,16,3,19,434,508,942
TAN-003232,2021,EM.14788,10,7,17,966,1088,2054
TAN-003234,2021,EM.8974,10,8,18,817,814,1631
TAN-003236,2021,EM.9241,5,2,7,430,461,891
TAN-003238,2021,EM.10431,6,5,11,416,428,844
TAN-003240,2021,EM.9239,5,1,6,261,265,526
TAN-003242,2021,EM.9062,5,1,6,145,125,270
TAN-003244,2021,EM.8212,3,2,5,170,159,329
TAN-003246,2021,EM.13097,13,14,27,1988,1965,3953
TAN-003248,2021,EM.15250,5,13,18,779,832,1611
TAN-003250,2021,EM.11210,10,9,19,942,966,1908
TAN-003252,2021,EM.1006,13,10,23,984,930,1914
TAN-003254,2021,EM.15252,7,12,19,726,768,1494
TAN-003256,2021,EM.13929,9,18,27,1368,1465,2833
TAN-003258,2021,EM.7653,7,3,10,257,235,492
TAN-003260,2021,EM.2354,14,7,21,660,663,1323
TAN-003262,2021,EM.11222,9,1,10,343,329,672
TAN-003264,2021,EM.5894,9,2,11,425,453,878
TAN-003266,2021,EM.3056,10,1,11,488,491,979
TAN-003268,2021,EM.11219,10,1,11,603,654,1257
TAN-003270,2021,EM.13102,11,22,33,1372,1226,2598
TAN-003272,2021,EM.13935,16,24,40,1061,1062,2123
TAN-003274,2021,EM.13562,10,0,10,339,318,657
TAN-003276,2021,EM.12466,8,7,15,591,649,1240
TAN-003278,2021,EM.13561,4,5,9,302,298,600
TAN-003280,2021,EM.9070,9,0,9,342,315,657
TAN-003282,2021,EM.9071,10,2,12,692,666,1358
TAN-003284,2021,EM.4660,6,3,9,513,491,1004
TAN-003286,2021,EM.13564,11,8,19,983,1055,2038
TAN-003288,2021,EM.11684,11,5,16,571,660,1231
TAN-003290,2021,EM.5875,7,2,9,380,353,733
TAN-003292,2021,EM.5878,8,2,10,589,588,1177
TAN-003294,2021,EM.15542,13,1,14,358,339,697
TAN-003296,2021,EM.11683,8,15,23,729,772,1501
TAN-003298,2021,EM.5890,4,7,11,372,350,722
TAN-003300,2021,EM.4086,7,4,11,639,626,1265
TAN-003302,2021,EM.2870,5,1,6,385,367,752
TAN-003304,2021,EM.13931,8,0,8,209,213,422
TAN-003306,2021,EM.5882,7,2,9,370,389,759
TAN-003308,2021,EM.4337,4,17,21,394,402,796
TAN-003310,2021,EM.2871,8,4,12,360,348,708
TAN-003312,2021,EM.5898,7,2,9,337,343,680
TAN-003314,2021,EM.8071,7,1,8,287,255,542
TAN-003316,2021,EM.13933,5,2,7,282,287,569
TAN-003318,2021,EM.9343,9,0,9,298,306,604
TAN-003320,2021,EM.11218,11,0,11,364,314,678
TAN-003322,2021,EM.13939,10,1,11,417,386,803
TAN-003324,2021,EM.6993,7,3,10,504,572,1076
TAN-003326,2021,EM.12465,6,2,8,325,336,661
TAN-003328,2021,EM.4087,7,2,9,413,383,796
TAN-003330,2021,EM.9142,5,2,7,306,343,649
TAN-003332,2021,EM.5879,7,1,8,240,260,500
TAN-003334,2021,EM.4661,14,3,17,709,580,1289
TAN-003336,2021,EM.11220,9,1,10,314,309,623
TAN-003338,2021,EM.3055,9,6,15,428,391,819
TAN-003340,2021,EM.5896,11,2,13,703,736,1439
TAN-003342,2021,EM.11223,6,10,16,343,331,674
TAN-003344,2021,EM.5901,6,5,11,477,427,904
TAN-003346,2021,EM.5886,11,4,15,690,734,1424
TAN-003348,2021,EM.11685,6,2,8,241,269,510
TAN-003350,2021,EM.6994,4,1,5,604,573,1177
TAN-003352,2021,EM.9066,5,3,8,371,421,792
TAN-003354,2021,EM.11221,9,0,9,369,414,783
TAN-003356,2021,EM.8626,13,1,14,846,966,1812
TAN-003358,2021,EM.8975,16,6,22,750,836,1586
TAN-003360,2021,EM.7656,13,9,22,946,1101,2047
TAN-003362,2021,EM.5916,11,1,12,382,387,769
TAN-003364,2021,EM.7003,10,0,10,326,369,695
TAN-003366,2021,EM.5919,8,2,10,380,393,773
TAN-003368,2021,EM.4668,16,10,26,1014,1024,2038
TAN-003370,2021,EM.10758,8,1,9,369,385,754
TAN-003372,2021,EM.4671,14,5,19,1110,1266,2376
TAN-003374,2021,EM.5924,12,1,13,587,609,1196
TAN-003376,2021,EM.10760,9,0,9,306,333,639
TAN-003378,2021,EM.7006,8,0,8,275,325,600
TAN-003380,2021,EM.3057,8,4,12,625,613,1238
TAN-003382,2021,EM.7670,7,2,9,336,387,723
TAN-003384,2021,EM.7657,12,10,22,629,666,1295
TAN-003386,2021,EM.820,8,7,15,378,403,781
TAN-003388,2021,EM.5910,8,8,16,430,440,870
TAN-003390,2021,EM.3448,15,2,17,673,699,1372
TAN-003392,2021,EM.1871,5,2,7,259,298,557
TAN-003394,2021,EM.5903,5,3,8,335,315,650
TAN-003396,2021,EM.5907,4,3,7,351,379,730
TAN-003398,2021,EM.7664,6,0,6,201,212,413
TAN-003400,2021,EM.7001,5,1,6,243,225,468
TAN-003402,2021,EM.7666,7,4,11,372,409,781
TAN-003404,2021,EM.1007,9,3,12,306,300,606
TAN-003406,2021,EM.7000,8,1,9,390,494,884
TAN-003408,2021,EM.1010,11,3,14,681,713,1394
TAN-003410,2021,EM.7005,12,4,16,720,775,1495
TAN-003412,2021,EM.11228,8,1,9,333,336,669
TAN-003414,2021,EM.12471,8,0,8,247,235,482
TAN-003416,2021,EM.5904,9,0,9,442,474,916
TAN-003418,2021,EM.12470,9,2,11,514,593,1107
TAN-003420,2021,EM.7671,9,0,9,322,341,663
TAN-003422,2021,EM.7008,4,2,6,269,290,559
TAN-003424,2021,EM.5908,5,7,12,765,683,1448
TAN-003426,2021,EM.1581,8,1,9,544,559,1103
TAN-003428,2021,EM.5909,9,3,12,622,648,1270
TAN-003430,2021,EM.6997,3,1,4,276,327,603
TAN-003432,2021,EM.5913,7,3,10,490,479,969
TAN-003434,2021,EM.15986,4,1,5,144,143,287
TAN-003436,2021,EM.2873,7,5,12,401,427,828
TAN-003438,2021,EM.11225,15,4,19,695,757,1452
TAN-003440,2021,EM.2610,12,1,13,703,757,1460
TAN-003442,2021,EM.13943,6,3,9,495,477,972
TAN-003444,2021,EM.11691,8,2,10,524,536,1060
TAN-003446,2021,EM.13940,10,2,12,568,614,1182
TAN-003448,2021,EM.4669,15,14,29,1168,1234,2402
TAN-003450,2021,EM.13941,16,7,23,741,893,1634
TAN-003452,2021,EM.10759,11,3,14,340,367,707
TAN-003454,2021,EM.15261,9,4,13,524,556,1080
TAN-003456,2021,EM.5911,6,1,7,356,344,700
TAN-003458,2021,EM.2542,11,3,14,833,864,1697
TAN-003460,2021,EM.7668,8,5,13,464,512,976
TAN-003462,2021,EM.7672,6,1,7,216,269,485
TAN-003464,2021,EM.8976,7,2,9,260,325,585
TAN-003466,2021,EM.3768,10,3,13,552,578,1130
TAN-003468,2021,EM.2611,9,5,14,523,607,1130
TAN-003470,2021,EM.4673,9,2,11,664,661,1325
TAN-003472,2021,EM.7663,9,6,15,597,633,1230
TAN-003474,2021,EM.4670,18,1,19,574,613,1187
TAN-003476,2021,EM.6999,10,3,13,311,325,636
TAN-003478,2021,EM.5917,10,3,13,308,341,649
TAN-003480,2021,EM.7007,8,1,9,304,287,591
TAN-003482,2021,EM.11229,8,0,8,229,239,468
TAN-003484,2021,EM.9144,6,3,9,356,334,690
TAN-003486,2021,EM.1201,6,4,10,460,457,917
TAN-003490,2021,EM.4675,10,3,13,374,351,725
TAN-003492,2021,EM.3058,7,3,10,390,410,800
TAN-003494,2021,EM.7661,18,4,22,649,770,1419
TAN-003496,2021,EM.1009,20,17,37,1131,1251,2382
TAN-003506,2021,EM.1784,3,3,6,262,261,523
TAN-003516,2021,EM.12468,19,20,39,1381,1521,2902
TAN-003518,2021,EM.15018,20,26,46,1298,1539,2837
TAN-003520,2021,EM.15023,24,13,37,809,1000,1809
TAN-003522,2021,EM.3447,10,2,12,679,597,1276
TAN-003524,2021,EM.10574,12,0,12,460,475,935
TAN-003526,2021,EM.5918,6,3,9,438,479,917
TAN-003528,2021,EM.1011,12,1,13,494,424,918
TAN-003530,2021,EM.5906,9,0,9,688,708,1396
TAN-003532,2021,EM.8283,9,2,11,316,324,640
TAN-003534,2021,EM.10573,11,1,12,371,376,747
TAN-003536,2021,EM.3275,4,2,6,252,224,476
TAN-003538,2021,EM.7002,17,8,25,1655,1719,3374
TAN-003540,2021,EM.11689,18,3,21,1357,1514,2871
TAN-003542,2021,EM.5925,5,2,7,454,439,893
TAN-003544,2021,EM.7659,14,11,25,669,780,1449
TAN-003546,2021,EM.14356,11,9,20,487,511,998
TAN-003548,2021,EM.4672,9,3,12,537,481,1018
TAN-003550,2021,EM.13565,8,15,23,802,866,1668
TAN-003552,2021,EM.2761,11,7,18,499,498,997
TAN-003554,2021,EM.1008,6,4,10,244,267,511
TAN-003556,2021,EM.11226,6,3,9,444,509,953
TAN-003558,2021,EM.7662,7,3,10,373,360,733
TAN-003560,2021,EM.4674,6,2,8,390,385,775
TAN-003562,2021,EM.5921,11,1,12,523,580,1103
TAN-003564,2021,EM.7660,17,1,18,543,576,1119
TAN-003566,2021,EM.14354,9,4,13,450,391,841
TAN-003568,2021,EM.8433,9,2,11,447,466,913
TAN-003570,2021,EM.7667,7,1,8,402,431,833
TAN-003572,2021,EM.307,12,1,13,521,583,1104
TAN-003574,2021,EM.4088,10,1,11,487,469,956
TAN-003576,2021,EM.5905,14,6,20,796,829,1625
TAN-003578,2021,EM.3769,9,2,11,416,460,876
TAN-003580,2021,EM.8284,6,0,6,294,285,579
TAN-003582,2021,EM.5920,6,4,10,457,527,984
TAN-003584,2021,EM.11686,5,2,7,248,241,489
TAN-003586,2021,EM.2018,9,1,10,434,484,918
TAN-003588,2021,EM.14609,6,1,7,155,165,320
TAN-003590,2021,EM.7665,6,2,8,462,459,921
TAN-003592,2021,EM.3771,12,3,15,542,571,1113
TAN-003594,2021,EM.5923,8,3,11,421,470,891
TAN-003596,2021,EM.10138,6,3,9,206,242,448
TAN-003598,2021,EM.1714,12,7,19,744,741,1485
TAN-003600,2021,EM.5912,22,8,30,1051,1299,2350
TAN-003602,2021,EM.8285,13,21,34,1211,1210,2421
TAN-003604,2021,EM.8684,7,1,8,330,317,647
TAN-003606,2021,EM.11224,10,0,10,202,229,431
TAN-003608,2021,EM.11687,9,7,16,841,885,1726
TAN-003610,2021,EM.12467,11,7,18,971,880,1851
TAN-003612,2021,EM.4676,14,9,23,769,803,1572
TAN-003614,2021,EM.11692,22,9,31,1233,1325,2558
TAN-003616,2021,EM.11693,9,8,17,797,802,1599
TAN-003618,2021,EM.15260,11,9,20,791,837,1628
TAN-003620,2021,EM.1580,11,2,13,490,524,1014
TAN-003622,2021,EM.6998,9,6,15,665,687,1352
TAN-003624,2021,EM.14353,7,3,10,241,208,449
TAN-003626,2021,EM.1872,16,13,29,802,799,1601
TAN-003628,2021,EM.5902,5,9,14,833,907,1740
TAN-003630,2021,EM.7658,9,2,11,424,468,892
TAN-003632,2021,EM.5915,6,2,8,401,354,755
TAN-003634,2021,EM.2872,10,3,13,826,864,1690
TAN-003636,2021,EM.7673,10,1,11,677,648,1325
TAN-003639,2021,EM.4416,4,5,9,254,272,526
TAN-003642,2021,EM.17860,6,2,8,110,125,235
TAN-003645,2021,EM.4434,2,20,22,612,643,1255
TAN-003648,2021,EM.1012,5,3,8,337,362,699
TAN-003650,2021,EM.15545,6,1,7,303,273,576
TAN-003652,2021,EM.7009,10,2,12,416,380,796
TAN-003654,2021,EM.13566,6,1,7,255,271,526
TAN-003656,2021,EM.15544,6,5,11,409,427,836
TAN-003658,2021,EM.5929,5,4,9,368,383,751
TAN-003660,2021,EM.1582,12,4,16,551,594,1145
TAN-003662,2021,EM.8213,8,3,11,448,440,888
TAN-003664,2021,EM.1202,15,3,18,951,999,1950
TAN-003666,2021,EM.4679,2,11,13,334,348,682
TAN-003668,2021,EM.7674,5,1,6,300,267,567
TAN-003670,2021,EM.5932,9,2,11,407,472,879
TAN-003672,2021,EM.7676,6,3,9,350,360,710
TAN-003674,2021,EM.7677,8,3,11,411,366,777
TAN-003676,2021,EM.8760,10,4,14,464,461,925
TAN-003680,2021,EM.583,9,9,18,429,443,872
TAN-003684,2021,EM.10433,4,4,8,622,607,1229
TAN-003686,2021,EM.9146,4,3,7,279,325,604
TAN-003688,2021,EM.8763,6,0,6,187,224,411
TAN-003690,2021,EM.8685,7,7,14,483,478,961
TAN-003692,2021,EM.9243,6,0,6,306,298,604
TAN-003694,2021,EM.8827,6,4,10,507,527,1034
TAN-003696,2021,EM.9467,8,0,8,190,203,393
TAN-003698,2021,EM.11696,5,1,6,183,167,350
TAN-003700,2021,EM.11235,9,2,11,314,304,618
TAN-003702,2021,EM.8761,10,0,10,425,382,807
TAN-003704,2021,EM.8686,9,3,12,627,637,1264
TAN-003706,2021,EM.8978,5,1,6,405,373,778
TAN-003708,2021,EM.3774,5,9,14,560,633,1193
TAN-003710,2021,EM.5934,5,1,6,251,233,484
TAN-003712,2021,EM.5935,6,2,8,248,285,533
TAN-003714,2021,EM.7678,6,1,7,247,278,525
TAN-003716,2021,EM.9596,6,2,8,268,255,523
TAN-003718,2021,EM.9466,9,0,9,336,411,747
TAN-003720,2021,EM.7679,6,4,10,446,414,860
TAN-003722,2021,EM.3775,6,1,7,323,326,649
TAN-003724,2021,EM.8630,8,1,9,334,373,707
TAN-003726,2021,EM.7013,9,3,12,577,572,1149
TAN-003728,2021,EM.9344,6,0,6,291,277,568
TAN-003730,2021,EM.8628,7,0,7,300,365,665
TAN-003732,2021,EM.8076,7,2,9,537,538,1075
TAN-003734,2021,EM.7015,9,4,13,402,471,873
TAN-003736,2021,EM.7017,6,2,8,254,279,533
TAN-003738,2021,EM.13567,4,2,6,307,346,653
TAN-003740,2021,EM.12475,9,2,11,352,360,712
TAN-003742,2021,EM.8627,12,0,12,540,576,1116
TAN-003744,2021,EM.8830,3,2,5,185,214,399
TAN-003746,2021,EM.7018,5,0,5,205,235,440
TAN-003748,2021,EM.8831,9,0,9,180,187,367
TAN-003750,2021,EM.11697,3,1,4,352,328,680
TAN-003752,2021,EM.15548,8,1,9,539,582,1121
TAN-003754,2021,EM.15549,10,10,20,1236,1306,2542
TAN-003756,2021,EM.15264,11,18,29,1457,1567,3024
TAN-003758,2021,EM.8759,6,4,10,565,548,1113
TAN-003760,2021,EM.8828,8,9,17,642,605,1247
TAN-003762,2021,EM.2874,9,21,30,701,755,1456
TAN-003764,2021,EM.12476,12,16,28,1162,1152,2314
TAN-003766,2021,EM.15265,7,13,20,546,622,1168
TAN-003768,2021,EM.8687,10,1,11,325,314,639
TAN-003770,2021,EM.5937,6,3,9,384,418,802
TAN-003772,2021,EM.11234,6,1,7,165,160,325
TAN-003774,2021,EM.550,5,1,6,200,203,403
TAN-003776,2021,EM.667,7,2,9,285,310,595
TAN-003778,2021,EM.976,5,4,9,241,278,519
TAN-003780,2021,EM.7681,5,0,5,228,250,478
TAN-003782,2021,EM.5936,4,1,5,283,274,557
TAN-003784,2021,EM.8829,6,0,6,233,238,471
TAN-003786,2021,EM.7682,8,5,13,588,585,1173
TAN-003788,2021,EM.8764,3,3,6,278,293,571
TAN-003790,2021,EM.7012,4,3,7,280,324,604
TAN-003792,2021,EM.8074,4,2,6,250,259,509
TAN-003794,2021,EM.8629,11,2,13,875,878,1753
TAN-003796,2021,EM.11698,3,3,6,258,305,563
TAN-003798,2021,EM.9244,8,1,9,229,274,503
TAN-003800,2021,EM.9597,8,1,9,270,276,546
TAN-003802,2021,EM.9245,5,4,9,373,400,773
TAN-003804,2021,EM.7016,7,4,11,487,524,1011
TAN-003806,2021,EM.8833,7,3,10,414,348,762
TAN-003808,2021,EM.11237,9,21,30,1142,1232,2374
TAN-003810,2021,EM.15266,10,23,33,1292,1566,2858
TAN-003812,2021,EM.9145,5,1,6,232,215,447
TAN-003814,2021,EM.4680,8,5,13,456,439,895
TAN-003816,2021,EM.7014,4,1,5,359,361,720
TAN-003818,2021,EM.11236,5,0,5,242,213,455
TAN-003820,2021,EM.8977,6,1,7,218,279,497
TAN-003822,2021,EM.3449,9,0,9,287,295,582
TAN-003824,2021,EM.3773,9,2,11,387,451,838
TAN-003826,2021,EM.7011,7,0,7,471,441,912
TAN-003828,2021,EM.8075,5,0,5,210,214,424
TAN-003830,2021,EM.4681,10,1,11,438,463,901
TAN-003832,2021,EM.4682,7,3,10,353,395,748
TAN-003834,2021,EM.3451,9,3,12,342,386,728
TAN-003836,2021,EM.2612,11,7,18,544,600,1144
TAN-003838,2021,EM.7019,12,1,13,465,541,1006
TAN-003840,2021,EM.11699,8,1,9,281,290,571
TAN-003842,2021,EM.4683,8,5,13,354,441,795
TAN-003844,2021,EM.8286,9,4,13,231,267,498
TAN-003846,2021,EM.4684,7,1,8,330,315,645
TAN-003848,2021,EM.1583,8,3,11,377,359,736
TAN-003850,2021,EM.5944,10,2,12,375,420,795
TAN-003852,2021,EM.822,8,9,17,504,634,1138
TAN-003854,2021,EM.1777,9,4,13,345,395,740
TAN-003856,2021,EM.5953,10,4,14,294,330,624
TAN-003858,2021,EM.5939,12,4,16,319,351,670
TAN-003860,2021,EM.3450,11,3,14,425,437,862
TAN-003862,2021,EM.7684,7,18,25,629,722,1351
TAN-003864,2021,EM.5941,5,5,10,223,243,466
TAN-003866,2021,EM.478,12,12,24,608,676,1284
TAN-003868,2021,EM.9147,9,1,10,188,215,403
TAN-003870,2021,EM.5948,10,1,11,253,279,532
TAN-003872,2021,EM.8287,9,5,14,439,481,920
TAN-003874,2021,EM.5938,6,3,9,226,245,471
TAN-003876,2021,EM.1715,8,3,11,385,406,791
TAN-003878,2021,EM.5950,11,2,13,362,389,751
TAN-003880,2021,EM.15991,8,1,9,200,235,435
TAN-003882,2021,EM.15992,10,2,12,256,235,491
TAN-003884,2021,EM.4686,8,3,11,333,320,653
TAN-003886,2021,EM.7020,10,1,11,307,349,656
TAN-003888,2021,EM.2763,13,4,17,547,641,1188
TAN-003890,2021,EM.5942,9,1,10,336,367,703
TAN-003892,2021,EM.1203,9,3,12,289,301,590
TAN-003894,2021,EM.5947,11,1,12,563,658,1221
TAN-003896,2021,EM.5949,8,2,10,224,276,500
TAN-003898,2021,EM.7685,6,1,7,230,300,530
TAN-003900,2021,EM.7686,10,1,11,320,374,694
TAN-003902,2021,EM.5946,9,1,10,319,369,688
TAN-003904,2021,EM.5951,13,1,14,308,337,645
TAN-003906,2021,EM.2613,11,2,13,507,501,1008
TAN-003908,2021,EM.5955,6,1,7,214,206,420
TAN-003910,2021,EM.3776,4,5,9,397,339,736
TAN-003913,2021,EM.1587,3,2,5,264,301,565
TAN-003916,2021,EM.11239,5,0,5,157,159,316
TAN-003919,2021,EM.2355,3,4,7,299,338,637
TAN-003922,2021,EM.1471,5,6,11,338,299,637
TAN-003925,2021,EM.11700,2,14,16,513,512,1025
TAN-003926,2021,EM.1014,3,9,12,258,236,494
TAN-003929,2021,EM.3277,5,4,9,269,263,532
TAN-003932,2021,EM.8360,4,2,6,183,161,344
TAN-003935,2021,EM.5971,6,0,6,167,147,314
TAN-003938,2021,EM.5960,3,3,6,248,208,456
TAN-003941,2021,EM.13110,4,4,8,306,296,602
TAN-003944,2021,EM.13113,1,4,5,188,192,380
TAN-003947,2021,EM.1204,4,7,11,574,585,1159
TAN-003950,2021,EM.479,3,5,8,322,330,652
TAN-003953,2021,EM.13112,3,2,5,217,226,443
TAN-003956,2021,EM.8834,4,1,5,205,185,390
TAN-003959,2021,EM.1586,5,3,8,236,258,494
TAN-003962,2021,EM.4696,4,1,5,225,212,437
TAN-003965,2021,EM.13950,4,2,6,244,254,498
TAN-003968,2021,EM.8078,1,16,17,301,299,600
TAN-003971,2021,EM.382,6,13,19,237,226,463
TAN-003974,2021,EM.3458,2,11,13,75,326,401
TAN-003977,2021,EM.3460,2,7,9,107,92,199
TAN-003980,2021,EM.3276,5,2,7,204,221,425
TAN-003982,2021,EM.3453,6,6,12,131,129,260
TAN-003985,2021,EM.13107,2,3,5,130,141,271
TAN-003988,2021,EM.2224,2,5,7,222,202,424
TAN-003991,2021,EM.8289,2,5,7,65,86,151
TAN-003994,2021,EM.5967,3,2,5,131,106,237
TAN-003997,2021,EM.7025,1,4,5,137,127,264
TAN-004000,2021,EM.7026,5,1,6,141,159,300
TAN-004003,2021,EM.7021,3,3,6,146,148,294
TAN-004006,2021,EM.4694,3,3,6,152,134,286
TAN-004009,2021,EM.5959,1,7,8,210,162,372
TAN-004012,2021,EM.2614,5,4,9,290,285,575
TAN-004015,2021,EM.5966,5,5,10,323,297,620
TAN-004018,2021,EM.4692,4,5,9,140,129,269
TAN-004021,2021,EM.4693,4,3,7,139,113,252
TAN-004024,2021,EM.4695,5,2,7,245,228,473
TAN-004027,2021,EM.1015,2,6,8,103,89,192
TAN-004030,2021,EM.2543,2,8,10,263,303,566
TAN-004033,2021,EM.7022,5,4,9,381,362,743
TAN-004036,2021,EM.5961,4,2,6,257,227,484
TAN-004039,2021,EM.5964,1,5,6,255,234,489
TAN-004042,2021,EM.1472,2,4,6,234,216,450
TAN-004045,2021,EM.2459,5,7,12,378,433,811
TAN-004048,2021,EM.5968,5,2,7,249,224,473
TAN-004051,2021,EM.13574,3,4,7,317,366,683
TAN-004054,2021,EM.13576,3,1,4,165,159,324
TAN-004055,2021,EM.4699,3,3,6,395,335,730
TAN-004058,2021,EM.4689,5,1,6,174,174,348
TAN-004061,2021,EM.13108,5,0,5,83,87,170
TAN-004064,2021,EM.4093,4,1,5,112,161,273
TAN-004067,2021,EM.4700,4,1,5,115,81,196
TAN-004070,2021,EM.2616,2,3,5,244,248,492
TAN-004073,2021,EM.5956,3,5,8,226,238,464
TAN-004076,2021,EM.5957,1,8,9,214,205,419
TAN-004079,2021,EM.3778,6,1,7,246,261,507
TAN-004082,2021,EM.11238,3,4,7,190,194,384
TAN-004085,2021,EM.12478,2,8,10,266,272,538
TAN-004088,2021,EM.1588,7,6,13,292,278,570
TAN-004091,2021,EM.13109,5,1,6,128,122,250
TAN-004094,2021,EM.9148,3,2,5,164,190,354
TAN-004097,2021,EM.13571,6,9,15,512,499,1011
TAN-004100,2021,EM.8835,6,6,12,466,469,935
TAN-004103,2021,EM.7687,7,2,9,444,465,909
TAN-004106,2021,EM.2458,6,2,8,266,258,524
TAN-004109,2021,EM.13569,5,3,8,233,282,515
TAN-004112,2021,EM.7023,5,2,7,222,259,481
TAN-004115,2021,EM.13949,4,4,8,297,320,617
TAN-004118,2021,EM.11240,4,2,6,55,55,110
TAN-004121,2021,EM.13573,3,1,4,200,229,429
TAN-004131,2021,EM.15703,5,6,11,277,263,540
TAN-004141,2021,EM.7027,3,4,7,87,109,196
TAN-004144,2021,EM.3061,5,1,6,114,126,240
TAN-004147,2021,EM.13948,1,6,7,174,197,371
TAN-004150,2021,EM.4094,3,7,10,163,184,347
TAN-004153,2021,EM.11242,4,2,6,94,79,173
TAN-004156,2021,EM.5973,4,7,11,233,230,463
TAN-004159,2021,EM.3461,4,4,8,202,194,396
TAN-004162,2021,EM.3454,8,0,8,346,332,678
TAN-004165,2021,EM.4690,5,0,5,212,192,404
TAN-004168,2021,EM.5972,4,2,6,181,208,389
TAN-004171,2021,EM.13577,5,0,5,168,209,377
TAN-004174,2021,EM.4097,4,2,6,263,235,498
TAN-004177,2021,EM.2226,2,10,12,135,157,292
TAN-004180,2021,EM.13114,2,10,12,276,222,498
TAN-004183,2021,EM.1873,1,16,17,402,358,760
TAN-004185,2021,EM.7029,6,11,17,181,216,397
TAN-004188,2021,EM.11243,11,11,22,172,209,381
TAN-004190,2021,EM.2621,4,18,22,424,449,873
TAN-004193,2021,EM.4704,2,20,22,450,489,939
TAN-004196,2021,EM.15029,7,1,8,123,146,269
TAN-004199,2021,EM.2618,2,15,17,486,515,1001
TAN-004202,2021,EM.10435,5,20,25,569,581,1150
TAN-004205,2021,EM.12484,0,19,19,352,363,715
TAN-004208,2021,EM.4703,5,13,18,415,410,825
TAN-004211,2021,EM.9345,3,6,9,161,167,328
TAN-004214,2021,EM.1016,3,17,20,608,638,1246
TAN-004217,2021,EM.10295,10,5,15,176,170,346
TAN-004219,2021,EM.12482,1,14,15,331,344,675
TAN-004222,2021,EM.480,5,12,17,408,420,828
TAN-004225,2021,EM.5978,1,15,16,293,285,578
TAN-004228,2021,EM.5976,4,8,12,144,126,270
TAN-004231,2021,EM.3464,3,14,17,419,391,810
TAN-004234,2021,EM.2876,2,9,11,144,125,269
TAN-004235,2021,EM.1778,5,13,18,394,371,765
TAN-004238,2021,EM.14612,2,19,21,487,501,988
TAN-004241,2021,EM.2619,0,17,17,307,306,613
TAN-004244,2021,EM.8291,3,10,13,292,290,582
TAN-004247,2021,EM.14613,5,6,11,171,148,319
TAN-004250,2021,EM.2620,5,12,17,338,317,655
TAN-004253,2021,EM.3463,6,23,29,667,622,1289
TAN-004256,2021,EM.4100,5,4,9,141,136,277
TAN-004258,2021,EM.5983,3,10,13,277,262,539
TAN-004260,2021,EM.8361,5,4,9,210,201,411
TAN-004262,2021,EM.2879,5,3,8,128,145,273
TAN-004264,2021,EM.11245,4,2,6,80,66,146
TAN-004266,2021,EM.4705,5,2,7,261,252,513
TAN-004268,2021,EM.9468,7,0,7,210,207,417
TAN-004270,2021,EM.1205,4,3,7,103,97,200
TAN-004275,2021,EM.4270,6,9,15,361,431,792
TAN-004280,2021,EM.4709,3,2,5,206,199,405
TAN-004282,2021,EM.5982,5,1,6,134,137,271
TAN-004284,2021,EM.4103,4,3,7,229,235,464
TAN-004286,2021,EM.4714,5,5,10,268,270,538
TAN-004288,2021,EM.4099,5,7,12,195,198,393
TAN-004290,2021,EM.4712,4,6,10,120,97,217
TAN-004292,2021,EM.13578,5,4,9,244,258,502
TAN-004294,2021,EM.4721,4,7,11,236,238,474
TAN-004296,2021,EM.5979,2,6,8,100,105,205
TAN-004298,2021,EM.481,3,15,18,319,370,689
TAN-004303,2021,EM.2947,5,3,8,457,516,973
TAN-004308,2021,EM.15268,4,14,18,354,385,739
TAN-004310,2021,EM.5988,2,9,11,210,187,397
TAN-004312,2021,EM.7030,6,7,13,286,314,600
TAN-004314,2021,EM.1474,6,6,12,347,360,707
TAN-004316,2021,EM.13580,6,2,8,252,256,508
TAN-004318,2021,EM.824,4,3,7,178,169,347
TAN-004320,2021,EM.11244,6,2,8,292,314,606
TAN-004322,2021,EM.1874,5,6,11,206,195,401
TAN-004324,2021,EM.4713,5,6,11,259,257,516
TAN-004326,2021,EM.3279,4,16,20,326,373,699
TAN-004328,2021,EM.3469,5,3,8,74,70,144
TAN-004330,2021,EM.4707,6,0,6,224,204,428
TAN-004332,2021,EM.7031,6,1,7,111,118,229
TAN-004334,2021,EM.2622,6,0,6,283,250,533
TAN-004336,2021,EM.3783,6,1,7,180,182,362
TAN-004338,2021,EM.5995,5,0,5,99,75,174
TAN-004340,2021,EM.14364,7,1,8,112,126,238
TAN-004342,2021,EM.5981,7,12,19,407,418,825
TAN-004344,2021,EM.7032,5,8,13,202,211,413
TAN-004346,2021,EM.1207,3,8,11,216,237,453
TAN-004348,2021,EM.4717,5,11,16,324,305,629
TAN-004350,2021,EM.14796,5,6,11,190,169,359
TAN-004352,2021,EM.1206,3,4,7,158,162,320
TAN-004354,2021,EM.5987,3,3,6,208,210,418
TAN-004359,2021,EM.61,4,15,19,415,375,790
TAN-004364,2021,EM.4706,5,2,7,183,221,404
TAN-004366,2021,EM.13953,6,1,7,159,202,361
TAN-004368,2021,EM.2765,7,1,8,157,157,314
TAN-004370,2021,EM.4716,6,1,7,180,236,416
TAN-004372,2021,EM.4719,6,3,9,138,180,318
TAN-004374,2021,EM.4710,6,1,7,182,173,355
TAN-004376,2021,EM.4101,4,10,14,395,366,761
TAN-004378,2021,EM.4718,6,3,9,222,206,428
TAN-004380,2021,EM.823,3,6,9,205,182,387
TAN-004382,2021,EM.13954,5,10,15,377,372,749
TAN-004384,2021,EM.13579,2,7,9,168,183,351
TAN-004386,2021,EM.5986,5,7,12,253,263,516
TAN-004388,2021,EM.9601,2,7,9,223,224,447
TAN-004390,2021,EM.5980,5,10,15,348,370,718
TAN-004392,2021,EM.15269,6,10,16,326,286,612
TAN-004394,2021,EM.3280,8,6,14,393,438,831
TAN-004396,2021,EM.15270,5,11,16,421,417,838
TAN-004397,2021,EM.3278,7,1,8,282,216,498
TAN-004399,2021,EM.1589,7,2,9,357,358,715
TAN-004401,2021,EM.13117,4,3,7,193,209,402
TAN-004403,2021,EM.1473,5,5,10,248,270,518
TAN-004405,2021,EM.14795,6,1,7,232,189,421
TAN-004407,2021,EM.9600,8,3,11,396,417,813
TAN-004409,2021,EM.13955,5,2,7,115,124,239
TAN-004411,2021,EM.2766,5,5,10,262,257,519
TAN-004413,2021,EM.7033,8,3,11,344,370,714
TAN-004415,2021,EM.3466,5,2,7,235,242,477
TAN-004417,2021,EM.4715,7,1,8,103,90,193
TAN-004419,2021,EM.5990,8,1,9,201,202,403
TAN-004421,2021,EM.5994,9,1,10,234,268,502
TAN-004423,2021,EM.5998,2,13,15,417,358,775
TAN-004425,2021,EM.14799,3,13,16,562,568,1130
TAN-004427,2021,EM.8215,3,19,22,543,554,1097
TAN-004429,2021,EM.3063,1,2,3,229,230,459
TAN-004431,2021,EM.7035,2,4,6,123,134,257
TAN-004433,2021,EM.11246,3,3,6,212,210,422
TAN-004435,2021,EM.2624,4,1,5,134,134,268
TAN-004437,2021,EM.5996,4,3,7,193,213,406
TAN-004439,2021,EM.2460,5,3,8,142,161,303
TAN-004441,2021,EM.4723,4,2,6,196,159,355
TAN-004443,2021,EM.7036,6,2,8,248,259,507
TAN-004445,2021,EM.13581,5,6,11,379,396,775
TAN-004447,2021,EM.7034,6,11,17,555,551,1106
TAN-004449,2021,EM.5997,7,4,11,256,264,520
TAN-004451,2021,EM.4104,5,3,8,234,224,458
TAN-004453,2021,EM.7038,3,5,8,169,203,372
TAN-004455,2021,EM.3785,3,5,8,99,110,209
TAN-004457,2021,EM.7037,4,3,7,154,151,305
TAN-004459,2021,EM.4724,5,3,8,379,349,728
TAN-004461,2021,EM.2884,4,6,10,274,303,577
TAN-004463,2021,EM.7050,5,2,7,187,235,422
TAN-004465,2021,EM.3065,2,6,8,193,184,377
TAN-004467,2021,EM.1590,2,6,8,192,172,364
TAN-004469,2021,EM.13119,5,2,7,163,179,342
TAN-004471,2021,EM.7690,6,1,7,90,98,188
TAN-004473,2021,EM.9469,4,2,6,102,88,190
TAN-004475,2021,EM.7053,3,5,8,262,241,503
TAN-004477,2021,EM.6000,5,4,9,141,145,286
TAN-004479,2021,EM.3788,6,0,6,125,123,248
TAN-004481,2021,EM.6013,4,3,7,170,185,355
TAN-004483,2021,EM.13958,6,0,6,105,118,223
TAN-004485,2021,EM.8766,2,4,6,106,107,213
TAN-004487,2021,EM.4727,6,2,8,219,267,486
TAN-004489,2021,EM.4112,6,2,8,303,282,585
TAN-004491,2021,EM.4738,7,3,10,290,286,576
TAN-004493,2021,EM.3789,4,3,7,155,164,319
TAN-004495,2021,EM.7056,3,3,6,172,191,363
TAN-004497,2021,EM.2882,3,4,7,223,221,444
TAN-004499,2021,EM.7040,5,1,6,125,160,285
TAN-004501,2021,EM.3786,5,1,6,193,217,410
TAN-004503,2021,EM.6011,4,2,6,127,139,266
TAN-004505,2021,EM.7697,7,1,8,134,126,260
TAN-004507,2021,EM.4737,3,3,6,117,117,234
TAN-004509,2021,EM.4107,8,7,15,389,389,778
TAN-004511,2021,EM.7692,9,2,11,276,351,627
TAN-004513,2021,EM.7045,8,1,9,349,352,701
TAN-004515,2021,EM.4732,6,2,8,297,327,624
TAN-004517,2021,EM.4729,6,4,10,366,423,789
TAN-004519,2021,EM.13583,5,1,6,159,142,301
TAN-004521,2021,EM.2887,6,4,10,321,342,663
TAN-004523,2021,EM.7055,6,3,9,259,265,524
TAN-004525,2021,EM.4106,7,3,10,271,283,554
TAN-004527,2021,EM.3281,6,7,13,434,388,822
TAN-004529,2021,EM.13957,1,5,6,248,249,497
TAN-004531,2021,EM.6007,5,2,7,233,255,488
TAN-004533,2021,EM.7693,4,9,13,383,419,802
TAN-004535,2021,EM.4113,3,6,9,270,279,549
TAN-004537,2021,EM.2544,4,3,7,183,205,388
TAN-004539,2021,EM.6005,2,7,9,203,191,394
TAN-004549,2021,EM.9814,4,2,6,147,144,291
TAN-004559,2021,EM.16439,5,4,9,514,528,1042
TAN-004569,2021,EM.7043,7,1,8,238,280,518
TAN-004571,2021,EM.6018,4,3,7,175,180,355
TAN-004573,2021,EM.4105,3,3,6,220,227,447
TAN-004575,2021,EM.4726,4,2,6,223,172,395
TAN-004577,2021,EM.6003,5,4,9,209,208,417
TAN-004579,2021,EM.6006,4,2,6,281,289,570
TAN-004581,2021,EM.13120,2,3,5,214,234,448
TAN-004583,2021,EM.2021,3,5,8,306,335,641
TAN-004585,2021,EM.6004,5,1,6,145,130,275
TAN-004587,2021,EM.4731,4,3,7,69,90,159
TAN-004589,2021,EM.2886,3,4,7,193,220,413
TAN-004591,2021,EM.7039,3,5,8,229,207,436
TAN-004593,2021,EM.6002,4,1,5,115,109,224
TAN-004595,2021,EM.8293,4,1,5,99,105,204
TAN-004597,2021,EM.3787,2,4,6,176,170,346
TAN-004599,2021,EM.7694,4,3,7,254,211,465
TAN-004601,2021,EM.2885,5,1,6,254,254,508
TAN-004603,2021,EM.4110,3,3,6,167,167,334
TAN-004605,2021,EM.4733,5,2,7,307,335,642
TAN-004607,2021,EM.13584,6,6,12,508,537,1045
TAN-004609,2021,EM.3066,9,2,11,249,242,491
TAN-004611,2021,EM.8765,3,4,7,131,121,252
TAN-004613,2021,EM.1209,3,3,6,218,232,450
TAN-004615,2021,EM.3282,4,2,6,168,169,337
TAN-004617,2021,EM.6008,4,3,7,164,147,311
TAN-004619,2021,EM.337,4,3,7,109,118,227
TAN-004625,2021,EM.5356,5,0,5,184,172,356
TAN-004631,2021,EM.12232,11,3,14,46,50,96
TAN-004637,2021,EM.350,4,2,6,141,164,305
TAN-004643,2021,EM.5999,6,1,7,136,145,281
TAN-004645,2021,EM.4728,5,1,6,148,185,333
TAN-004647,2021,EM.7046,6,0,6,131,121,252
TAN-004649,2021,EM.2767,5,5,10,305,373,678
TAN-004651,2021,EM.10764,7,2,9,252,236,488
TAN-004653,2021,EM.2625,3,2,5,132,135,267
TAN-004655,2021,EM.6019,7,0,7,183,205,388
TAN-004657,2021,EM.13121,3,3,6,178,184,362
TAN-004659,2021,EM.3283,3,4,7,138,133,271
TAN-004661,2021,EM.4734,2,5,7,156,161,317
TAN-004663,2021,EM.2545,3,4,7,108,124,232
TAN-004665,2021,EM.4115,1,4,5,197,156,353
TAN-004667,2021,EM.7041,5,1,6,77,110,187
TAN-004669,2021,EM.4108,4,2,6,221,222,443
TAN-004671,2021,EM.14369,2,4,6,127,127,254
TAN-004673,2021,EM.7048,5,2,7,235,238,473
TAN-004675,2021,EM.2019,6,1,7,271,243,514
TAN-004677,2021,EM.7695,4,2,6,108,111,219
TAN-004679,2021,EM.825,5,2,7,141,164,305
TAN-004681,2021,EM.10297,4,2,6,115,123,238
TAN-004683,2021,EM.4111,4,2,6,74,96,170
TAN-004685,2021,EM.14370,4,2,6,225,207,432
TAN-004687,2021,EM.7049,2,3,5,130,134,264
TAN-004689,2021,EM.14371,3,3,6,161,146,307
TAN-004691,2021,EM.7689,2,4,6,172,209,381
TAN-004693,2021,EM.7696,6,7,13,347,343,690
TAN-004695,2021,EM.7052,9,4,13,327,355,682
TAN-004697,2021,EM.1018,7,4,11,333,344,677
TAN-004699,2021,EM.2883,3,7,10,190,200,390
TAN-004701,2021,EM.2357,4,4,8,119,108,227
TAN-004703,2021,EM.9470,3,4,7,184,195,379
TAN-004705,2021,EM.1017,3,5,8,192,227,419
TAN-004707,2021,EM.7047,4,2,6,77,102,179
TAN-004709,2021,EM.6009,5,1,6,162,122,284
TAN-004711,2021,EM.8216,6,0,6,26,30,56
TAN-004713,2021,EM.6014,4,2,6,118,120,238
TAN-004715,2021,EM.14372,4,3,7,208,205,413
TAN-004717,2021,EM.4114,4,3,7,261,265,526
TAN-004719,2021,EM.4109,4,7,11,350,334,684
TAN-004721,2021,EM.6012,4,3,7,107,90,197
TAN-004723,2021,EM.6016,4,3,7,169,154,323
TAN-004725,2021,EM.2020,4,4,8,169,171,340
TAN-004727,2021,EM.3470,5,5,10,253,269,522
TAN-004729,2021,EM.6001,5,1,6,152,144,296
TAN-004731,2021,EM.7042,6,1,7,203,186,389
TAN-004733,2021,EM.482,8,4,12,239,223,462
TAN-004735,2021,EM.7054,3,3,6,164,134,298
TAN-004737,2021,EM.6020,9,10,19,468,408,876
TAN-004740,2021,EM.11253,9,0,9,386,406,792
TAN-004743,2021,EM.297,16,10,26,1078,1134,2212
TAN-004746,2021,EM.6024,14,15,29,1539,1648,3187
TAN-004749,2021,EM.4739,6,5,11,417,450,867
TAN-004752,2021,EM.4740,6,2,8,263,265,528
TAN-004755,2021,EM.338,7,4,11,394,383,777
TAN-004758,2021,EM.15043,7,1,8,408,405,813
TAN-004760,2021,EM.10932,8,9,17,433,505,938
TAN-004763,2021,EM.1875,9,5,14,763,824,1587
TAN-004766,2021,EM.10934,26,22,48,2667,2832,5499
TAN-004769,2021,EM.13586,9,3,12,542,578,1120
TAN-004772,2021,EM.10930,8,2,10,457,463,920
TAN-004775,2021,EM.15273,8,3,11,753,799,1552
TAN-004778,2021,EM.10933,28,18,46,2353,2443,4796
TAN-004781,2021,EM.8836,7,5,12,469,567,1036
TAN-004784,2021,EM.11249,10,1,11,708,659,1367
TAN-004787,2021,EM.11254,9,2,11,486,513,999
TAN-004790,2021,EM.7057,7,2,9,279,272,551
TAN-004793,2021,EM.668,8,1,9,441,389,830
TAN-004796,2021,EM.11255,8,0,8,275,342,617
TAN-004797,2021,EM.194,5,2,7,249,260,509
TAN-004800,2021,EM.6023,4,3,7,230,270,500
TAN-004803,2021,EM.15038,10,1,11,550,550,1100
TAN-004805,2021,EM.8294,5,6,11,603,624,1227
TAN-004808,2021,EM.1210,7,8,15,238,246,484
TAN-004811,2021,EM.3790,6,3,9,374,385,759
TAN-004814,2021,EM.11257,7,0,7,253,257,510
TAN-004817,2021,EM.8979,8,1,9,396,393,789
TAN-004820,2021,EM.11247,7,2,9,379,398,777
TAN-004823,2021,EM.11251,17,2,19,899,880,1779
TAN-004826,2021,EM.13122,7,0,7,461,424,885
TAN-004829,2021,EM.9150,8,3,11,420,441,861
TAN-004832,2021,EM.230,9,13,22,672,695,1367
TAN-004835,2021,EM.9247,5,5,10,204,195,399
TAN-004838,2021,EM.1591,12,2,14,269,333,602
TAN-004841,2021,EM.11250,16,2,18,1010,945,1955
TAN-004844,2021,EM.609,10,4,14,503,574,1077
TAN-004847,2021,EM.8295,5,6,11,447,483,930
TAN-004850,2021,EM.9246,10,4,14,399,403,802
TAN-004853,2021,EM.10931,12,0,12,378,390,768
TAN-004856,2021,EM.7061,3,15,18,357,382,739
TAN-004859,2021,EM.2359,4,1,5,215,193,408
TAN-004862,2021,EM.8081,3,4,7,105,107,212
TAN-004865,2021,EM.4753,5,2,7,199,170,369
TAN-004868,2021,EM.4757,3,6,9,209,190,399
TAN-004871,2021,EM.1019,4,3,7,161,166,327
TAN-004874,2021,EM.7063,5,2,7,252,243,495
TAN-004877,2021,EM.4749,4,3,7,163,175,338
TAN-004880,2021,EM.10936,3,4,7,186,206,392
TAN-004883,2021,EM.10438,3,3,6,242,215,457
TAN-004886,2021,EM.4755,4,2,6,285,274,559
TAN-004889,2021,EM.9472,6,0,6,141,144,285
TAN-004892,2021,EM.669,5,0,5,211,185,396
TAN-004895,2021,EM.10935,3,2,5,80,82,162
TAN-004898,2021,EM.1876,4,3,7,193,189,382
TAN-004901,2021,EM.3068,6,1,7,167,166,333
TAN-004904,2021,EM.8767,4,3,7,254,236,490
TAN-004907,2021,EM.10141,8,1,9,155,137,292
TAN-004910,2021,EM.10142,7,3,10,488,478,966
TAN-004913,2021,EM.10144,5,0,5,163,136,299
TAN-004916,2021,EM.8689,3,4,7,262,249,511
TAN-004919,2021,EM.2360,2,5,7,210,193,403
TAN-004922,2021,EM.12495,5,1,6,177,161,338
TAN-004925,2021,EM.1949,5,3,8,240,283,523
TAN-004928,2021,EM.10146,3,4,7,188,218,406
TAN-004931,2021,EM.1213,6,1,7,288,293,581
TAN-004934,2021,EM.1020,5,3,8,363,343,706
TAN-004937,2021,EM.4743,5,3,8,252,239,491
TAN-004940,2021,EM.2022,3,3,6,134,116,250
TAN-004943,2021,EM.88,4,3,7,225,214,439
TAN-004946,2021,EM.2024,2,3,5,94,90,184
TAN-004949,2021,EM.150,4,2,6,286,242,528
TAN-004952,2021,EM.1785,3,4,7,168,158,326
TAN-004955,2021,EM.7062,3,15,18,267,247,514
TAN-004958,2021,EM.383,4,11,15,346,311,657
TAN-004961,2021,EM.77,3,10,13,306,268,574
TAN-004964,2021,EM.4116,9,1,10,191,218,409
TAN-004967,2021,EM.4117,6,5,11,312,290,602
TAN-004970,2021,EM.8082,4,8,12,177,181,358
TAN-004973,2021,EM.436,3,1,4,214,201,415
TAN-004976,2021,EM.6027,6,3,9,399,344,743
TAN-004979,2021,EM.826,5,1,6,237,202,439
TAN-004982,2021,EM.4747,4,2,6,190,203,393
TAN-004983,2021,EM.1780,3,3,6,175,172,347
TAN-004986,2021,EM.10937,9,1,10,278,250,528
TAN-004989,2021,EM.1781,4,7,11,184,187,371
TAN-004992,2021,EM.7700,4,9,13,223,222,445
TAN-004995,2021,EM.12494,4,2,6,190,247,437
TAN-004998,2021,EM.4745,1,4,5,293,259,552
TAN-005001,2021,EM.11706,3,3,6,115,166,281
TAN-005004,2021,EM.828,6,2,8,388,391,779
TAN-005005,2021,EM.212,2,5,7,196,195,391
TAN-005008,2021,EM.7702,3,1,4,251,276,527
TAN-005011,2021,EM.238,5,2,7,133,146,279
TAN-005014,2021,EM.78,6,4,10,425,383,808
TAN-005017,2021,EM.1783,3,5,8,289,272,561
TAN-005020,2021,EM.4750,7,16,23,811,777,1588
TAN-005023,2021,EM.211,3,4,7,128,114,242
TAN-005026,2021,EM.9602,6,15,21,477,453,930
TAN-005029,2021,EM.9471,6,0,6,120,174,294
TAN-005032,2021,EM.4746,4,1,5,267,243,510
TAN-005035,2021,EM.8903,5,3,8,280,365,645
TAN-005041,2021,EM.4817,12,12,24,947,864,1811
TAN-005047,2021,EM.3285,5,0,5,246,245,491
TAN-005050,2021,EM.4742,6,0,6,336,333,669
TAN-005053,2021,EM.4751,7,1,8,302,297,599
TAN-005056,2021,EM.4756,2,3,5,217,176,393
TAN-005059,2021,EM.484,1,3,4,182,184,366
TAN-005062,2021,EM.1779,3,2,5,210,204,414
TAN-005065,2021,EM.2546,3,2,5,191,199,390
TAN-005068,2021,EM.1212,8,1,9,256,297,553
TAN-005071,2021,EM.3067,2,4,6,323,320,643
TAN-005074,2021,EM.4748,5,2,7,414,353,767
TAN-005077,2021,EM.3069,3,3,6,192,183,375
TAN-005080,2021,EM.1214,3,0,3,86,101,187
TAN-005083,2021,EM.9473,4,3,7,367,330,697
TAN-005086,2021,EM.6030,3,1,4,339,353,692
TAN-005089,2021,EM.6033,7,3,10,458,510,968
TAN-005092,2021,EM.6034,6,0,6,299,281,580
TAN-005095,2021,EM.137,2,5,7,140,138,278
TAN-005098,2021,EM.13961,2,2,4,106,92,198
TAN-005099,2021,EM.4752,4,9,13,207,206,413
TAN-005102,2021,EM.6029,5,5,10,148,152,300
TAN-005105,2021,EM.6032,3,4,7,181,177,358
TAN-005108,2021,EM.6028,5,1,6,248,246,494
TAN-005111,2021,EM.7701,5,1,6,223,214,437
TAN-005114,2021,EM.3286,2,3,5,211,213,424
TAN-005117,2021,EM.2025,3,2,5,262,279,541
TAN-005120,2021,EM.10148,5,2,7,321,326,647
TAN-005123,2021,EM.14374,6,1,7,281,243,524
TAN-005125,2021,EM.6031,7,2,9,419,406,825
TAN-005128,2021,EM.13963,6,1,7,63,59,122
TAN-005129,2021,EM.10149,4,2,6,296,278,574
TAN-005132,2021,EM.10298,8,2,10,368,376,744
TAN-005135,2021,EM.13123,10,1,11,274,301,575
TAN-005136,2021,EM.1782,3,8,11,179,186,365
TAN-005139,2021,EM.33,6,7,13,238,193,431
TAN-005142,2021,EM.7065,5,5,10,291,269,560
TAN-005145,2021,EM.486,5,9,14,313,290,603
TAN-005148,2021,EM.7699,6,0,6,283,336,619
TAN-005151,2021,EM.8296,2,4,6,175,152,327
TAN-005154,2021,EM.2023,3,1,4,200,181,381
TAN-005157,2021,EM.4744,4,1,5,154,169,323
TAN-005160,2021,EM.553,2,2,4,196,155,351
TAN-005163,2021,EM.13962,6,1,7,225,228,453
TAN-005165,2021,EM.1215,6,1,7,239,219,458
TAN-005168,2021,EM.8362,3,3,6,170,167,337
TAN-005171,2021,EM.10300,5,6,11,363,401,764
TAN-005174,2021,EM.1476,5,5,10,267,245,512
TAN-005177,2021,EM.9348,8,0,8,402,430,832
TAN-005180,2021,EM.10145,8,1,9,346,352,698
TAN-005183,2021,EM.8768,5,1,6,309,321,630
TAN-005186,2021,EM.3070,4,2,6,257,250,507
TAN-005189,2021,EM.6026,9,1,10,408,458,866
TAN-005192,2021,EM.10437,6,1,7,216,254,470
TAN-005195,2021,EM.10299,6,1,7,259,303,562
TAN-005198,2021,EM.2228,3,2,5,262,227,489
TAN-005201,2021,EM.16009,5,20,25,543,548,1091
TAN-005202,2021,EM.16011,11,1,12,317,308,625
TAN-005203,2021,EM.16062,4,12,16,217,250,467
TAN-005204,2021,EM.10581,7,3,10,121,105,226
TAN-005205,2021,EM.16007,6,0,6,305,310,615
TAN-005206,2021,EM.16017,6,2,8,255,267,522
TAN-005207,2021,EM.16025,3,3,6,615,587,1202
TAN-005208,2021,EM.16055,7,0,7,635,611,1246
TAN-005209,2021,EM.16087,6,0,6,351,397,748
TAN-005210,2021,EM.16031,3,7,10,222,224,446
TAN-005211,2021,EM.16080,7,2,9,127,139,266
TAN-005212,2021,EM.16092,8,1,9,473,451,924
TAN-005213,2021,EM.16097,5,2,7,192,224,416
TAN-005214,2021,EM.16102,5,9,14,271,286,557
TAN-005217,2021,EM.16020,8,5,13,347,322,669
TAN-005218,2021,EM.16091,9,3,12,455,381,836
TAN-005219,2021,EM.16099,9,6,15,540,579,1119
TAN-005221,2021,EM.16100,7,6,13,300,316,616
TAN-005222,2021,EM.16002,7,3,10,246,254,500
TAN-005223,2021,EM.16014,7,6,13,249,255,504
TAN-005224,2021,EM.16021,7,6,13,243,208,451
TAN-005227,2021,EM.16054,10,4,14,485,529,1014
TAN-005228,2021,EM.16022,5,5,10,185,211,396
TAN-005231,2021,EM.1848,5,16,21,511,563,1074
TAN-005234,2021,EM.6036,6,3,9,266,303,569
TAN-005235,2021,EM.16086,4,9,13,212,240,452
TAN-005238,2021,EM.16023,3,3,6,237,223,460
TAN-005239,2021,EM.16030,5,5,10,303,280,583
TAN-005240,2021,EM.16041,7,2,9,151,142,293
TAN-005241,2021,EM.16049,6,1,7,355,375,730
TAN-005242,2021,EM.16012,6,4,10,140,161,301
TAN-005243,2021,EM.16038,6,4,10,437,448,885
TAN-005244,2021,EM.16050,7,2,9,363,407,770
TAN-005245,2021,EM.16083,12,3,15,753,776,1529
TAN-005246,2021,EM.16094,3,5,8,120,133,253
TAN-005247,2021,EM.16104,6,1,7,108,113,221
TAN-005248,2021,EM.16105,3,10,13,159,183,342
TAN-005251,2021,EM.16036,9,17,26,540,555,1095
TAN-005252,2021,EM.16040,6,12,18,278,275,553
TAN-005253,2021,EM.16046,4,26,30,441,483,924
TAN-005254,2021,EM.16048,12,1,13,122,124,246
TAN-005255,2021,EM.16101,3,17,20,248,267,515
TAN-005256,2021,EM.16106,9,2,11,311,324,635
TAN-005257,2021,EM.16033,7,2,9,348,393,741
TAN-005258,2021,EM.16047,4,2,6,146,138,284
TAN-005259,2021,EM.16051,6,6,12,253,258,511
TAN-005261,2021,EM.16084,6,3,9,286,292,578
TAN-005264,2021,EM.16088,7,1,8,349,343,692
TAN-005265,2021,EM.16039,10,6,16,219,208,427
TAN-005266,2021,EM.16043,9,2,11,302,307,609
TAN-005267,2021,EM.16052,7,1,8,264,332,596
TAN-005268,2021,EM.16056,6,4,10,178,166,344
TAN-005269,2021,EM.16059,8,5,13,124,94,218
TAN-005272,2021,EM.16065,5,7,12,242,226,468
TAN-005273,2021,EM.16071,8,4,12,192,193,385
TAN-005274,2021,EM.16073,8,1,9,232,230,462
TAN-005275,2021,EM.16008,8,1,9,413,420,833
TAN-005276,2021,EM.16032,4,3,7,236,230,466
TAN-005277,2021,EM.16058,6,3,9,452,456,908
TAN-005280,2021,EM.16081,6,5,11,591,612,1203
TAN-005281,2021,EM.16044,5,6,11,305,282,587
TAN-005282,2021,EM.16045,9,5,14,229,257,486
TAN-005283,2021,EM.16057,6,3,9,192,206,398
TAN-005286,2021,EM.16064,3,3,6,154,182,336
TAN-005287,2021,EM.16103,5,6,11,235,258,493
TAN-005288,2021,EM.16028,5,3,8,292,328,620
TAN-005289,2021,EM.16013,5,2,7,279,244,523
TAN-005290,2021,EM.16060,6,3,9,378,426,804
TAN-005291,2021,EM.16109,6,2,8,244,213,457
TAN-005292,2021,EM.16053,8,2,10,231,243,474
TAN-005293,2021,EM.16063,4,3,7,213,220,433
TAN-005294,2021,EM.1021,7,6,13,324,365,689
TAN-005295,2021,EM.16015,10,1,11,416,482,898
TAN-005296,2021,EM.16016,8,3,11,383,429,812
TAN-005297,2021,EM.16019,5,1,6,174,189,363
TAN-005298,2021,EM.16027,6,3,9,290,291,581
TAN-005299,2021,EM.16077,4,2,6,219,230,449
TAN-005302,2021,EM.16079,4,7,11,402,356,758
TAN-005303,2021,EM.16006,6,3,9,276,302,578
TAN-005304,2021,EM.16034,5,9,14,259,229,488
TAN-005305,2021,EM.16068,7,1,8,257,250,507
TAN-005306,2021,EM.16093,5,2,7,344,341,685
TAN-005307,2021,EM.16107,8,4,12,312,339,651
TAN-005308,2021,EM.16037,10,2,12,414,386,800
TAN-005309,2021,EM.16066,11,3,14,870,822,1692
TAN-005310,2021,EM.16067,9,0,9,434,481,915
TAN-005311,2021,EM.16085,6,2,8,304,330,634
TAN-005312,2021,EM.16010,6,4,10,187,230,417
TAN-005313,2021,EM.16024,8,0,8,291,300,591
TAN-005314,2021,EM.16029,6,5,11,374,392,766
TAN-005315,2021,EM.16061,5,7,12,223,248,471
TAN-005316,2021,EM.16074,7,2,9,219,260,479
TAN-005317,2021,EM.16089,9,1,10,274,277,551
TAN-005318,2021,EM.16090,9,1,10,532,465,997
TAN-005319,2021,EM.16095,7,1,8,218,301,519
TAN-005320,2021,EM.16042,6,1,7,194,188,382
TAN-005321,2021,EM.16069,8,1,9,292,306,598
TAN-005322,2021,EM.16096,5,5,10,340,348,688
TAN-005325,2021,EM.16098,10,1,11,473,514,987
TAN-005326,2021,EM.1878,4,2,6,98,121,219
TAN-005329,2021,EM.13591,5,2,7,119,153,272
TAN-005332,2021,EM.6052,3,3,6,93,91,184
TAN-005335,2021,EM.6055,5,3,8,149,161,310
TAN-005338,2021,EM.7075,7,0,7,95,110,205
TAN-005341,2021,EM.831,4,1,5,147,152,299
TAN-005344,2021,EM.4763,5,1,6,337,332,669
TAN-005347,2021,EM.1786,2,6,8,369,324,693
TAN-005350,2021,EM.8298,3,2,5,197,182,379
TAN-005353,2021,EM.8217,4,2,6,129,121,250
TAN-005356,2021,EM.384,4,5,9,229,219,448
TAN-005359,2021,EM.339,4,1,5,172,147,319
TAN-005362,2021,EM.6053,4,2,6,206,174,380
TAN-005365,2021,EM.3072,3,4,7,116,117,233
TAN-005368,2021,EM.4768,6,1,7,155,149,304
TAN-005371,2021,EM.2232,4,3,7,161,146,307
TAN-005374,2021,EM.7073,6,0,6,145,138,283
TAN-005377,2021,EM.1879,6,2,8,77,65,142
TAN-005380,2021,EM.109,6,4,10,138,123,261
TAN-005383,2021,EM.4764,6,2,8,131,113,244
TAN-005386,2021,EM.7074,5,2,7,82,82,164
TAN-005389,2021,EM.4765,4,3,7,167,120,287
TAN-005392,2021,EM.9349,4,2,6,148,117,265
TAN-005395,2021,EM.2627,7,1,8,172,141,313
TAN-005398,2021,EM.258,5,1,6,132,131,263
TAN-005401,2021,EM.11722,4,2,6,119,114,233
TAN-005404,2021,EM.6056,4,4,8,87,103,190
TAN-005407,2021,EM.489,4,1,5,84,88,172
TAN-005410,2021,EM.2362,2,3,5,168,171,339
TAN-005413,2021,EM.2119,5,1,6,154,152,306
TAN-005416,2021,EM.8771,7,6,13,416,470,886
TAN-005419,2021,EM.8772,6,5,11,535,569,1104
TAN-005422,2021,EM.9350,3,4,7,280,290,570
TAN-005425,2021,EM.17079,6,1,7,228,241,469
TAN-005428,2021,EM.123,6,3,9,140,121,261
TAN-005431,2021,EM.14811,4,1,5,108,106,214
TAN-005434,2021,EM.2027,4,1,5,110,103,213
TAN-005437,2021,EM.110,6,3,9,222,205,427
TAN-005440,2021,EM.610,6,1,7,115,107,222
TAN-005443,2021,EM.3796,5,1,6,131,126,257
TAN-005446,2021,EM.10301,4,4,8,59,53,112
TAN-005449,2021,EM.2363,3,3,6,86,83,169
TAN-005452,2021,EM.1592,11,17,28,865,861,1726
TAN-005455,2021,EM.6049,5,2,7,224,241,465
TAN-005458,2021,EM.4120,9,1,10,399,427,826
TAN-005461,2021,EM.239,4,7,11,380,358,738
TAN-005464,2021,EM.3478,5,7,12,356,346,702
TAN-005467,2021,EM.4767,6,8,14,423,379,802
TAN-005470,2021,EM.10767,3,7,10,427,448,875
TAN-005473,2021,EM.9351,4,1,5,149,191,340
TAN-005476,2021,EM.8299,9,0,9,351,367,718
TAN-005479,2021,EM.10441,6,2,8,213,217,430
TAN-005482,2021,EM.3290,3,3,6,119,106,225
TAN-005485,2021,EM.1222,3,5,8,150,143,293
TAN-005488,2021,EM.6054,2,4,6,153,164,317
TAN-005491,2021,EM.8218,1,3,4,60,50,110
TAN-005494,2021,EM.6057,3,3,6,151,121,272
TAN-005497,2021,EM.11264,2,6,8,221,185,406
TAN-005500,2021,EM.6051,6,1,7,274,271,545
TAN-005503,2021,EM.8841,1,10,11,419,439,858
TAN-005506,2021,EM.488,1,11,12,465,471,936
TAN-005509,2021,EM.10151,1,6,7,172,195,367
TAN-005512,2021,EM.9152,6,1,7,267,291,558
TAN-005515,2021,EM.8219,4,4,8,236,264,500
TAN-005518,2021,EM.8220,4,2,6,303,337,640
TAN-005521,2021,EM.6050,5,1,6,274,270,544
TAN-005524,2021,EM.1223,7,1,8,106,111,217
TAN-005527,2021,EM.10944,3,4,7,130,170,300
TAN-005530,2021,EM.8364,3,3,6,151,143,294
TAN-005533,2021,EM.1224,5,2,7,205,181,386
TAN-005536,2021,EM.8637,5,7,12,207,265,472
TAN-005539,2021,EM.3477,5,2,7,281,266,547
TAN-005542,2021,EM.9474,4,0,4,91,110,201
TAN-005545,2021,EM.6058,3,5,8,272,252,524
TAN-005548,2021,EM.8773,7,2,9,498,600,1098
TAN-005551,2021,EM.1225,4,9,13,716,769,1485
TAN-005554,2021,EM.4119,5,4,9,293,333,626
TAN-005557,2021,EM.8636,4,7,11,473,504,977
TAN-005560,2021,EM.6059,3,5,8,248,237,485
TAN-005563,2021,EM.10152,11,0,11,299,299,598
TAN-005566,2021,EM.12499,5,1,6,89,73,162
TAN-005569,2021,EM.830,4,2,6,111,137,248
TAN-005572,2021,EM.3479,2,3,5,114,99,213
TAN-005575,2021,EM.1593,5,4,9,408,365,773
TAN-005578,2021,EM.2465,5,7,12,320,311,631
TAN-005581,2021,EM.4773,8,3,11,336,331,667
TAN-005583,2021,EM.12505,4,2,6,167,184,351
TAN-005586,2021,EM.7088,9,1,10,253,291,544
TAN-005589,2021,EM.4778,5,1,6,292,291,583
TAN-005592,2021,EM.9353,8,6,14,369,392,761
TAN-005595,2021,EM.7078,6,2,8,147,176,323
TAN-005598,2021,EM.11725,4,5,9,277,286,563
TAN-005601,2021,EM.13136,4,2,6,130,115,245
TAN-005602,2021,EM.12512,5,2,7,323,390,713
TAN-005603,2021,EM.4782,6,2,8,380,431,811
TAN-005606,2021,EM.13972,5,0,5,249,297,546
TAN-005608,2021,EM.1790,10,1,11,371,379,750
TAN-005611,2021,EM.12516,5,2,7,231,272,503
TAN-005612,2021,EM.1880,9,2,11,266,270,536
TAN-005615,2021,EM.4772,2,5,7,175,187,362
TAN-005618,2021,EM.7091,4,3,7,228,212,440
TAN-005621,2021,EM.10303,4,4,8,239,247,486
TAN-005624,2021,EM.182,4,3,7,166,181,347
TAN-005627,2021,EM.259,2,7,9,255,244,499
TAN-005630,2021,EM.7079,4,1,5,246,232,478
TAN-005633,2021,EM.2233,6,2,8,397,406,803
TAN-005636,2021,EM.8365,6,0,6,175,198,373
TAN-005639,2021,EM.4777,6,0,6,192,166,358
TAN-005642,2021,EM.9354,5,0,5,271,271,542
TAN-005645,2021,EM.1597,9,1,10,349,359,708
TAN-005648,2021,EM.8696,3,6,9,264,282,546
TAN-005651,2021,EM.13977,4,2,6,176,158,334
TAN-005653,2021,EM.1026,4,2,6,193,182,375
TAN-005656,2021,EM.9352,5,1,6,123,116,239
TAN-005659,2021,EM.13141,6,0,6,170,145,315
TAN-005660,2021,EM.11732,8,1,9,339,376,715
TAN-005661,2021,EM.4770,4,10,14,187,196,383
TAN-005662,2021,EM.4771,3,8,11,156,141,297
TAN-005665,2021,EM.9476,7,1,8,204,228,432
TAN-005668,2021,EM.7077,7,1,8,267,274,541
TAN-005671,2021,EM.7080,5,1,6,342,350,692
TAN-005674,2021,EM.7086,7,4,11,493,521,1014
TAN-005677,2021,EM.12510,5,1,6,254,286,540
TAN-005678,2021,EM.11269,6,1,7,172,195,367
TAN-005679,2021,EM.10770,6,2,8,57,53,110
TAN-005681,2021,EM.12502,2,5,7,154,142,296
TAN-005682,2021,EM.1028,4,6,10,428,456,884
TAN-005685,2021,EM.308,4,6,10,430,444,874
TAN-005688,2021,EM.3797,9,0,9,253,256,509
TAN-005691,2021,EM.7082,5,3,8,262,237,499
TAN-005694,2021,EM.743,5,6,11,285,255,540
TAN-005697,2021,EM.17306,4,3,7,107,118,225
TAN-005700,2021,EM.835,7,4,11,308,225,533
TAN-005703,2021,EM.1598,4,4,8,254,181,435
TAN-005706,2021,EM.7096,7,1,8,305,327,632
TAN-005709,2021,EM.11728,4,3,7,336,285,621
TAN-005710,2021,EM.4784,5,3,8,316,338,654
TAN-005713,2021,EM.833,5,4,9,281,277,558
TAN-005716,2021,EM.7716,3,5,8,259,262,521
TAN-005719,2021,EM.11723,6,7,13,218,248,466
TAN-005722,2021,EM.7084,7,3,10,366,382,748
TAN-005727,2021,EM.2162,8,4,12,314,322,636
TAN-005732,2021,EM.2236,3,8,11,269,255,524
TAN-005735,2021,EM.7708,10,1,11,314,291,605
TAN-005738,2021,EM.11731,6,1,7,245,254,499
TAN-005739,2021,EM.13975,6,0,6,117,115,232
TAN-005741,2021,EM.13976,7,0,7,256,259,515
TAN-005743,2021,EM.7085,7,5,12,337,391,728
TAN-005746,2021,EM.97,4,13,17,361,388,749
TAN-005749,2021,EM.834,1,16,17,403,432,835
TAN-005752,2021,EM.11270,6,2,8,181,187,368
TAN-005755,2021,EM.4774,5,0,5,236,267,503
TAN-005758,2021,EM.11729,7,0,7,214,217,431
TAN-005759,2021,EM.7087,6,3,9,301,311,612
TAN-005762,2021,EM.7089,5,1,6,437,452,889
TAN-005765,2021,EM.1030,7,4,11,489,406,895
TAN-005768,2021,EM.4769,3,6,9,355,332,687
TAN-005771,2021,EM.195,4,7,11,217,210,427
TAN-005774,2021,EM.72,3,5,8,124,100,224
TAN-005777,2021,EM.12519,6,2,8,302,266,568
TAN-005778,2021,EM.1594,5,2,7,180,153,333
TAN-005781,2021,EM.10302,5,2,7,100,137,237
TAN-005784,2021,EM.10945,5,3,8,154,153,307
TAN-005787,2021,EM.4783,5,5,10,200,179,379
TAN-005790,2021,EM.171,7,2,9,215,198,413
TAN-005793,2021,EM.8842,14,3,17,860,810,1670
TAN-005796,2021,EM.12503,6,1,7,316,329,645
TAN-005799,2021,EM.10153,7,1,8,205,240,445
TAN-005802,2021,EM.437,4,3,7,308,275,583
TAN-005805,2021,EM.12517,6,0,6,208,226,434
TAN-005806,2021,EM.275,4,4,8,217,265,482
TAN-005809,2021,EM.17081,4,1,5,221,238,459
TAN-005812,2021,EM.12508,8,2,10,289,274,563
TAN-005813,2021,EM.3074,5,3,8,364,328,692
TAN-005816,2021,EM.4780,2,6,8,369,405,774
TAN-005819,2021,EM.7711,11,0,11,569,582,1151
TAN-005822,2021,EM.11734,6,3,9,201,201,402
TAN-005823,2021,EM.11739,5,6,11,540,533,1073
TAN-005824,2021,EM.10582,5,5,10,221,242,463
TAN-005827,2021,EM.1027,4,5,9,234,225,459
TAN-005830,2021,EM.7090,4,4,8,197,216,413
TAN-005833,2021,EM.2549,4,7,11,248,251,499
TAN-005836,2021,EM.7081,3,7,10,284,283,567
TAN-005839,2021,EM.13139,2,3,5,124,127,251
TAN-005840,2021,EM.8695,10,2,12,260,244,504
TAN-005843,2021,EM.7706,5,2,7,276,286,562
TAN-005846,2021,EM.7083,6,2,8,379,366,745
TAN-005849,2021,EM.2234,3,3,6,263,273,536
TAN-005852,2021,EM.13140,5,1,6,187,216,403
TAN-005853,2021,EM.13146,4,1,5,209,240,449
TAN-005854,2021,EM.7076,6,0,6,200,190,390
TAN-005857,2021,EM.3073,7,6,13,295,287,582
TAN-005860,2021,EM.13593,8,0,8,170,180,350
TAN-005863,2021,EM.13971,8,1,9,396,388,784
TAN-005865,2021,EM.12506,7,0,7,169,203,372
TAN-005866,2021,EM.11730,5,0,5,316,315,631
TAN-005867,2021,EM.611,5,2,7,490,576,1066
TAN-005870,2021,EM.7712,9,3,12,572,562,1134
TAN-005873,2021,EM.11740,6,1,7,302,256,558
TAN-005876,2021,EM.10772,7,4,11,540,574,1114
TAN-005879,2021,EM.2548,5,9,14,343,374,717
TAN-005882,2021,EM.13137,3,4,7,200,149,349
TAN-005883,2021,EM.4775,7,6,13,292,274,566
TAN-005886,2021,EM.274,5,2,7,253,233,486
TAN-005889,2021,EM.13142,6,1,7,259,258,517
TAN-005892,2021,EM.12514,4,4,8,218,200,418
TAN-005893,2021,EM.7094,7,3,10,267,351,618
TAN-005896,2021,EM.4787,1,5,6,119,120,239
TAN-005899,2021,EM.12504,4,3,7,168,131,299
TAN-005900,2021,EM.12511,5,2,7,197,228,425
TAN-005901,2021,EM.1951,4,2,6,162,139,301
TAN-005904,2021,EM.10586,6,1,7,189,171,360
TAN-005907,2021,EM.11265,7,0,7,206,220,426
TAN-005910,2021,EM.7709,4,7,11,219,198,417
TAN-005913,2021,EM.3480,7,2,9,255,234,489
TAN-005916,2021,EM.10768,6,1,7,257,234,491
TAN-005919,2021,EM.6063,5,1,6,110,107,217
TAN-005922,2021,EM.11724,6,1,7,259,319,578
TAN-005923,2021,EM.6060,7,0,7,278,340,618
TAN-005926,2021,EM.12509,6,1,7,213,230,443
TAN-005927,2021,EM.12513,16,0,16,277,327,604
TAN-005928,2021,EM.1031,6,6,12,374,327,701
TAN-005931,2021,EM.744,3,5,8,219,217,436
TAN-005934,2021,EM.13143,3,4,7,262,285,547
TAN-005935,2021,EM.7092,4,5,9,238,239,477
TAN-005938,2021,EM.1596,5,5,10,131,120,251
TAN-005941,2021,EM.4785,5,5,10,263,263,526
TAN-005944,2021,EM.13145,6,3,9,171,142,313
TAN-005945,2021,EM.11726,2,10,12,119,81,200
TAN-005946,2021,EM.1227,6,16,22,443,456,899
TAN-005949,2021,EM.11268,4,17,21,632,678,1310
TAN-005952,2021,EM.1717,6,15,21,589,606,1195
TAN-005955,2021,EM.10588,4,15,19,294,308,602
TAN-005958,2021,EM.8694,6,2,8,218,225,443
TAN-005961,2021,EM.1229,7,1,8,324,324,648
TAN-005964,2021,EM.11737,5,1,6,128,146,274
TAN-005965,2021,EM.7095,6,5,11,287,302,589
TAN-005968,2021,EM.2892,7,0,7,175,187,362
TAN-005971,2021,EM.12500,6,0,6,213,269,482
TAN-005972,2021,EM.4776,8,0,8,344,337,681
TAN-005975,2021,EM.4781,6,3,9,496,511,1007
TAN-005978,2021,EM.6064,6,3,9,480,571,1051
TAN-005981,2021,EM.3798,7,2,9,360,370,730
TAN-005984,2021,EM.7707,6,5,11,300,283,583
TAN-005987,2021,EM.1788,5,9,14,352,428,780
TAN-005990,2021,EM.10583,7,2,9,224,198,422
TAN-005993,2021,EM.9355,4,8,12,321,326,647
TAN-005996,2021,EM.4786,5,4,9,263,279,542
TAN-005999,2021,EM.9356,4,3,7,193,203,396
TAN-006002,2021,EM.50,4,5,9,232,232,464
TAN-006005,2021,EM.4121,12,1,13,465,576,1041
TAN-006008,2021,EM.10769,6,2,8,335,352,687
TAN-006011,2021,EM.11736,7,1,8,111,129,240
TAN-006012,2021,EM.12518,8,0,8,242,250,492
TAN-006013,2021,EM.10771,10,1,11,418,438,856
TAN-006016,2021,EM.3481,10,0,10,337,343,680
TAN-006019,2021,EM.13974,6,1,7,360,332,692
TAN-006021,2021,EM.1226,5,3,8,368,414,782
TAN-006024,2021,EM.745,5,3,8,326,371,697
TAN-006027,2021,EM.10585,9,2,11,282,315,597
TAN-006030,2021,EM.10584,4,2,6,139,150,289
TAN-006033,2021,EM.1231,5,4,9,215,253,468
TAN-006036,2021,EM.7705,8,1,9,301,327,628
TAN-006039,2021,EM.4779,7,2,9,398,383,781
TAN-006042,2021,EM.12520,5,0,5,181,201,382
TAN-006043,2021,EM.3482,8,3,11,479,492,971
TAN-006046,2021,EM.12501,8,0,8,236,198,434
TAN-006047,2021,EM.13144,7,0,7,164,182,346
TAN-006048,2021,EM.11735,5,1,6,298,333,631
TAN-006049,2021,EM.10587,7,1,8,223,218,441
TAN-006052,2021,EM.4788,5,6,11,374,420,794
TAN-006055,2021,EM.2837,5,16,21,1152,1260,2412
TAN-006058,2021,EM.2317,5,3,8,276,243,519
TAN-006061,2021,EM.10592,8,0,8,382,358,740
TAN-006064,2021,EM.555,8,4,12,440,475,915
TAN-006067,2021,EM.612,5,2,7,158,198,356
TAN-006070,2021,EM.10442,6,2,8,413,424,837
TAN-006073,2021,EM.10774,5,1,6,441,395,836
TAN-006076,2021,EM.8908,8,0,8,252,253,505
TAN-006079,2021,EM.10305,4,2,6,226,264,490
TAN-006082,2021,EM.2238,7,2,9,240,258,498
TAN-006085,2021,EM.672,5,1,6,272,285,557
TAN-006088,2021,EM.4789,5,1,6,255,264,519
TAN-006091,2021,EM.3483,3,2,5,278,264,542
TAN-006094,2021,EM.836,6,11,17,585,626,1211
TAN-006098,2021,EM.2466,7,2,9,339,343,682
TAN-006101,2021,EM.4124,6,3,9,423,437,860
TAN-006104,2021,EM.1235,4,2,6,237,232,469
TAN-006107,2021,EM.4799,4,3,7,425,463,888
TAN-006110,2021,EM.3484,7,1,8,284,302,586
TAN-006113,2021,EM.340,4,8,12,278,350,628
TAN-006116,2021,EM.4123,6,4,10,288,339,627
TAN-006119,2021,EM.1479,6,2,8,289,307,596
TAN-006122,2021,EM.1036,2,4,6,415,391,806
TAN-006125,2021,EM.4796,3,5,8,207,222,429
TAN-006128,2021,EM.4798,8,1,9,261,290,551
TAN-006131,2021,EM.4800,3,3,6,160,206,366
TAN-006134,2021,EM.13594,10,1,11,318,363,681
TAN-006137,2021,EM.13979,8,0,8,134,141,275
TAN-006139,2021,EM.9153,6,0,6,230,179,409
TAN-006142,2021,EM.4791,5,4,9,272,241,513
TAN-006145,2021,EM.9155,10,7,17,807,864,1671
TAN-006148,2021,EM.10593,9,16,25,631,674,1305
TAN-006151,2021,EM.10773,5,1,6,164,189,353
TAN-006154,2021,EM.385,5,2,7,213,253,466
TAN-006157,2021,EM.1034,4,1,5,295,366,661
TAN-006160,2021,EM.183,7,9,16,269,308,577
TAN-006163,2021,EM.8907,10,5,15,351,374,725
TAN-006166,2021,EM.3799,13,1,14,468,482,950
TAN-006169,2021,EM.1480,8,4,12,301,335,636
TAN-006172,2021,EM.4790,4,1,5,231,276,507
TAN-006175,2021,EM.4792,4,2,6,329,383,712
TAN-006178,2021,EM.1603,7,1,8,193,210,403
TAN-006181,2021,EM.615,4,3,7,156,160,316
TAN-006184,2021,EM.4793,3,2,5,188,190,378
TAN-006187,2021,EM.11271,3,6,9,200,240,440
TAN-006190,2021,EM.613,4,2,6,292,370,662
TAN-006193,2021,EM.4794,4,2,6,207,235,442
TAN-006196,2021,EM.4795,3,3,6,204,207,411
TAN-006199,2021,EM.746,3,4,7,341,389,730
TAN-006202,2021,EM.3485,6,2,8,605,609,1214
TAN-006205,2021,EM.10304,6,3,9,317,324,641
TAN-006208,2021,EM.837,6,3,9,495,500,995
TAN-006211,2021,EM.13982,7,1,8,201,217,418
TAN-006214,2021,EM.1035,4,1,5,208,239,447
TAN-006218,2021,EM.1243,6,2,8,289,299,588
TAN-006222,2021,EM.3800,5,0,5,217,210,427
TAN-006225,2021,EM.13596,5,0,5,153,162,315
TAN-006228,2021,EM.10775,7,0,7,162,146,308
TAN-006231,2021,EM.10776,7,0,7,330,289,619
TAN-006234,2021,EM.10778,3,0,3,136,159,295
TAN-006237,2021,EM.840,5,1,6,216,153,369
TAN-006240,2021,EM.838,5,1,6,333,343,676
TAN-006243,2021,EM.1792,7,7,14,390,453,843
TAN-006246,2021,EM.839,6,1,7,355,304,659
TAN-006249,2021,EM.673,6,4,10,397,392,789
TAN-006252,2021,EM.614,4,1,5,266,287,553
TAN-006255,2021,EM.341,4,7,11,527,512,1039
TAN-006258,2021,EM.1604,6,1,7,287,266,553
TAN-006261,2021,EM.1599,7,1,8,526,568,1094
TAN-006264,2021,EM.9154,6,0,6,299,285,584
TAN-006267,2021,EM.4797,8,1,9,254,259,513
TAN-006270,2021,EM.2769,8,2,10,471,453,924
TAN-006273,2021,EM.10595,7,0,7,360,360,720
TAN-006276,2021,EM.7097,5,0,5,220,251,471
TAN-006279,2021,EM.554,3,3,6,423,414,837
TAN-006282,2021,EM.10590,5,1,6,383,401,784
TAN-006285,2021,EM.1232,6,1,7,328,352,680
TAN-006288,2021,EM.10591,9,2,11,464,521,985
TAN-006291,2021,EM.10594,9,0,9,298,328,626
TAN-006294,2021,EM.2893,3,4,7,402,410,812
TAN-006297,2021,EM.10596,3,4,7,239,240,479
TAN-006300,2021,EM.7717,5,7,12,294,278,572
TAN-006303,2021,EM.2768,9,4,13,311,337,648
TAN-006306,2021,EM.1233,4,7,11,314,319,633
TAN-006309,2021,EM.12521,9,5,14,216,196,412
TAN-006312,2021,EM.3292,7,7,14,314,270,584
TAN-006315,2021,EM.2237,8,3,11,287,306,593
TAN-006318,2021,EM.10597,7,0,7,306,289,595
TAN-006321,2021,EM.439,8,12,20,530,630,1160
TAN-006324,2021,EM.10154,9,2,11,369,352,721
TAN-006327,2021,EM.10777,5,5,10,266,295,561
TAN-006330,2021,EM.16114,8,1,9,265,260,525
TAN-006332,2021,EM.16120,8,4,12,355,365,720
TAN-006334,2021,EM.16121,8,1,9,223,170,393
TAN-006336,2021,EM.16115,11,3,14,747,693,1440
TAN-006338,2021,EM.16116,9,9,18,688,783,1471
TAN-006340,2021,EM.16118,7,1,8,651,658,1309
TAN-006342,2021,EM.16123,9,2,11,352,353,705
TAN-006344,2021,EM.16124,8,1,9,424,507,931
TAN-006346,2021,EM.12523,6,1,7,338,345,683
TAN-006348,2021,EM.16122,9,2,11,471,552,1023
TAN-006350,2021,EM.16125,6,2,8,214,226,440
TAN-006352,2021,EM.16761,5,9,14,670,692,1362
TAN-006354,2021,EM.1302,6,4,10,429,441,870
TAN-006356,2021,EM.16762,4,6,10,484,506,990
TAN-006358,2021,EM.16765,7,6,13,535,625,1160
TAN-006360,2021,EM.16793,7,7,14,503,576,1079
TAN-006362,2021,EM.16767,6,5,11,309,312,621
TAN-006364,2021,EM.16775,5,4,9,216,216,432
TAN-006366,2021,EM.16792,3,2,5,193,179,372
TAN-006368,2021,EM.16789,9,17,26,1892,1846,3738
TAN-006370,2021,EM.16771,3,7,10,366,409,775
TAN-006380,2021,EM.6810,6,5,11,254,297,551
TAN-006390,2021,EM.3387,3,8,11,435,479,914
TAN-006400,2021,EM.16768,8,10,18,627,582,1209
TAN-006402,2021,EM.16785,4,12,16,710,745,1455
TAN-006404,2021,EM.16786,7,1,8,449,405,854
TAN-006406,2021,EM.16788,6,8,14,961,1024,1985
TAN-006408,2021,EM.16791,5,11,16,837,796,1633
TAN-006410,2021,EM.16180,9,10,19,635,727,1362
TAN-006412,2021,EM.11272,8,5,13,466,468,934
TAN-006414,2021,EM.16183,7,1,8,393,428,821
TAN-006416,2021,EM.16187,7,0,7,333,371,704
TAN-006418,2021,EM.16200,6,3,9,442,401,843
TAN-006420,2021,EM.16182,6,4,10,460,354,814
TAN-006422,2021,EM.16185,6,9,15,722,730,1452
TAN-006424,2021,EM.16194,6,7,13,683,794,1477
TAN-006426,2021,EM.16189,9,2,11,701,622,1323
TAN-006428,2021,EM.16190,11,14,25,906,905,1811
TAN-006438,2021,EM.2043,7,5,12,548,519,1067
TAN-006448,2021,EM.16186,9,8,17,525,527,1052
TAN-006450,2021,EM.16188,13,1,14,664,622,1286
TAN-006452,2021,EM.4,6,4,10,630,607,1237
TAN-006454,2021,EM.16191,12,9,21,876,948,1824
TAN-006459,2021,EM.3555,6,4,10,559,600,1159
TAN-006464,2021,EM.16619,2,9,11,373,335,708
TAN-006469,2021,EM.16198,5,1,6,250,272,522
TAN-006471,2021,EM.16192,10,5,15,767,756,1523
TAN-006473,2021,EM.16193,9,0,9,240,271,511
TAN-006475,2021,EM.16197,6,0,6,299,319,618
TAN-006477,2021,EM.16201,8,1,9,254,280,534
TAN-006479,2021,EM.8086,7,3,10,492,501,993
TAN-006481,2021,EM.16202,7,1,8,459,401,860
TAN-006483,2021,EM.16196,7,0,7,188,184,372
TAN-006485,2021,EM.16203,8,14,22,871,814,1685
TAN-006487,2021,EM.15570,12,11,23,1061,1226,2287
TAN-006489,2021,EM.15571,4,5,9,330,364,694
TAN-006491,2021,EM.15605,5,1,6,284,316,600
TAN-006493,2021,EM.15574,7,5,12,346,411,757
TAN-006495,2021,EM.15580,13,11,24,1165,1302,2467
TAN-006497,2021,EM.8959,5,6,11,289,295,584
TAN-006499,2021,EM.15581,5,6,11,296,364,660
TAN-006504,2021,EM.2190,3,3,6,250,230,480
TAN-006509,2021,EM.15575,7,0,7,320,312,632
TAN-006511,2021,EM.15587,4,2,6,170,177,347
TAN-006513,2021,EM.15582,7,4,11,375,401,776
TAN-006515,2021,EM.15569,4,7,11,262,249,511
TAN-006517,2021,EM.15592,3,8,11,347,359,706
TAN-006519,2021,EM.15568,5,6,11,322,341,663
TAN-006521,2021,EM.15586,7,8,15,522,526,1048
TAN-006523,2021,EM.15593,4,10,14,348,421,769
TAN-006525,2021,EM.15600,6,6,12,691,682,1373
TAN-006527,2021,EM.15589,10,0,10,633,633,1266
TAN-006529,2021,EM.15606,9,8,17,991,864,1855
TAN-006535,2021,EM.3718,7,3,10,279,285,564
TAN-006541,2021,EM.15567,6,2,8,245,266,511
TAN-006543,2021,EM.15607,13,1,14,477,527,1004
TAN-006545,2021,EM.16134,11,5,16,773,804,1577
TAN-006547,2021,EM.16146,9,1,10,245,328,573
TAN-006549,2021,EM.16160,7,13,20,1175,1301,2476
TAN-006551,2021,EM.16145,8,5,13,364,369,733
TAN-006553,2021,EM.16147,5,4,9,188,193,381
TAN-006555,2021,EM.16156,10,1,11,534,543,1077
TAN-006557,2021,EM.16143,10,0,10,597,545,1142
TAN-006559,2021,EM.16150,9,2,11,717,683,1400
TAN-006561,2021,EM.16153,11,7,18,771,746,1517
TAN-006563,2021,EM.16151,7,4,11,1214,1083,2297
TAN-006565,2021,EM.16157,5,6,11,866,927,1793
TAN-006567,2021,EM.16170,8,8,16,530,617,1147
TAN-006569,2021,EM.16131,6,1,7,273,296,569
TAN-006571,2021,EM.16138,6,2,8,368,359,727
TAN-006573,2021,EM.16141,8,0,8,314,369,683
TAN-006575,2021,EM.16152,5,1,6,347,392,739
TAN-006577,2021,EM.16163,7,1,8,330,382,712
TAN-006579,2021,EM.16166,3,3,6,186,181,367
TAN-006581,2021,EM.16175,6,1,7,506,508,1014
TAN-006583,2021,EM.16130,9,7,16,383,351,734
TAN-006585,2021,EM.16132,6,2,8,236,279,515
TAN-006587,2021,EM.16133,7,9,16,375,422,797
TAN-006589,2021,EM.16164,5,6,11,195,236,431
TAN-006591,2021,EM.16127,6,2,8,176,203,379
TAN-006593,2021,EM.16161,7,1,8,219,214,433
TAN-006595,2021,EM.16162,5,2,7,136,162,298
TAN-006597,2021,EM.16171,5,5,10,334,390,724
TAN-006599,2021,EM.16176,11,7,18,821,832,1653
TAN-006601,2021,EM.11278,10,2,12,1298,1343,2641
TAN-006602,2021,EM.9072,6,1,7,368,355,723
TAN-006603,2021,EM.9604,8,7,15,460,489,949
TAN-006604,2021,EM.11776,10,4,14,316,348,664
TAN-006605,2021,EM.13612,7,1,8,238,244,482
TAN-006606,2021,EM.7099,6,0,6,469,429,898
TAN-006607,2021,EM.13175,9,4,13,514,510,1024
TAN-006608,2021,EM.11772,8,2,10,424,350,774
TAN-006609,2021,EM.11774,4,3,7,443,539,982
TAN-006610,2021,EM.11781,6,1,7,382,456,838
TAN-006611,2021,EM.9607,6,3,9,637,647,1284
TAN-006612,2021,EM.10783,10,2,12,895,707,1602
TAN-006613,2021,EM.14816,8,2,10,676,643,1319
TAN-006614,2021,EM.13168,7,2,9,326,364,690
TAN-006615,2021,EM.11779,5,4,9,520,519,1039
TAN-006616,2021,EM.3491,7,4,11,407,413,820
TAN-006617,2021,EM.7098,6,0,6,424,429,853
TAN-006618,2021,EM.2771,9,4,13,562,625,1187
TAN-006619,2021,EM.11792,8,2,10,474,449,923
TAN-006620,2021,EM.4805,13,1,14,1099,944,2043
TAN-006621,2021,EM.12533,12,2,14,1083,887,1970
TAN-006622,2021,EM.4130,5,3,8,451,409,860
TAN-006623,2021,EM.11785,9,0,9,334,407,741
TAN-006624,2021,EM.13172,2,4,6,397,369,766
TAN-006625,2021,EM.11786,8,3,11,549,575,1124
TAN-006626,2021,EM.4132,5,4,9,443,480,923
TAN-006627,2021,EM.13173,7,2,9,326,318,644
TAN-006628,2021,EM.11793,5,3,8,414,434,848
TAN-006629,2021,EM.16205,9,0,9,595,628,1223
TAN-006630,2021,EM.4133,9,2,11,539,561,1100
TAN-006631,2021,EM.12534,5,4,9,448,499,947
TAN-006632,2021,EM.17082,5,1,6,356,358,714
TAN-006633,2021,EM.11773,7,7,14,713,742,1455
TAN-006634,2021,EM.1046,8,3,11,479,451,930
TAN-006635,2021,EM.13171,3,3,6,433,436,869
TAN-006636,2021,EM.11788,6,9,15,449,433,882
TAN-006637,2021,EM.4134,8,0,8,456,487,943
TAN-006638,2021,EM.11783,12,4,16,895,821,1716
TAN-006639,2021,EM.9606,9,11,20,1197,1210,2407
TAN-006640,2021,EM.10952,6,3,9,266,269,535
TAN-006641,2021,EM.13613,6,3,9,481,483,964
TAN-006642,2021,EM.9605,4,1,5,308,368,676
TAN-006643,2021,EM.13174,5,2,7,245,265,510
TAN-006644,2021,EM.11794,10,4,14,747,763,1510
TAN-006645,2021,EM.11778,9,2,11,540,546,1086
TAN-006646,2021,EM.11782,5,2,7,278,247,525
TAN-006649,2021,EM.13170,2,3,5,350,356,706
TAN-006650,2021,EM.4809,7,4,11,562,641,1203
TAN-006651,2021,EM.4810,8,6,14,525,643,1168
TAN-006652,2021,EM.4131,6,3,9,415,451,866
TAN-006653,2021,EM.11791,9,4,13,374,432,806
TAN-006654,2021,EM.4136,9,6,15,775,748,1523
TAN-006655,2021,EM.4138,12,10,22,726,825,1551
TAN-006656,2021,EM.3805,10,2,12,433,504,937
TAN-006657,2021,EM.12536,7,4,11,170,245,415
TAN-006658,2021,EM.12537,8,13,21,713,743,1456
TAN-006659,2021,EM.11802,5,10,15,316,341,657
TAN-006660,2021,EM.2468,4,14,18,511,511,1022
TAN-006661,2021,EM.14623,4,5,9,206,249,455
TAN-006662,2021,EM.13615,4,2,6,189,174,363
TAN-006663,2021,EM.13180,5,6,11,239,252,491
TAN-006664,2021,EM.185,6,2,8,259,275,534
TAN-006665,2021,EM.10953,6,6,12,293,360,653
TAN-006666,2021,EM.13182,3,8,11,226,270,496
TAN-006667,2021,EM.11809,5,3,8,252,354,606
TAN-006668,2021,EM.11810,8,3,11,345,322,667
TAN-006669,2021,EM.11279,5,1,6,276,374,650
TAN-006670,2021,EM.11804,7,3,10,519,607,1126
TAN-006671,2021,EM.1244,9,2,11,455,575,1030
TAN-006672,2021,EM.13178,7,2,9,509,514,1023
TAN-006673,2021,EM.11800,5,2,7,369,354,723
TAN-006674,2021,EM.1242,8,3,11,493,524,1017
TAN-006675,2021,EM.1047,9,2,11,373,477,850
TAN-006678,2021,EM.11807,7,2,9,427,478,905
TAN-006679,2021,EM.11795,5,12,17,248,247,495
TAN-006680,2021,EM.11797,7,16,23,203,168,371
TAN-006681,2021,EM.2120,5,16,21,542,573,1115
TAN-006682,2021,EM.13619,4,10,14,405,388,793
TAN-006683,2021,EM.11812,1,13,14,335,337,672
TAN-006684,2021,EM.3295,10,1,11,608,603,1211
TAN-006685,2021,EM.13618,7,1,8,286,306,592
TAN-006686,2021,EM.11808,8,2,10,359,362,721
TAN-006687,2021,EM.13177,6,44,50,1625,1650,3275
TAN-006688,2021,EM.10784,7,32,39,1228,1318,2546
TAN-006689,2021,EM.14384,5,6,11,73,74,147
TAN-006690,2021,EM.13179,4,3,7,238,246,484
TAN-006691,2021,EM.11805,6,4,10,430,450,880
TAN-006692,2021,EM.4140,9,4,13,458,475,933
TAN-006693,2021,EM.11811,8,3,11,380,364,744
TAN-006694,2021,EM.4137,11,3,14,639,681,1320
TAN-006695,2021,EM.11801,6,2,8,348,373,721
TAN-006696,2021,EM.11806,8,3,11,382,468,850
TAN-006697,2021,EM.4141,8,0,8,395,410,805
TAN-006698,2021,EM.13620,11,1,12,336,351,687
TAN-006699,2021,EM.10954,7,1,8,345,391,736
TAN-006702,2021,EM.1246,8,1,9,259,308,567
TAN-006703,2021,EM.2469,8,0,8,275,308,583
TAN-006704,2021,EM.11281,5,3,8,356,398,754
TAN-006705,2021,EM.2773,6,4,10,331,347,678
TAN-006708,2021,EM.11282,4,4,8,329,246,575
TAN-006709,2021,EM.844,7,3,10,469,505,974
TAN-006710,2021,EM.10786,2,4,6,344,360,704
TAN-006711,2021,EM.12543,4,4,8,388,454,842
TAN-006712,2021,EM.10959,6,2,8,386,395,781
TAN-006713,2021,EM.8697,7,0,7,196,223,419
TAN-006714,2021,EM.11813,6,2,8,251,253,504
TAN-006715,2021,EM.2551,5,2,7,327,363,690
TAN-006716,2021,EM.13184,4,1,5,143,178,321
TAN-006717,2021,EM.186,4,3,7,265,251,516
TAN-006718,2021,EM.12538,6,4,10,308,331,639
TAN-006719,2021,EM.12541,4,3,7,319,381,700
TAN-006720,2021,EM.10446,11,1,12,324,369,693
TAN-006721,2021,EM.10955,3,3,6,350,355,705
TAN-006722,2021,EM.1245,6,0,6,368,354,722
TAN-006723,2021,EM.12540,5,2,7,318,330,648
TAN-006724,2021,EM.1248,7,1,8,245,226,471
TAN-006725,2021,EM.1606,7,2,9,537,526,1063
TAN-006726,2021,EM.4144,11,2,13,800,638,1438
TAN-006727,2021,EM.3494,7,1,8,594,622,1216
TAN-006728,2021,EM.1793,5,5,10,206,228,434
TAN-006729,2021,EM.13627,5,1,6,216,215,431
TAN-006730,2021,EM.2552,4,1,5,224,296,520
TAN-006731,2021,EM.2028,8,1,9,168,172,340
TAN-006732,2021,EM.14817,7,2,9,237,234,471
TAN-006733,2021,EM.3493,7,2,9,264,313,577
TAN-006734,2021,EM.14818,7,8,15,150,177,327
TAN-006735,2021,EM.6066,5,7,12,262,259,521
TAN-006736,2021,EM.3807,6,1,7,296,317,613
TAN-006737,2021,EM.354,7,1,8,296,333,629
TAN-006738,2021,EM.4145,8,2,10,395,455,850
TAN-006739,2021,EM.2631,7,2,9,354,396,750
TAN-006740,2021,EM.10785,13,2,15,709,688,1397
TAN-006741,2021,EM.11283,8,1,9,151,173,324
TAN-006742,2021,EM.10957,8,1,9,488,501,989
TAN-006743,2021,EM.11284,5,2,7,249,275,524
TAN-006744,2021,EM.1249,9,7,16,329,306,635
TAN-006745,2021,EM.8698,7,2,9,465,496,961
TAN-006748,2021,EM.11285,9,6,15,293,312,605
TAN-006749,2021,EM.12551,4,5,9,300,274,574
TAN-006750,2021,EM.4815,4,3,7,542,497,1039
TAN-006751,2021,EM.12567,4,7,11,177,174,351
TAN-006752,2021,EM.12569,6,1,7,229,219,448
TAN-006753,2021,EM.12582,8,6,14,160,140,300
TAN-006754,2021,EM.13628,10,2,12,340,400,740
TAN-006755,2021,EM.3810,8,3,11,299,301,600
TAN-006758,2021,EM.13629,5,1,6,155,143,298
TAN-006759,2021,EM.13190,4,6,10,118,149,267
TAN-006760,2021,EM.12559,5,3,8,216,198,414
TAN-006761,2021,EM.3497,8,1,9,192,213,405
TAN-006764,2021,EM.15610,6,0,6,354,408,762
TAN-006768,2021,EM.4361,7,5,12,268,284,552
TAN-006772,2021,EM.12555,10,3,13,494,483,977
TAN-006773,2021,EM.12561,5,0,5,212,206,418
TAN-006774,2021,EM.12573,6,0,6,211,192,403
TAN-006775,2021,EM.12578,4,2,6,361,392,753
TAN-006776,2021,EM.9615,5,2,7,227,221,448
TAN-006777,2021,EM.12545,6,2,8,197,197,394
TAN-006778,2021,EM.12548,5,0,5,108,107,215
TAN-006779,2021,EM.12550,4,4,8,200,160,360
TAN-006780,2021,EM.6,4,3,7,204,225,429
TAN-006781,2021,EM.10309,3,3,6,161,205,366
TAN-006782,2021,EM.17084,6,1,7,198,194,392
TAN-006783,2021,EM.1250,4,1,5,147,145,292
TAN-006784,2021,EM.12560,2,4,6,217,249,466
TAN-006785,2021,EM.13630,8,1,9,354,394,748
TAN-006786,2021,EM.3496,6,2,8,221,253,474
TAN-006789,2021,EM.12565,2,5,7,227,237,464
TAN-006790,2021,EM.12566,4,1,5,101,115,216
TAN-006791,2021,EM.12587,5,1,6,213,253,466
TAN-006792,2021,EM.12549,6,1,7,325,272,597
TAN-006793,2021,EM.9610,9,0,9,292,309,601
TAN-006794,2021,EM.16208,3,9,12,300,349,649
TAN-006795,2021,EM.1049,7,6,13,421,410,831
TAN-006796,2021,EM.11814,2,5,7,214,211,425
TAN-006797,2021,EM.13983,6,1,7,230,247,477
TAN-006798,2021,EM.3079,7,2,9,474,388,862
TAN-006799,2021,EM.12558,5,3,8,404,422,826
TAN-006800,2021,EM.9613,5,0,5,318,311,629
TAN-006801,2021,EM.8844,4,3,7,242,238,480
TAN-006802,2021,EM.12557,4,3,7,130,177,307
TAN-006803,2021,EM.12562,8,3,11,346,370,716
TAN-006804,2021,EM.3080,3,5,8,270,319,589
TAN-006805,2021,EM.12563,5,1,6,267,236,503
TAN-006806,2021,EM.12583,2,5,7,274,270,544
TAN-006807,2021,EM.12589,3,3,6,381,443,824
TAN-006808,2021,EM.4146,7,13,20,405,380,785
TAN-006811,2021,EM.11,7,13,20,386,409,795
TAN-006812,2021,EM.12581,8,6,14,232,209,441
TAN-006813,2021,EM.12588,9,17,26,652,646,1298
TAN-006814,2021,EM.10307,3,1,4,219,201,420
TAN-006815,2021,EM.13187,5,0,5,322,289,611
TAN-006816,2021,EM.12552,6,0,6,170,145,315
TAN-006817,2021,EM.8699,7,1,8,210,156,366
TAN-006818,2021,EM.12553,5,1,6,211,268,479
TAN-006819,2021,EM.12570,5,1,6,302,292,594
TAN-006820,2021,EM.12572,6,0,6,274,330,604
TAN-006821,2021,EM.9609,10,6,16,320,318,638
TAN-006824,2021,EM.9611,5,11,16,350,329,679
TAN-006825,2021,EM.9612,10,8,18,316,290,606
TAN-006826,2021,EM.12574,6,13,19,368,376,744
TAN-006827,2021,EM.12575,5,12,17,211,227,438
TAN-006828,2021,EM.12579,5,4,9,195,186,381
TAN-006829,2021,EM.12585,6,13,19,353,386,739
TAN-006830,2021,EM.3297,11,13,24,902,830,1732
TAN-006833,2021,EM.14385,10,10,20,596,631,1227
TAN-006836,2021,EM.10787,12,26,38,906,967,1873
TAN-006839,2021,EM.9616,8,5,13,396,403,799
TAN-006842,2021,EM.11815,5,15,20,507,476,983
TAN-006845,2021,EM.8776,6,13,19,516,507,1023
TAN-006848,2021,EM.12595,3,8,11,365,371,736
TAN-006851,2021,EM.10788,9,2,11,98,98,196
TAN-006854,2021,EM.490,8,7,15,573,506,1079
TAN-006857,2021,EM.11816,19,18,37,1052,1072,2124
TAN-006860,2021,EM.11818,11,17,28,949,916,1865
TAN-006863,2021,EM.9479,17,14,31,848,888,1736
TAN-006866,2021,EM.1486,9,5,14,581,545,1126
TAN-006869,2021,EM.519,10,7,17,476,556,1032
TAN-006872,2021,EM.11822,7,0,7,91,94,185
TAN-006875,2021,EM.2632,4,5,9,261,275,536
TAN-006878,2021,EM.2471,7,7,14,430,390,820
TAN-006881,2021,EM.11820,8,3,11,327,319,646
TAN-006884,2021,EM.11821,4,8,12,349,310,659
TAN-006887,2021,EM.12590,12,14,26,594,637,1231
TAN-006890,2021,EM.13632,8,13,21,515,562,1077
TAN-006893,2021,EM.2470,8,17,25,675,623,1298
TAN-006896,2021,EM.12591,12,10,22,854,850,1704
TAN-006899,2021,EM.15282,6,8,14,480,495,975
TAN-006902,2021,EM.15050,10,11,21,822,893,1715
TAN-006905,2021,EM.11817,6,5,11,176,185,361
TAN-006908,2021,EM.2553,6,6,12,168,173,341
TAN-006911,2021,EM.1794,4,9,13,346,325,671
TAN-006914,2021,EM.16804,5,6,11,230,232,462
TAN-006917,2021,EM.11825,8,9,17,545,500,1045
TAN-006920,2021,EM.1719,9,7,16,519,528,1047
TAN-006923,2021,EM.9478,8,6,14,299,303,602
TAN-006926,2021,EM.8910,9,1,10,280,281,561
TAN-006929,2021,EM.12596,4,4,8,275,280,555
TAN-006932,2021,EM.12594,9,2,11,286,310,596
TAN-006935,2021,EM.3499,14,16,30,566,558,1124
TAN-006938,2021,EM.11286,11,19,30,926,904,1830
TAN-006941,2021,EM.11823,7,14,21,476,454,930
TAN-006944,2021,EM.10600,40,26,66,446,548,994
TAN-006947,2021,EM.12593,5,16,21,274,331,605
TAN-006950,2021,EM.1795,8,14,22,449,539,988
TAN-006953,2021,EM.11826,8,10,18,398,388,786
TAN-006956,2021,EM.12597,15,3,18,591,579,1170
TAN-006959,2021,EM.1253,9,13,22,882,820,1702
TAN-006962,2021,EM.11824,6,11,17,576,579,1155
TAN-006965,2021,EM.3813,9,0,9,434,460,894
TAN-006971,2021,EM.2952,7,2,9,355,374,729
TAN-006977,2021,EM.2595,5,5,10,387,327,714
TAN-006983,2021,EM.8777,3,2,5,76,73,149
TAN-006986,2021,EM.2123,1,3,4,50,43,93
TAN-006989,2021,EM.10602,3,3,6,93,104,197
TAN-006992,2021,EM.13195,5,5,10,74,61,135
TAN-006995,2021,EM.1797,2,2,4,51,54,105
TAN-006998,2021,EM.6069,2,3,5,55,52,107
TAN-007001,2021,EM.3502,2,3,5,85,95,180
TAN-007004,2021,EM.2122,3,2,5,78,96,174
TAN-007007,2021,EM.3298,2,6,8,138,130,268
TAN-007010,2021,EM.343,2,2,4,58,64,122
TAN-007013,2021,EM.1256,4,4,8,87,85,172
TAN-007016,2021,EM.678,3,1,4,56,57,113
TAN-007019,2021,EM.6072,3,3,6,133,116,249
TAN-007022,2021,EM.342,0,5,5,135,132,267
TAN-007025,2021,EM.3503,1,6,7,153,170,323
TAN-007028,2021,EM.2124,0,4,4,127,163,290
TAN-007031,2021,EM.12645,2,3,5,184,193,377
TAN-007034,2021,EM.7101,1,3,4,83,62,145
TAN-007037,2021,EM.2367,2,2,4,98,94,192
TAN-007040,2021,EM.1725,4,3,7,131,109,240
TAN-007043,2021,EM.2245,3,2,5,60,51,111
TAN-007044,2021,EM.7725,2,2,4,99,95,194
TAN-007047,2021,EM.2368,1,4,5,155,141,296
TAN-007050,2021,EM.276,2,4,6,128,105,233
TAN-007053,2021,EM.7102,2,5,7,96,91,187
TAN-007056,2021,EM.14628,4,5,9,39,47,86
TAN-007057,2021,EM.1799,4,1,5,59,49,108
TAN-007060,2021,EM.1882,3,6,9,148,136,284
TAN-007063,2021,EM.1883,3,3,6,118,128,246
TAN-007066,2021,EM.6074,3,3,6,109,121,230
TAN-007069,2021,EM.1796,1,11,12,106,118,224
TAN-007072,2021,EM.187,2,5,7,136,131,267
TAN-007075,2021,EM.14387,2,18,20,459,438,897
TAN-007078,2021,EM.4161,4,10,14,139,125,264
TAN-007081,2021,EM.7104,1,4,5,96,51,147
TAN-007084,2021,EM.4822,2,3,5,83,90,173
TAN-007087,2021,EM.4825,4,2,6,87,104,191
TAN-007090,2021,EM.1798,2,3,5,81,79,160
TAN-007093,2021,EM.1721,2,7,9,115,129,244
TAN-007096,2021,EM.4827,1,5,6,101,84,185
TAN-007099,2021,EM.4828,2,4,6,111,99,210
TAN-007102,2021,EM.1722,2,3,5,100,85,185
TAN-007105,2021,EM.6073,3,2,5,72,45,117
TAN-007108,2021,EM.8700,4,1,5,185,174,359
TAN-007111,2021,EM.8778,3,3,6,154,166,320
TAN-007114,2021,EM.8439,6,5,11,87,117,204
TAN-007117,2021,EM.8447,2,13,15,386,440,826
TAN-007120,2021,EM.8470,3,9,12,259,232,491
TAN-007123,2021,EM.4163,3,10,13,299,262,561
TAN-007124,2021,EM.8481,0,7,7,144,129,273
TAN-007127,2021,EM.8524,6,7,13,346,356,702
TAN-007130,2021,EM.13991,4,3,7,110,121,231
TAN-007133,2021,EM.8779,0,9,9,121,120,241
TAN-007136,2021,EM.8465,3,5,8,198,210,408
TAN-007139,2021,EM.9248,4,3,7,82,63,145
TAN-007142,2021,EM.8480.,2,6,8,128,110,238
TAN-007145,2021,EM.13213,2,6,8,136,141,277
TAN-007148,2021,EM.13216,1,5,6,151,132,283
TAN-007150,2021,EM.13993,5,4,9,72,73,145
TAN-007152,2021,EM.13233,3,3,6,59,59,118
TAN-007155,2021,EM.8555,1,7,8,148,109,257
TAN-007158,2021,EM.8561,4,2,6,110,100,210
TAN-007161,2021,EM.8567,2,4,6,94,115,209
TAN-007164,2021,EM.557,3,3,6,105,107,212
TAN-007167,2021,EM.4164,4,6,10,213,200,413
TAN-007170,2021,EM.8513,4,8,12,254,241,495
TAN-007173,2021,EM.8566,3,5,8,257,196,453
TAN-007176,2021,EM.8453,2,4,6,121,140,261
TAN-007179,2021,EM.8464,3,4,7,52,35,87
TAN-007182,2021,EM.8528,2,4,6,188,175,363
TAN-007185,2021,EM.2248,3,3,6,110,103,213
TAN-007188,2021,EM.8542,0,7,7,66,64,130
TAN-007191,2021,EM.7728,3,6,9,122,112,234
TAN-007194,2021,EM.13633,9,13,22,299,289,588
TAN-007197,2021,EM.8462,0,4,4,50,52,102
TAN-007200,2021,EM.8473,4,2,6,151,133,284
TAN-007203,2021,EM.8487,3,4,7,87,96,183
TAN-007206,2021,EM.4833,0,8,8,118,100,218
TAN-007209,2021,EM.8521,0,7,7,118,121,239
TAN-007212,2021,EM.8531,2,5,7,87,63,150
TAN-007215,2021,EM.3300,3,11,14,241,228,469
TAN-007218,2021,EM.8571,2,6,8,62,58,120
TAN-007221,2021,EM.13199,2,6,8,186,185,371
TAN-007224,2021,EM.13987,12,8,20,81,96,177
TAN-007227,2021,EM.13209,1,8,9,145,141,286
TAN-007230,2021,EM.13989,0,9,9,106,75,181
TAN-007232,2021,EM.8543,3,5,8,177,174,351
TAN-007235,2021,EM.8569,0,7,7,92,73,165
TAN-007238,2021,EM.12646,2,16,18,694,629,1323
TAN-007241,2021,EM.8438,5,4,9,144,148,292
TAN-007244,2021,EM.13634,22,14,36,238,237,475
TAN-007247,2021,EM.13635,1,6,7,242,245,487
TAN-007250,2021,EM.13214,3,9,12,227,244,471
TAN-007253,2021,EM.13637,1,6,7,203,189,392
TAN-007256,2021,EM.8540,0,7,7,210,165,375
TAN-007259,2021,EM.13227,0,10,10,274,227,501
TAN-007262,2021,EM.7727,1,8,9,231,240,471
TAN-007265,2021,EM.12649,1,6,7,264,247,511
TAN-007268,2021,EM.14634,5,3,8,60,63,123
TAN-007271,2021,EM.13639,22,14,36,239,240,479
TAN-007274,2021,EM.8443,4,10,14,335,349,684
TAN-007277,2021,EM.9358,3,2,5,153,140,293
TAN-007280,2021,EM.12648,4,13,17,349,353,702
TAN-007283,2021,EM.8485,3,3,6,107,91,198
TAN-007286,2021,EM.14631,2,6,8,92,108,200
TAN-007289,2021,EM.13235,2,6,8,145,156,301
TAN-007291,2021,EM.10604,12,2,14,90,85,175
TAN-007294,2021,EM.8471,3,5,8,95,109,204
TAN-007297,2021,EM.8472,0,5,5,102,97,199
TAN-007300,2021,EM.8478,2,6,8,117,113,230
TAN-007303,2021,EM.8489,3,4,7,81,98,179
TAN-007306,2021,EM.8520,5,3,8,70,70,140
TAN-007309,2021,EM.8451,2,5,7,84,63,147
TAN-007312,2021,EM.8456,3,2,5,67,67,134
TAN-007315,2021,EM.2126,1,4,5,47,45,92
TAN-007318,2021,EM.8526,0,6,6,88,72,160
TAN-007321,2021,EM.8533,1,5,6,93,100,193
TAN-007324,2021,EM.8536,0,7,7,52,59,111
TAN-007327,2021,EM.8441,5,3,8,62,71,133
TAN-007330,2021,EM.8366,1,8,9,186,174,360
TAN-007333,2021,EM.8468,2,9,11,189,183,372
TAN-007336,2021,EM.8519,2,9,11,132,122,254
TAN-007339,2021,EM.13230,0,13,13,118,136,254
TAN-007342,2021,EM.8558,6,4,10,88,71,159
TAN-007345,2021,EM.8446,0,7,7,81,109,190
TAN-007348,2021,EM.4162,0,8,8,66,57,123
TAN-007351,2021,EM.2125,3,6,9,92,89,181
TAN-007354,2021,EM.8477,1,8,9,197,194,391
TAN-007357,2021,EM.8494,3,2,5,97,111,208
TAN-007360,2021,EM.8509,1,6,7,93,80,173
TAN-007363,2021,EM.7105,4,2,6,33,24,57
TAN-007366,2021,EM.8516,5,4,9,77,67,144
TAN-007369,2021,EM.8517,1,7,8,90,60,150
TAN-007372,2021,EM.8522,5,2,7,65,82,147
TAN-007375,2021,EM.8547,2,8,10,122,91,213
TAN-007378,2021,EM.10603,2,5,7,56,63,119
TAN-007381,2021,EM.8574,3,3,6,71,73,144
TAN-007384,2021,EM.8442,2,4,6,59,63,122
TAN-007387,2021,EM.8532,4,4,8,158,147,305
TAN-007390,2021,EM.8535,4,4,8,115,89,204
TAN-007393,2021,EM.8552,0,5,5,78,95,173
TAN-007396,2021,EM.8553,4,3,7,78,76,154
TAN-007399,2021,EM.8559,4,4,8,92,86,178
TAN-007402,2021,EM.8581,1,5,6,94,89,183
TAN-007405,2021,EM.8461,4,5,9,49,38,87
TAN-007408,2021,EM.8463,2,3,5,92,122,214
TAN-007411,2021,EM.8479,0,5,5,116,118,234
TAN-007414,2021,EM.8511,4,1,5,69,65,134
TAN-007417,2021,EM.8529,2,6,8,201,163,364
TAN-007420,2021,EM.10311,1,6,7,58,55,113
TAN-007423,2021,EM.8780,6,1,7,24,28,52
TAN-007426,2021,EM.11848,4,25,29,596,650,1246
TAN-007429,2021,EM.3505,2,14,16,337,318,655
TAN-007432,2021,EM.13239,5,8,13,65,187,252
TAN-007435,2021,EM.4838,2,22,24,366,377,743
TAN-007438,2021,EM.10448,7,16,23,257,276,533
TAN-007441,2021,EM.2251,3,16,19,268,291,559
TAN-007444,2021,EM.1488,3,14,17,224,230,454
TAN-007447,2021,EM.1886,6,14,20,167,167,334
TAN-007450,2021,EM.2555,1,15,16,225,208,433
TAN-007453,2021,EM.9076,3,17,20,416,368,784
TAN-007456,2021,EM.11856,6,19,25,444,358,802
TAN-007459,2021,EM.12650,11,12,23,308,329,637
TAN-007462,2021,EM.11851,3,20,23,342,407,749
TAN-007465,2021,EM.11858,2,19,21,447,447,894
TAN-007468,2021,EM.2775,4,16,20,134,133,267
TAN-007471,2021,EM.277,8,20,28,364,319,683
TAN-007474,2021,EM.14635,10,16,26,178,207,385
TAN-007477,2021,EM.4165,7,6,13,224,218,442
TAN-007480,2021,EM.10962,5,7,12,47,31,78
TAN-007483,2021,EM.13641,3,14,17,251,251,502
TAN-007486,2021,EM.9075,3,13,16,269,307,576
TAN-007495,2021,EM.2372,3,8,11,172,155,327
TAN-007504,2021,EM.11939,3,8,11,429,438,867
TAN-007513,2021,EM.11849,3,21,24,448,433,881
TAN-007516,2021,EM.6079,6,25,31,561,539,1100
TAN-007519,2021,EM.2774,0,14,14,196,173,369
TAN-007522,2021,EM.11854,14,16,30,391,320,711
TAN-007525,2021,EM.11299,2,17,19,317,318,635
TAN-007528,2021,EM.10312,8,8,16,203,216,419
TAN-007531,2021,EM.617,2,4,6,89,85,174
TAN-007534,2021,EM.4842,4,1,5,94,96,190
TAN-007537,2021,EM.561,3,3,6,163,145,308
TAN-007540,2021,EM.3301,3,0,3,66,69,135
TAN-007543,2021,EM.1805,2,2,4,80,59,139
TAN-007546,2021,EM.8367,2,3,5,87,82,169
TAN-007549,2021,EM.4841,2,2,4,50,42,92
TAN-007552,2021,EM.27,2,2,4,100,88,188
TAN-007555,2021,EM.441,3,4,7,69,74,143
TAN-007558,2021,EM.846,2,4,6,150,136,286
TAN-007561,2021,EM.4851,4,2,6,87,75,162
TAN-007564,2021,EM.6086,4,2,6,79,74,153
TAN-007567,2021,EM.4855,2,4,6,84,94,178
TAN-007570,2021,EM.9077,5,0,5,33,43,76
TAN-007573,2021,EM.4843,1,4,5,83,65,148
TAN-007576,2021,EM.1607,2,2,4,45,54,99
TAN-007579,2021,EM.111,0,5,5,62,48,110
TAN-007582,2021,EM.4844,4,2,6,54,47,101
TAN-007585,2021,EM.310,3,2,5,68,65,133
TAN-007588,2021,EM.3506,2,4,6,178,179,357
TAN-007591,2021,EM.8706,2,2,4,94,66,160
TAN-007594,2021,EM.9157,3,1,4,66,56,122
TAN-007597,2021,EM.13240,1,3,4,163,139,302
TAN-007600,2021,EM.1489,2,5,7,215,162,377
TAN-007603,2021,EM.1802,1,4,5,107,105,212
TAN-007606,2021,EM.8705,2,2,4,83,72,155
TAN-007609,2021,EM.9156,3,3,6,131,148,279
TAN-007612,2021,EM.4846,2,5,7,143,149,292
TAN-007615,2021,EM.13241,1,5,6,158,148,306
TAN-007618,2021,EM.13644,2,4,6,136,131,267
TAN-007621,2021,EM.13242,2,3,5,97,95,192
TAN-007624,2021,EM.12654,2,4,6,130,115,245
TAN-007627,2021,EM.197,1,3,4,78,66,144
TAN-007630,2021,EM.4852,3,2,5,101,109,210
TAN-007633,2021,EM.9483,2,3,5,26,34,60
TAN-007636,2021,EM.560,0,5,5,110,121,231
TAN-007642,2021,EM.1370,5,1,6,206,232,438
TAN-007648,2021,EM.112,1,4,5,123,119,242
TAN-007651,2021,EM.4847,3,1,4,64,53,117
TAN-007654,2021,EM.1726,2,2,4,40,34,74
TAN-007657,2021,EM.4850,4,1,5,66,55,121
TAN-007660,2021,EM.4853,4,2,6,35,31,66
TAN-007663,2021,EM.10451,5,1,6,52,79,131
TAN-007666,2021,EM.4845,1,3,4,93,72,165
TAN-007669,2021,EM.4167,2,3,5,54,48,102
TAN-007672,2021,EM.749,2,4,6,158,146,304
TAN-007675,2021,EM.12653,2,3,5,62,78,140
TAN-007678,2021,EM.4854,3,2,5,99,105,204
TAN-007681,2021,EM.616,1,5,6,151,119,270
TAN-007684,2021,EM.8911,1,3,4,46,54,100
TAN-007687,2021,EM.3821,3,7,10,202,191,393
TAN-007690,2021,EM.492,1,8,9,131,148,279
TAN-007693,2021,EM.12652,1,5,6,90,101,191
TAN-007696,2021,EM.493,1,6,7,110,125,235
TAN-007699,2021,EM.6083,3,4,7,130,122,252
TAN-007702,2021,EM.10963,4,3,7,80,78,158
TAN-007705,2021,EM.8368,4,1,5,74,54,128
TAN-007708,2021,EM.6081,0,6,6,91,97,188
TAN-007711,2021,EM.6085,2,6,8,185,169,354
TAN-007714,2021,EM.559,3,3,6,79,72,151
TAN-007717,2021,EM.6082,3,3,6,97,93,190
TAN-007720,2021,EM.494,2,4,6,123,91,214
TAN-007723,2021,EM.442,4,3,7,87,82,169
TAN-007726,2021,EM.8707,4,2,6,64,68,132
TAN-007729,2021,EM.6087,3,3,6,88,70,158
TAN-007732,2021,EM.6089,3,1,4,37,33,70
TAN-007735,2021,EM.11301,0,8,8,170,167,337
TAN-007738,2021,EM.8088,1,6,7,58,69,127
TAN-007741,2021,EM.10605,5,10,15,120,120,240
TAN-007744,2021,EM.4848,1,5,6,65,55,120
TAN-007747,2021,EM.13643,2,6,8,73,72,145
TAN-007750,2021,EM.8584,3,21,24,326,345,671
TAN-007753,2021,EM.1804,1,9,10,169,187,356
TAN-007756,2021,EM.3382,2,5,7,383,368,751
TAN-007759,2021,EM.13244,0,10,10,130,118,248
TAN-007762,2021,EM.9619,1,8,9,299,230,529
TAN-007765,2021,EM.4840,2,4,6,98,94,192
TAN-007768,2021,EM.4849,3,3,6,96,85,181
TAN-007771,2021,EM.562,3,3,6,57,43,100
TAN-007774,2021,EM.233,4,1,5,79,84,163
TAN-007777,2021,EM.3822,3,3,6,127,99,226
TAN-007780,2021,EM.12655,3,2,5,66,68,134
TAN-007783,2021,EM.213,1,2,3,65,71,136
TAN-007786,2021,EM.4839,1,3,4,32,28,60
TAN-007789,2021,EM.7730,3,2,5,51,49,100
TAN-007792,2021,EM.6088,4,3,7,56,56,112
TAN-007795,2021,EM.8702,2,3,5,50,29,79
TAN-007798,2021,EM.1803,1,5,6,74,87,161
TAN-007801,2021,EM.1608,5,1,6,68,75,143
TAN-007804,2021,EM.13645,0,6,6,74,77,151
TAN-007807,2021,EM.8846,3,3,6,107,90,197
TAN-007810,2021,EM.2128,4,0,4,94,84,178
TAN-007813,2021,EM.1727,3,3,6,91,74,165
TAN-007816,2021,EM.8370,3,3,6,113,101,214
TAN-007819,2021,EM.3082,3,2,5,101,84,185
TAN-007822,2021,EM.4857,2,4,6,143,121,264
TAN-007825,2021,EM.6092,2,4,6,118,105,223
TAN-007828,2021,EM.8708,5,1,6,62,44,106
TAN-007831,2021,EM.2262,4,3,7,154,112,266
TAN-007834,2021,EM.11871,3,4,7,81,93,174
TAN-007837,2021,EM.7364,5,5,10,325,387,712
TAN-007840,2021,EM.2129,1,12,13,235,225,460
TAN-007843,2021,EM.3302,3,3,6,92,90,182
TAN-007846,2021,EM.7108,4,2,6,184,143,327
TAN-007849,2021,EM.11877,4,2,6,103,100,203
TAN-007852,2021,EM.13648,4,3,7,231,218,449
TAN-007855,2021,EM.3827,3,3,6,194,219,413
TAN-007858,2021,EM.6099,3,3,6,62,56,118
TAN-007861,2021,EM.443,4,5,9,284,293,577
TAN-007864,2021,EM.6101,5,2,7,76,48,124
TAN-007867,2021,EM.3304,3,6,9,137,112,249
TAN-007870,2021,EM.1260,1,9,10,183,207,390
TAN-007873,2021,EM.3303,2,5,7,123,118,241
TAN-007876,2021,EM.750,2,7,9,151,144,295
TAN-007879,2021,EM.6100,5,8,13,94,95,189
TAN-007882,2021,EM.1806,2,5,7,142,135,277
TAN-007885,2021,EM.3823,3,4,7,114,93,207
TAN-007888,2021,EM.2261,4,3,7,134,158,292
TAN-007891,2021,EM.8912,2,6,8,95,98,193
TAN-007894,2021,EM.4863,4,2,6,83,76,159
TAN-007897,2021,EM.3509,5,4,9,69,77,146
TAN-007900,2021,EM.4859,5,4,9,64,46,110
TAN-007903,2021,EM.2255,4,3,7,75,87,162
TAN-007906,2021,EM.4864,2,5,7,99,91,190
TAN-007909,2021,EM.10606,3,2,5,91,99,190
TAN-007912,2021,EM.2133,6,0,6,152,157,309
TAN-007915,2021,EM.2135,2,2,4,109,98,207
TAN-007918,2021,EM.6093,3,5,8,133,127,260
TAN-007921,2021,EM.847,2,6,8,146,127,273
TAN-007924,2021,EM.11883,2,4,6,101,92,193
TAN-007927,2021,EM.11880,2,5,7,152,153,305
TAN-007930,2021,EM.11861,3,2,5,81,98,179
TAN-007933,2021,EM.7731,4,3,7,78,83,161
TAN-007936,2021,EM.3831,3,5,8,86,82,168
TAN-007939,2021,EM.3824,2,4,6,121,87,208
TAN-007942,2021,EM.2257,3,5,8,217,188,405
TAN-007945,2021,EM.4866,3,3,6,106,126,232
TAN-007948,2021,EM.4876,1,6,7,47,48,95
TAN-007951,2021,EM.11875,2,7,9,169,159,328
TAN-007954,2021,EM.2132,3,5,8,189,212,401
TAN-007957,2021,EM.4861,2,4,6,96,85,181
TAN-007960,2021,EM.6094,4,4,8,116,110,226
TAN-007963,2021,EM.6096,4,3,7,77,68,145
TAN-007966,2021,EM.2131,3,3,6,122,114,236
TAN-007969,2021,EM.2557,2,2,4,99,107,206
TAN-007972,2021,EM.6109,4,2,6,115,90,205
TAN-007975,2021,EM.8585,3,2,5,64,64,128
TAN-007978,2021,EM.1611,3,2,5,105,101,206
TAN-007981,2021,EM.13650,3,2,5,102,109,211
TAN-007984,2021,EM.8224,1,4,5,44,21,65
TAN-007987,2021,EM.4883,3,1,4,122,106,228
TAN-007990,2021,EM.4174,2,2,4,97,77,174
TAN-007993,2021,EM.2902,3,0,3,61,52,113
TAN-007996,2021,EM.2634,3,1,4,69,44,113
TAN-007999,2021,EM.4900,3,2,5,120,133,253
TAN-008002,2021,EM.11894,6,0,6,81,67,148
TAN-008005,2021,EM.4901,3,1,4,68,53,121
TAN-008008,2021,EM.11311,2,2,4,89,80,169
TAN-008011,2021,EM.4176,0,4,4,85,93,178
TAN-008014,2021,EM.234,2,2,4,112,83,195
TAN-008017,2021,EM.30,2,4,6,149,132,281
TAN-008020,2021,EM.619,1,5,6,69,66,135
TAN-008023,2021,EM.4898,2,4,6,90,75,165
TAN-008026,2021,EM.3837,4,1,5,87,81,168
TAN-008029,2021,EM.4884,8,0,8,136,105,241
TAN-008032,2021,EM.13649,3,2,5,41,34,75
TAN-008035,2021,EM.11306,2,16,18,441,422,863
TAN-008038,2021,EM.7739,3,10,13,453,454,907
TAN-008041,2021,EM.11890,3,2,5,52,72,124
TAN-008044,2021,EM.7112,4,2,6,95,72,167
TAN-008047,2021,EM.4885,6,0,6,128,152,280
TAN-008050,2021,EM.8223,3,2,5,153,148,301
TAN-008053,2021,EM.4171,2,4,6,260,245,505
TAN-008056,2021,EM.4172,2,5,7,196,222,418
TAN-008059,2021,EM.8089,2,3,5,119,96,215
TAN-008062,2021,EM.13,1,5,6,210,252,462
TAN-008065,2021,EM.8093,2,3,5,252,216,468
TAN-008068,2021,EM.3835,1,3,4,108,94,202
TAN-008071,2021,EM.3305,2,2,4,88,95,183
TAN-008074,2021,EM.683,3,2,5,54,60,114
TAN-008077,2021,EM.4895,6,0,6,71,61,132
TAN-008080,2021,EM.8641,5,0,5,127,133,260
TAN-008083,2021,EM.13996,8,12,20,209,280,489
TAN-008085,2021,EM.12658,10,10,20,149,110,259
TAN-008088,2021,EM.7734,3,24,27,411,384,795
TAN-008091,2021,EM.9363,2,16,18,435,386,821
TAN-008094,2021,EM.8371,3,3,6,157,125,282
TAN-008097,2021,EM.2473,3,4,7,202,177,379
TAN-008100,2021,EM.16579,4,1,5,299,276,575
TAN-008103,2021,EM.4893,1,8,9,342,369,711
TAN-008106,2021,EM.3086,2,3,5,172,148,320
TAN-008109,2021,EM.7741,5,0,5,152,121,273
TAN-008112,2021,EM.4173,3,2,5,193,171,364
TAN-008115,2021,EM.1954,4,1,5,101,115,216
TAN-008118,2021,EM.11309,6,2,8,113,82,195
TAN-008121,2021,EM.2635,3,0,3,113,114,227
TAN-008124,2021,EM.11886,1,5,6,121,110,231
TAN-008127,2021,EM.9362,4,2,6,110,109,219
TAN-008130,2021,EM.8301,1,15,16,327,282,609
TAN-008133,2021,EM.9158,5,4,9,189,167,356
TAN-008136,2021,EM.8302,2,4,6,127,142,269
TAN-008139,2021,EM.1262,1,4,5,183,182,365
TAN-008142,2021,EM.10609,5,0,5,111,107,218
TAN-008145,2021,EM.12660,8,2,10,71,87,158
TAN-008148,2021,EM.11893,2,9,11,135,121,256
TAN-008151,2021,EM.11897,2,6,8,57,60,117
TAN-008154,2021,EM.11303,1,3,4,97,130,227
TAN-008157,2021,EM.4889,1,10,11,323,286,609
TAN-008160,2021,EM.387,3,12,15,250,262,512
TAN-008164,2021,EM.2003,4,1,5,194,197,391
TAN-008168,2021,EM.4892,3,2,5,83,100,183
TAN-008171,2021,EM.2033,3,3,6,62,54,116
TAN-008174,2021,EM.9624,2,4,6,80,79,159
TAN-008177,2021,EM.3087,3,3,6,62,71,133
TAN-008180,2021,EM.8586,5,4,9,267,239,506
TAN-008183,2021,EM.8587,3,3,6,288,255,543
TAN-008186,2021,EM.9622,3,6,9,293,318,611
TAN-008189,2021,EM.8588,2,2,4,117,89,206
TAN-008192,2021,EM.4894,3,4,7,319,351,670
TAN-008195,2021,EM.11891,2,4,6,219,223,442
TAN-008198,2021,EM.4897,3,4,7,220,168,388
TAN-008201,2021,EM.10313,2,2,4,81,84,165
TAN-008204,2021,EM.7733,4,2,6,71,62,133
TAN-008207,2021,EM.7736,3,3,6,91,73,164
TAN-008210,2021,EM.10314,3,2,5,81,71,152
TAN-008213,2021,EM.2265,2,2,4,87,78,165
TAN-008216,2021,EM.2032,3,2,5,62,76,138
TAN-008219,2021,EM.11304,3,1,4,98,69,167
TAN-008222,2021,EM.2558,2,4,6,95,100,195
TAN-008225,2021,EM.11888,2,2,4,186,181,367
TAN-008228,2021,EM.4890,2,2,4,72,76,148
TAN-008231,2021,EM.241,2,4,6,117,107,224
TAN-008234,2021,EM.751,3,3,6,116,115,231
TAN-008237,2021,EM.9080,2,4,6,69,79,148
TAN-008240,2021,EM.6105,1,4,5,97,68,165
TAN-008243,2021,EM.113,2,2,4,43,35,78
TAN-008246,2021,EM.618,3,1,4,91,74,165
TAN-008249,2021,EM.31,2,4,6,103,92,195
TAN-008252,2021,EM.4896,4,2,6,63,68,131
TAN-008255,2021,EM.1807,3,2,5,60,58,118
TAN-008258,2021,EM.3510,3,4,7,111,107,218
TAN-008261,2021,EM.7113,4,2,6,104,87,191
TAN-008264,2021,EM.6107,4,0,4,107,103,210
TAN-008267,2021,EM.620,4,0,4,99,65,164
TAN-008273,2021,EM.6641,6,2,8,175,142,317
TAN-008279,2021,EM.4886,5,2,7,144,152,296
TAN-008282,2021,EM.4887,1,3,4,28,11,39
TAN-008285,2021,EM.345,2,3,5,102,97,199
TAN-008288,2021,EM.3836,2,3,5,79,76,155
TAN-008291,2021,EM.7742,3,3,6,106,95,201
TAN-008294,2021,EM.2900,2,2,4,108,139,247
TAN-008297,2021,EM.1263,0,7,7,183,190,373
TAN-008300,2021,EM.7115,1,5,6,213,224,437
TAN-008303,2021,EM.2371,3,2,5,150,166,316
TAN-008306,2021,EM.682,4,2,6,120,115,235
TAN-008309,2021,EM.242,3,3,6,71,67,138
TAN-008312,2021,EM.8090,2,2,4,212,184,396
TAN-008315,2021,EM.8091,4,2,6,63,56,119
TAN-008318,2021,EM.8092,3,1,4,133,105,238
TAN-008321,2021,EM.11308,3,1,4,78,105,183
TAN-008324,2021,EM.11892,3,2,5,142,128,270
TAN-008327,2021,EM.15613,3,3,6,248,256,504
TAN-008330,2021,EM.11885,4,4,8,346,307,653
TAN-008333,2021,EM.3512,3,3,6,337,327,664
TAN-008336,2021,EM.12659,1,5,6,264,256,520
TAN-008339,2021,EM.1264,4,3,7,361,302,663
TAN-008342,2021,EM.7743,3,7,10,364,340,704
TAN-008345,2021,EM.10964,6,4,10,63,71,134
TAN-008348,2021,EM.8372,2,10,12,117,123,240
TAN-008351,2021,EM.13245,5,0,5,69,54,123
TAN-008354,2021,EM.7737,4,2,6,208,168,376
TAN-008357,2021,EM.11889,2,4,6,213,208,421
TAN-008360,2021,EM.10610,2,2,4,128,123,251
TAN-008363,2021,EM.6112,3,3,6,243,235,478
TAN-008369,2021,EM.288,6,2,8,320,297,617
TAN-008375,2021,EM.11896,1,15,16,140,133,273
TAN-008378,2021,EM.278,9,17,26,367,369,736
TAN-008381,2021,EM.11310,10,1,11,128,157,285
TAN-008384,2021,EM.2901,2,10,12,132,102,234
TAN-008387,2021,EM.11307,3,14,17,177,188,365
TAN-008390,2021,EM.3511,0,13,13,173,187,360
TAN-008393,2021,EM.681,1,5,6,88,71,159
TAN-008396,2021,EM.4888,2,1,3,101,89,190
TAN-008399,2021,EM.4891,2,5,7,57,58,115
TAN-008402,2021,EM.9623,2,2,4,41,50,91
TAN-008405,2021,EM.9626,1,4,5,59,51,110
TAN-008408,2021,EM.11305,3,2,5,61,53,114
TAN-008411,2021,EM.6106,2,3,5,63,60,123
TAN-008414,2021,EM.8982,3,2,5,126,101,227
TAN-008417,2021,EM.2903,4,2,6,94,101,195
TAN-008420,2021,EM.1610,3,1,4,107,98,205
TAN-008423,2021,EM.7735,4,1,5,169,150,319
TAN-008426,2021,EM.7740,4,0,4,86,57,143
TAN-008429,2021,EM.1891,3,3,6,100,86,186
TAN-008432,2021,EM.9159,4,2,6,73,80,153
TAN-008435,2021,EM.214,5,2,7,111,84,195
TAN-008438,2021,EM.6103,3,2,5,105,84,189
TAN-008441,2021,EM.6104,3,2,5,62,50,112
TAN-008444,2021,EM.10160,1,4,5,98,88,186
TAN-008447,2021,EM.17092,4,1,5,43,41,84
TAN-008450,2021,EM.6108,4,1,5,86,96,182
TAN-008453,2021,EM.4175,5,2,7,130,86,216
TAN-008456,2021,EM.6110,3,1,4,62,52,114
TAN-008459,2021,EM.6111,3,3,6,107,123,230
TAN-008462,2021,EM.388,3,2,5,107,101,208
TAN-008465,2021,EM.9361,4,1,5,50,66,116
TAN-008468,2021,EM.7738,2,4,6,146,113,259
TAN-008471,2021,EM.10315,4,2,6,233,196,429
TAN-008474,2021,EM.563,4,3,7,131,132,263
TAN-008477,2021,EM.7732,4,2,6,52,53,105
TAN-008480,2021,EM.11887,4,2,6,91,86,177
TAN-008483,2021,EM.13246,4,1,5,87,100,187
TAN-008486,2021,EM.684,4,2,6,152,137,289
TAN-008489,2021,EM.4899,3,2,5,112,119,231
TAN-008492,2021,EM.7116,6,1,7,146,127,273
TAN-008495,2021,EM.564,3,3,6,143,145,288
TAN-008498,2021,EM.7118,4,4,8,151,175,326
TAN-008501,2021,EM.14018,2,6,8,225,218,443
TAN-008504,2021,EM.6118,4,1,5,211,218,429
TAN-008507,2021,EM.6113,2,4,6,131,95,226
TAN-008510,2021,EM.6115,2,6,8,144,156,300
TAN-008513,2021,EM.6117,3,9,12,300,346,646
TAN-008516,2021,EM.14013,4,3,7,330,316,646
TAN-008519,2021,EM.14029,1,4,5,113,96,209
TAN-008522,2021,EM.14004,1,5,6,76,74,150
TAN-008525,2021,EM.13998,1,6,7,257,263,520
TAN-008527,2021,EM.6114,1,3,4,272,297,569
TAN-008530,2021,EM.14000,2,4,6,206,165,371
TAN-008533,2021,EM.14008,5,2,7,263,313,576
TAN-008536,2021,EM.14003,4,2,6,69,58,127
TAN-008539,2021,EM.6116,4,2,6,42,47,89
TAN-008542,2021,EM.14006,3,2,5,54,43,97
TAN-008545,2021,EM.14009,1,5,6,104,96,200
TAN-008548,2021,EM.7119,2,3,5,45,36,81
TAN-008551,2021,EM.14026,3,2,5,38,40,78
TAN-008554,2021,EM.14012,4,3,7,263,266,529
TAN-008557,2021,EM.4903,6,1,7,227,211,438
TAN-008560,2021,EM.14027,4,3,7,263,266,529
TAN-008563,2021,EM.14005,0,6,6,145,123,268
TAN-008566,2021,EM.14016,2,4,6,62,46,108
TAN-008569,2021,EM.14019,1,6,7,276,243,519
TAN-008572,2021,EM.4904,1,5,6,92,76,168
TAN-008575,2021,EM.7117,8,6,14,604,619,1223
TAN-008578,2021,EM.14024,4,4,8,284,309,593
TAN-008581,2021,EM.14017,3,3,6,246,273,519
TAN-008584,2021,EM.8373,5,1,6,220,208,428
TAN-008587,2021,EM.14020,5,2,7,252,267,519
TAN-008590,2021,EM.14015,5,2,7,299,299,598
TAN-008593,2021,EM.7120,4,3,7,352,406,758
TAN-008596,2021,EM.14002,2,7,9,227,277,504
TAN-008599,2021,EM.14014,2,8,10,284,305,589
TAN-008602,2021,EM.1054,6,2,8,302,277,579
TAN-008605,2021,EM.8374,6,1,7,307,319,626
TAN-008608,2021,EM.4906,3,2,5,121,135,256
TAN-008611,2021,EM.4907,3,3,6,175,180,355
TAN-008614,2021,EM.14031,4,1,5,218,223,441
TAN-008617,2021,EM.13657,2,2,4,121,102,223
TAN-008620,2021,EM.1055,4,1,5,256,246,502
TAN-008623,2021,EM.4180,9,0,9,250,247,497
TAN-008626,2021,EM.15285,5,0,5,35,22,57
TAN-008629,2021,EM.3090,5,1,6,42,19,61
TAN-008632,2021,EM.6120,2,3,5,89,113,202
TAN-008635,2021,EM.4177,4,2,6,395,372,767
TAN-008638,2021,EM.8983,5,2,7,327,306,633
TAN-008641,2021,EM.9365,3,3,6,155,146,301
TAN-008644,2021,EM.6123,5,1,6,290,287,577
TAN-008647,2021,EM.9367,7,0,7,118,110,228
TAN-008650,2021,EM.497,1,4,5,104,103,207
TAN-008655,2021,EM.8094,3,1,4,93,106,199
TAN-008658,2021,EM.2776,4,0,4,110,110,220
TAN-008661,2021,EM.4915,4,2,6,152,130,282
TAN-008664,2021,EM.752,5,4,9,319,325,644
TAN-008667,2021,EM.9250,4,1,5,244,250,494
TAN-008670,2021,EM.4912,4,1,5,284,326,610
TAN-008673,2021,EM.9486,4,2,6,264,274,538
TAN-008676,2021,EM.13651,3,2,5,167,170,337
TAN-008679,2021,EM.34,5,2,7,208,200,408
TAN-008682,2021,EM.2035,4,0,4,217,189,406
TAN-008685,2021,EM.9369,3,0,3,82,73,155
TAN-008688,2021,EM.6125,5,1,6,80,118,198
TAN-008691,2021,EM.66,7,0,7,332,358,690
TAN-008694,2021,EM.14636,3,3,6,162,166,328
TAN-008697,2021,EM.3839,3,4,7,364,400,764
TAN-008700,2021,EM.4910,2,2,4,58,63,121
TAN-008703,2021,EM.1056,4,3,7,251,259,510
TAN-008706,2021,EM.4911,4,2,6,191,203,394
TAN-008709,2021,EM.10795,4,2,6,153,153,306
TAN-008712,2021,EM.566,3,4,7,131,126,257
TAN-008715,2021,EM.2905,5,10,15,892,995,1887
TAN-008718,2021,EM.8375,5,5,10,428,381,809
TAN-008721,2021,EM.7121,5,4,9,351,304,655
TAN-008724,2021,EM.9485,6,8,14,497,497,994
TAN-008727,2021,EM.851,10,12,22,772,861,1633
TAN-008730,2021,EM.4178,7,0,7,301,292,593
TAN-008733,2021,EM.850,3,3,6,397,352,749
TAN-008736,2021,EM.13655,3,1,4,189,194,383
TAN-008739,2021,EM.4914,3,1,4,208,209,417
TAN-008742,2021,EM.3842,4,1,5,148,124,272
TAN-008745,2021,EM.4183,3,2,5,158,147,305
TAN-008748,2021,EM.1808,4,1,5,377,379,756
TAN-008751,2021,EM.2373,4,3,7,183,214,397
TAN-008754,2021,EM.3089,5,6,11,475,472,947
TAN-008760,2021,EM.1275,8,4,12,299,339,638
TAN-008766,2021,EM.4179,4,4,8,270,247,517
TAN-008769,2021,EM.9364,4,2,6,134,142,276
TAN-008772,2021,EM.8589,5,0,5,74,53,127
TAN-008775,2021,EM.2559,3,3,6,83,88,171
TAN-008778,2021,EM.753,3,13,16,343,386,729
TAN-008784,2021,EM.4260,1,3,4,210,225,435
TAN-008790,2021,EM.13656,4,7,11,148,142,290
TAN-008793,2021,EM.2906,7,9,16,217,220,437
TAN-008796,2021,EM.14034,4,12,16,574,602,1176
TAN-008799,2021,EM.445,3,4,7,237,220,457
TAN-008802,2021,EM.14032,3,2,5,66,70,136
TAN-008805,2021,EM.4182,4,2,6,71,58,129
TAN-008808,2021,EM.7747,1,3,4,175,191,366
TAN-008811,2021,EM.6119,6,0,6,284,285,569
TAN-008814,2021,EM.13652,5,1,6,148,136,284
TAN-008817,2021,EM.2034,3,2,5,307,310,617
TAN-008820,2021,EM.9366,3,3,6,148,143,291
TAN-008823,2021,EM.9368,4,2,6,169,122,291
TAN-008826,2021,EM.8590,3,2,5,146,177,323
TAN-008829,2021,EM.13653,4,2,6,111,110,221
TAN-008832,2021,EM.565,7,3,10,243,244,487
TAN-008835,2021,EM.7745,2,2,4,198,230,428
TAN-008838,2021,EM.3841,4,1,5,119,109,228
TAN-008841,2021,EM.14030,6,0,6,192,165,357
TAN-008844,2021,EM.9484,2,3,5,161,185,346
TAN-008847,2021,EM.14033,3,2,5,129,167,296
TAN-008850,2021,EM.2777,3,3,6,311,294,605
TAN-008853,2021,EM.10453,1,3,4,253,268,521
TAN-008856,2021,EM.13654,6,1,7,75,69,144
TAN-008859,2021,EM.2374,7,3,10,516,558,1074
TAN-008862,2021,EM.754,6,3,9,234,234,468
TAN-008865,2021,EM.4908,4,4,8,560,600,1160
TAN-008868,2021,EM.4909,4,0,4,185,216,401
TAN-008871,2021,EM.389,5,2,7,383,349,732
TAN-008874,2021,EM.6121,3,3,6,100,121,221
TAN-008877,2021,EM.1266,6,2,8,227,275,502
TAN-008880,2021,EM.3840,4,2,6,145,175,320
TAN-008883,2021,EM.12661,2,4,6,231,275,506
TAN-008886,2021,EM.6124,3,1,4,117,121,238
TAN-008889,2021,EM.13658,4,1,5,124,110,234
TAN-008892,2021,EM.1728,5,1,6,370,410,780
TAN-008895,2021,EM.2904,9,7,16,698,787,1485
TAN-008898,2021,EM.6122,2,4,6,177,163,340
TAN-008901,2021,EM.4926,5,3,8,297,279,576
TAN-008904,2021,EM.9648,3,3,6,112,102,214
TAN-008907,2021,EM.9649,5,0,5,84,101,185
TAN-008910,2021,EM.9632,5,3,8,311,328,639
TAN-008913,2021,EM.13663,2,2,4,105,95,200
TAN-008916,2021,EM.2375,5,1,6,118,126,244
TAN-008919,2021,EM.3513,2,3,5,133,113,246
TAN-008922,2021,EM.852,2,6,8,327,314,641
TAN-008925,2021,EM.9640,5,1,6,121,140,261
TAN-008928,2021,EM.14829,4,3,7,88,75,163
TAN-008930,2021,EM.79,3,10,13,378,410,788
TAN-008933,2021,EM.6129,2,2,4,61,63,124
TAN-008936,2021,EM.391,1,6,7,133,146,279
TAN-008939,2021,EM.15292,4,3,7,128,185,313
TAN-008942,2021,EM.9635,5,0,5,98,98,196
TAN-008945,2021,EM.13659,3,1,4,87,78,165
TAN-008948,2021,EM.1057,4,0,4,76,62,138
TAN-008951,2021,EM.9641,3,2,5,220,239,459
TAN-008954,2021,EM.2267,5,0,5,182,188,370
TAN-008957,2021,EM.392,2,9,11,239,238,477
TAN-008960,2021,EM.9627,4,0,4,252,256,508
TAN-008963,2021,EM.9634,4,1,5,261,309,570
TAN-008966,2021,EM.9638,5,1,6,48,62,110
TAN-008969,2021,EM.6130,6,0,6,56,50,106
TAN-008972,2021,EM.1061,4,2,6,412,496,908
TAN-008975,2021,EM.4929,2,11,13,257,276,533
TAN-008978,2021,EM.2560,5,2,7,264,282,546
TAN-008981,2021,EM.7750,3,2,5,124,115,239
TAN-008984,2021,EM.6140,4,2,6,88,90,178
TAN-008987,2021,EM.6135,6,0,6,223,248,471
TAN-008990,2021,EM.3516,3,3,6,119,132,251
TAN-008993,2021,EM.10611,3,3,6,130,98,228
TAN-008996,2021,EM.2636,6,1,7,254,257,511
TAN-008999,2021,EM.3847,6,0,6,163,167,330
TAN-009002,2021,EM.10796,6,1,7,169,194,363
TAN-009005,2021,EM.12666,5,5,10,213,181,394
TAN-009008,2021,EM.4184,6,1,7,87,101,188
TAN-009011,2021,EM.3517,7,0,7,222,225,447
TAN-009014,2021,EM.12665,5,2,7,150,149,299
TAN-009015,2021,EM.4930,6,5,11,229,216,445
TAN-009018,2021,EM.14391,4,1,5,49,45,94
TAN-009020,2021,EM.7753,4,2,6,133,116,249
TAN-009023,2021,EM.14639,5,1,6,88,109,197
TAN-009025,2021,EM.853,3,3,6,208,198,406
TAN-009028,2021,EM.4187,4,1,5,52,68,120
TAN-009031,2021,EM.4189,5,1,6,263,283,546
TAN-009034,2021,EM.4185,5,3,8,158,177,335
TAN-009037,2021,EM.4186,4,1,5,193,213,406
TAN-009040,2021,EM.10797,3,2,5,79,78,157
TAN-009043,2021,EM.3845,7,2,9,270,284,554
TAN-009046,2021,EM.10458,4,4,8,118,136,254
TAN-009049,2021,EM.13252,5,0,5,82,75,157
TAN-009052,2021,EM.7754,3,3,6,133,119,252
TAN-009055,2021,EM.6137,6,1,7,151,135,286
TAN-009058,2021,EM.3518,8,4,12,377,366,743
TAN-009061,2021,EM.14392,5,0,5,55,55,110
TAN-009064,2021,EM.6136,4,2,6,92,94,186
TAN-009067,2021,EM.3091,7,1,8,312,280,592
TAN-009070,2021,EM.2909,4,1,5,79,85,164
TAN-009073,2021,EM.2908,3,1,4,101,106,207
TAN-009076,2021,EM.3306,4,1,5,66,60,126
TAN-009079,2021,EM.4188,5,1,6,160,158,318
TAN-009082,2021,EM.12668,6,0,6,80,78,158
TAN-009085,2021,EM.6139,4,0,4,87,71,158
TAN-009088,2021,EM.3846,4,3,7,280,270,550
TAN-009091,2021,EM.13251,7,11,18,615,642,1257
TAN-009094,2021,EM.2779,4,4,8,335,322,657
TAN-009097,2021,EM.10967,2,3,5,57,61,118
TAN-009100,2021,EM.12667,5,7,12,324,344,668
TAN-009103,2021,EM.15621,6,5,11,185,182,367
TAN-009105,2021,EM.7752,5,1,6,201,161,362
TAN-009108,2021,EM.2269,6,1,7,101,98,199
TAN-009111,2021,EM.2910,5,2,7,309,277,586
TAN-009114,2021,EM.6141,6,2,8,124,143,267
TAN-009117,2021,EM.9628,2,2,4,244,239,483
TAN-009120,2021,EM.1955,2,4,6,178,177,355
TAN-009123,2021,EM.7122,5,1,6,93,74,167
TAN-009126,2021,EM.13664,3,1,4,73,85,158
TAN-009129,2021,EM.9645,5,1,6,75,81,156
TAN-009132,2021,EM.4917,5,7,12,440,471,911
TAN-009135,2021,EM.1268,1,6,7,234,268,502
TAN-009138,2021,EM.13247,3,5,8,239,324,563
TAN-009141,2021,EM.2907,5,0,5,93,113,206
TAN-009144,2021,EM.1060,3,3,6,155,150,305
TAN-009147,2021,EM.1058,3,6,9,229,226,455
TAN-009150,2021,EM.8096,7,1,8,280,308,588
TAN-009153,2021,EM.4921,3,3,6,216,237,453
TAN-009156,2021,EM.3844,4,1,5,170,198,368
TAN-009159,2021,EM.14828,3,1,4,43,57,100
TAN-009162,2021,EM.311,1,4,5,176,174,350
TAN-009165,2021,EM.8376,3,2,5,159,161,320
TAN-009168,2021,EM.15064,4,1,5,165,153,318
TAN-009171,2021,EM.10162,3,1,4,67,71,138
TAN-009174,2021,EM.13662,4,2,6,61,66,127
TAN-009177,2021,EM.1613,2,5,7,317,290,607
TAN-009180,2021,EM.1269,4,2,6,149,158,307
TAN-009183,2021,EM.9646,5,3,8,238,304,542
TAN-009186,2021,EM.9647,3,2,5,175,174,349
TAN-009189,2021,EM.1612,4,1,5,99,72,171
TAN-009192,2021,EM.12662,2,4,6,41,56,97
TAN-009195,2021,EM.6127,3,6,9,232,245,477
TAN-009198,2021,EM.10161,4,1,5,86,83,169
TAN-009201,2021,EM.1270,3,2,5,127,133,260
TAN-009204,2021,EM.7748,4,2,6,211,242,453
TAN-009207,2021,EM.13248,6,0,6,42,53,95
TAN-009210,2021,EM.2266,7,2,9,301,290,591
TAN-009213,2021,EM.14638,2,4,6,249,262,511
TAN-009215,2021,EM.10454,2,4,6,106,81,187
TAN-009218,2021,EM.9636,4,1,5,83,98,181
TAN-009221,2021,EM.10456,4,1,5,79,75,154
TAN-009224,2021,EM.1271,4,2,6,289,280,569
TAN-009227,2021,EM.6126,4,1,5,134,143,277
TAN-009230,2021,EM.3514,8,4,12,372,388,760
TAN-009233,2021,EM.9629,5,1,6,42,60,102
TAN-009236,2021,EM.4922,4,1,5,80,118,198
TAN-009239,2021,EM.9643,3,6,9,193,209,402
TAN-009242,2021,EM.13666,4,1,5,73,60,133
TAN-009245,2021,EM.14035,6,1,7,68,69,137
TAN-009246,2021,EM.10457,2,1,3,73,61,134
TAN-009249,2021,EM.7749,6,1,7,192,220,412
TAN-009252,2021,EM.3515,5,1,6,101,98,199
TAN-009255,2021,EM.4919,2,2,4,91,120,211
TAN-009258,2021,EM.9637,6,1,7,145,156,301
TAN-009261,2021,EM.1059,4,2,6,350,396,746
TAN-009264,2021,EM.13667,5,0,5,102,89,191
TAN-009267,2021,EM.15061,7,3,10,163,210,373
TAN-009270,2021,EM.15062,3,6,9,253,290,543
TAN-009273,2021,EM.15065,11,6,17,382,396,778
TAN-009276,2021,EM.4932,6,1,7,119,105,224
TAN-009279,2021,EM.7124,5,2,7,162,199,361
TAN-009282,2021,EM.755,5,1,6,125,147,272
TAN-009285,2021,EM.13671,3,2,5,46,45,91
TAN-009288,2021,EM.17101,7,1,8,325,338,663
TAN-009291,2021,EM.14831,6,1,7,208,207,415
TAN-009294,2021,EM.2911,3,5,8,85,87,172
TAN-009297,2021,EM.10460,4,8,12,158,160,318
TAN-009300,2021,EM.2270,3,4,7,149,163,312
TAN-009303,2021,EM.4193,5,1,6,148,160,308
TAN-009306,2021,EM.7127,5,1,6,125,119,244
TAN-009309,2021,EM.14393,3,2,5,72,66,138
TAN-009312,2021,EM.4933,7,3,10,346,276,622
TAN-009315,2021,EM.621,1,4,5,220,178,398
TAN-009318,2021,EM.7759,4,3,7,233,270,503
TAN-009321,2021,EM.7125,5,2,7,188,169,357
TAN-009324,2021,EM.10317,4,2,6,94,101,195
TAN-009327,2021,EM.446,7,4,11,301,349,650
TAN-009330,2021,EM.7766,2,3,5,138,152,290
TAN-009333,2021,EM.11316,5,4,9,309,358,667
TAN-009336,2021,EM.3849,3,0,3,21,32,53
TAN-009339,2021,EM.3092,4,2,6,173,210,383
TAN-009342,2021,EM.2271,6,3,9,309,309,618
TAN-009345,2021,EM.4191,6,1,7,160,177,337
TAN-009348,2021,EM.4935,5,1,6,110,142,252
TAN-009351,2021,EM.17102,7,6,13,85,64,149
TAN-009354,2021,EM.10459,5,1,6,165,165,330
TAN-009357,2021,EM.9650,4,2,6,151,149,300
TAN-009360,2021,EM.7760,5,2,7,147,125,272
TAN-009363,2021,EM.4190,4,2,6,175,193,368
TAN-009366,2021,EM.7756,2,3,5,96,68,164
TAN-009369,2021,EM.14040,2,2,4,27,35,62
TAN-009371,2021,EM.11901,4,2,6,63,65,128
TAN-009374,2021,EM.7767,5,2,7,182,154,336
TAN-009377,2021,EM.7757,5,2,7,146,161,307
TAN-009380,2021,EM.4934,4,2,6,155,151,306
TAN-009383,2021,EM.4931,7,1,8,222,196,418
TAN-009386,2021,EM.13253,6,0,6,70,71,141
TAN-009389,2021,EM.447,6,2,8,152,149,301
TAN-009392,2021,EM.7764,4,2,6,179,209,388
TAN-009395,2021,EM.7765,4,2,6,151,141,292
TAN-009398,2021,EM.7755,5,2,7,119,145,264
TAN-009401,2021,EM.1273,4,3,7,233,196,429
TAN-009404,2021,EM.6143,4,2,6,64,63,127
TAN-009407,2021,EM.6142,4,5,9,193,173,366
TAN-009410,2021,EM.3521,7,5,12,319,313,632
TAN-009413,2021,EM.3522,7,3,10,232,262,494
TAN-009416,2021,EM.4936,2,3,5,100,114,214
TAN-009419,2021,EM.3307,3,2,5,106,125,231
TAN-009422,2021,EM.11315,3,5,8,250,293,543
TAN-009425,2021,EM.13669,3,4,7,202,229,431
TAN-009428,2021,EM.3523,3,2,5,196,212,408
TAN-009431,2021,EM.11317,4,5,9,138,141,279
TAN-009434,2021,EM.14038,3,3,6,123,133,256
TAN-009437,2021,EM.7126,2,4,6,119,133,252
TAN-009440,2021,EM.4192,3,6,9,235,270,505
TAN-009443,2021,EM.11900,5,0,5,83,87,170
TAN-009446,2021,EM.2780,5,2,7,177,253,430
TAN-009449,2021,EM.7761,1,6,7,169,160,329
TAN-009452,2021,EM.4937,3,6,9,153,156,309
TAN-009455,2021,EM.7763,4,12,16,205,262,467
TAN-009458,2021,EM.13254,3,3,6,80,65,145
TAN-009461,2021,EM.4938,6,2,8,213,205,418
TAN-009464,2021,EM.1809,6,2,8,136,143,279
TAN-009467,2021,EM.7758,1,14,15,275,261,536
TAN-009470,2021,EM.3850,2,4,6,105,109,214
TAN-009473,2021,EM.7762,5,2,7,132,123,255
TAN-009476,2021,EM.1614,5,3,8,205,234,439
TAN-009479,2021,EM.14041,5,1,6,73,73,146
TAN-009482,2021,EM.12669,5,2,7,152,172,324
TAN-009485,2021,EM.12671,3,2,5,50,40,90
TAN-009488,2021,EM.498,3,2,5,129,119,248
TAN-009491,2021,EM.499,3,3,6,96,114,210
TAN-009494,2021,EM.14037,2,2,4,44,64,108
TAN-009496,2021,EM.10798,3,2,5,78,89,167
TAN-009499,2021,EM.4939,5,1,6,284,259,543
TAN-009502,2021,EM.114,4,2,6,108,109,217
TAN-009505,2021,EM.4194,7,3,10,204,219,423
TAN-009508,2021,EM.622,6,3,9,274,259,533
TAN-009511,2021,EM.3848,3,4,7,197,158,355
TAN-009514,2021,EM.10316,4,1,5,132,118,250
TAN-009517,2021,EM.7768,1,6,7,101,113,214
TAN-009520,2021,EM.4195,5,5,10,188,223,411
TAN-009523,2021,EM.4941,3,4,7,150,124,274
TAN-009526,2021,EM.3093,2,3,5,212,160,372
TAN-009529,2021,EM.7128,7,5,12,370,398,768
TAN-009532,2021,EM.9651,8,1,9,248,264,512
TAN-009535,2021,EM.2913,4,2,6,127,131,258
TAN-009538,2021,EM.17311,5,1,6,76,74,150
TAN-009541,2021,EM.2637,9,2,11,233,243,476
TAN-009544,2021,EM.14394,3,3,6,157,174,331
TAN-009547,2021,EM.9161,5,3,8,184,238,422
TAN-009550,2021,EM.10973,4,2,6,101,114,215
TAN-009553,2021,EM.4946,5,1,6,83,67,150
TAN-009556,2021,EM.4948,6,1,7,184,200,384
TAN-009559,2021,EM.756,4,5,9,287,308,595
TAN-009562,2021,EM.6145,4,3,7,180,199,379
TAN-009565,2021,EM.11318,3,4,7,72,79,151
TAN-009568,2021,EM.14395,2,4,6,66,95,161
TAN-009571,2021,EM.9160,2,4,6,135,87,222
TAN-009574,2021,EM.4196,4,1,5,212,184,396
TAN-009577,2021,EM.3525,6,1,7,102,104,206
TAN-009580,2021,EM.4943,3,2,5,54,43,97
TAN-009583,2021,EM.10319,2,3,5,63,77,140
TAN-009586,2021,EM.3524,3,2,5,90,93,183
TAN-009589,2021,EM.10974,4,2,6,29,26,55
TAN-009592,2021,EM.2912,4,3,7,145,189,334
TAN-009595,2021,EM.6149,5,6,11,260,295,555
TAN-009598,2021,EM.14043,4,3,7,164,156,320
TAN-009601,2021,EM.854,2,3,5,104,101,205
TAN-009604,2021,EM.11322,5,1,6,105,93,198
TAN-009607,2021,EM.6147,5,2,7,124,123,247
TAN-009610,2021,EM.4942,5,1,6,87,99,186
TAN-009613,2021,EM.7129,2,4,6,135,194,329
TAN-009616,2021,EM.1893,7,2,9,228,218,446
TAN-009619,2021,EM.10975,5,2,7,173,168,341
TAN-009622,2021,EM.4197,5,1,6,126,113,239
TAN-009625,2021,EM.13673,5,1,6,83,78,161
TAN-009628,2021,EM.13255,4,3,7,49,46,95
TAN-009631,2021,EM.2139,5,4,9,267,270,537
TAN-009634,2021,EM.2140,5,2,7,143,144,287
TAN-009637,2021,EM.6146,4,1,5,83,98,181
TAN-009640,2021,EM.11325,6,4,10,267,235,502
TAN-009643,2021,EM.13256,3,2,5,99,94,193
TAN-009646,2021,EM.4944,4,3,7,126,153,279
TAN-009649,2021,EM.12672,4,2,6,127,157,284
TAN-009652,2021,EM.12673,5,1,6,63,60,123
TAN-009655,2021,EM.152,8,3,11,248,276,524
TAN-009658,2021,EM.10970,3,8,11,288,270,558
TAN-009661,2021,EM.11323,4,10,14,201,204,405
TAN-009664,2021,EM.568,3,14,17,492,520,1012
TAN-009667,2021,EM.4947,4,2,6,149,161,310
TAN-009670,2021,EM.1065,5,3,8,292,315,607
TAN-009673,2021,EM.4949,5,0,5,77,90,167
TAN-009676,2021,EM.11319,3,3,6,106,107,213
TAN-009679,2021,EM.279,6,3,9,264,266,530
TAN-009682,2021,EM.10976,4,1,5,145,145,290
TAN-009685,2021,EM.500,2,4,6,173,177,350
TAN-009688,2021,EM.10799,4,1,5,28,19,47
TAN-009691,2021,EM.10163,10,2,12,289,314,603
TAN-009694,2021,EM.9162,4,3,7,166,176,342
TAN-009697,2021,EM.11320,3,2,5,94,114,208
TAN-009700,2021,EM.6148,5,3,8,91,91,182
TAN-009703,2021,EM.2667,2,5,7,227,255,482
TAN-009706,2021,EM.1615,4,2,6,209,242,451
TAN-009709,2021,EM.3526,5,1,6,143,161,304
TAN-009712,2021,EM.10971,3,2,5,139,123,262
TAN-009715,2021,EM.14042,4,3,7,89,102,191
TAN-009718,2021,EM.10800,5,1,6,38,62,100
TAN-009721,2021,EM.14044,4,6,10,211,196,407
TAN-009724,2021,EM.4945,4,9,13,418,361,779
TAN-009727,2021,EM.8097,5,5,10,288,273,561
TAN-009730,2021,EM.4198,5,4,9,218,179,397
TAN-009733,2021,EM.8848,5,14,19,278,337,615
TAN-009736,2021,EM.10979,2,6,8,178,192,370
TAN-009739,2021,EM.11329,6,1,7,218,267,485
TAN-009742,2021,EM.7778,6,3,9,162,144,306
TAN-009745,2021,EM.8098,2,5,7,100,110,210
TAN-009748,2021,EM.7133,4,5,9,153,204,357
TAN-009751,2021,EM.14047,4,3,7,160,134,294
TAN-009754,2021,EM.11913,8,3,11,201,234,435
TAN-009757,2021,EM.1277,5,4,9,193,171,364
TAN-009760,2021,EM.7130,5,2,7,277,271,548
TAN-009763,2021,EM.11902,6,0,6,356,318,674
TAN-009766,2021,EM.9082,5,1,6,231,212,443
TAN-009769,2021,EM.11908,7,1,8,200,195,395
TAN-009772,2021,EM.6150,9,3,12,354,361,715
TAN-009775,2021,EM.3095,4,5,9,269,328,597
TAN-009778,2021,EM.7777,5,6,11,299,350,649
TAN-009781,2021,EM.14051,5,3,8,138,139,277
TAN-009784,2021,EM.7770,2,11,13,240,273,513
TAN-009787,2021,EM.125,5,17,22,347,412,759
TAN-009790,2021,EM.10982,7,13,20,379,406,785
TAN-009793,2021,EM.8855,5,7,12,282,238,520
TAN-009796,2021,EM.4951,3,6,9,250,294,544
TAN-009799,2021,EM.4199,5,4,9,232,219,451
TAN-009802,2021,EM.8851,4,1,5,198,226,424
TAN-009805,2021,EM.14046,4,2,6,142,136,278
TAN-009807,2021,EM.8099,6,3,9,205,163,368
TAN-009810,2021,EM.14050,5,2,7,128,107,235
TAN-009813,2021,EM.11917,5,1,6,211,222,433
TAN-009816,2021,EM.4952,8,8,16,386,349,735
TAN-009819,2021,EM.10801,5,7,12,377,334,711
TAN-009822,2021,EM.8853,7,6,13,269,267,536
TAN-009825,2021,EM.13674,6,3,9,170,192,362
TAN-009828,2021,EM.4950,9,4,13,287,301,588
TAN-009831,2021,EM.13257,6,3,9,187,192,379
TAN-009834,2021,EM.11904,6,14,20,332,351,683
TAN-009837,2021,EM.2377,7,14,21,305,303,608
TAN-009840,2021,EM.11327,12,5,17,286,264,550
TAN-009843,2021,EM.12674,10,3,13,311,218,529
TAN-009846,2021,EM.11910,6,4,10,348,354,702
TAN-009849,2021,EM.10164,8,13,21,443,447,890
TAN-009852,2021,EM.7771,4,3,7,127,103,230
TAN-009855,2021,EM.11903,8,2,10,257,232,489
TAN-009858,2021,EM.623,9,2,11,272,267,539
TAN-009861,2021,EM.7772,6,0,6,273,292,565
TAN-009864,2021,EM.11905,5,1,6,166,178,344
TAN-009867,2021,EM.8781,4,3,7,159,163,322
TAN-009870,2021,EM.7774,8,6,14,641,535,1176
TAN-009873,2021,EM.8852,5,2,7,121,154,275
TAN-009876,2021,EM.11914,7,0,7,148,162,310
TAN-009879,2021,EM.10612,6,4,10,221,252,473
TAN-009882,2021,EM.10978,6,3,9,246,250,496
TAN-009883,2021,EM.10613,8,7,15,363,409,772
TAN-009886,2021,EM.855,6,5,11,304,333,637
TAN-009889,2021,EM.7779,6,2,8,405,408,813
TAN-009890,2021,EM.11906,6,3,9,357,355,712
TAN-009893,2021,EM.2638,5,8,13,476,538,1014
TAN-009896,2021,EM.8100,4,7,11,449,481,930
TAN-009899,2021,EM.3852,5,3,8,204,225,429
TAN-009902,2021,EM.11911,5,4,9,320,327,647
TAN-009905,2021,EM.14045,5,1,6,89,119,208
TAN-009907,2021,EM.1894,5,8,13,223,231,454
TAN-009910,2021,EM.3528,11,8,19,539,554,1093
TAN-009913,2021,EM.14048,4,9,13,358,358,716
TAN-009916,2021,EM.1280,5,13,18,459,427,886
TAN-009919,2021,EM.4953,3,9,12,289,319,608
TAN-009922,2021,EM.4954,8,1,9,270,245,515
TAN-009925,2021,EM.3851,5,13,18,508,475,983
TAN-009928,2021,EM.10981,6,16,22,574,519,1093
TAN-009931,2021,EM.6151,6,2,8,188,147,335
TAN-009934,2021,EM.7132,6,3,9,86,102,188
TAN-009937,2021,EM.2781,6,9,15,154,203,357
TAN-009940,2021,EM.11909,7,9,16,293,260,553
TAN-009943,2021,EM.4955,6,4,10,160,162,322
TAN-009944,2021,EM.11332,6,4,10,174,214,388
TAN-009947,2021,EM.448,9,11,20,386,386,772
TAN-009950,2021,EM.8914,6,6,12,228,212,440
TAN-009951,2021,EM.3097,5,7,12,321,315,636
TAN-009954,2021,EM.1278,3,6,9,335,374,709
TAN-009957,2021,EM.8850,8,3,11,291,292,583
TAN-009960,2021,EM.11907,4,9,13,364,407,771
TAN-009963,2021,EM.10803,5,2,7,290,299,589
TAN-009966,2021,EM.3529,5,3,8,193,194,387
TAN-009969,2021,EM.15299,6,3,9,236,256,492
TAN-009972,2021,EM.8102,2,12,14,395,380,775
TAN-009975,2021,EM.11912,2,5,7,233,197,430
TAN-009978,2021,EM.3853,6,1,7,222,239,461
TAN-009981,2021,EM.8849,10,1,11,434,369,803
TAN-009984,2021,EM.7137,7,3,10,253,246,499
TAN-009987,2021,EM.14049,6,6,12,293,293,586
TAN-009990,2021,EM.7138,6,14,20,389,442,831
TAN-009993,2021,EM.3096,10,5,15,366,380,746
TAN-009996,2021,EM.3854,11,1,12,361,316,677
TAN-009999,2021,EM.7131,8,4,12,332,253,585
TAN-010002,2021,EM.1282,9,11,20,598,649,1247
TAN-010005,2021,EM.11915,5,3,8,204,270,474
TAN-010008,2021,EM.9370,6,3,9,412,382,794
TAN-010011,2021,EM.10804,5,4,9,234,274,508
TAN-010014,2021,EM.758,6,1,7,290,309,599
TAN-010017,2021,EM.11918,2,15,17,353,358,711
TAN-010020,2021,EM.3855,3,17,20,430,466,896
TAN-010023,2021,EM.1617,2,16,18,315,352,667
TAN-010026,2021,EM.10983,9,6,15,180,163,343
TAN-010029,2021,EM.2378,6,18,24,420,449,869
TAN-010032,2021,EM.13258,7,5,12,127,95,222
TAN-010035,2021,EM.11334,4,13,17,330,334,664
TAN-010038,2021,EM.3099,3,14,17,346,360,706
TAN-010041,2021,EM.11919,3,21,24,551,543,1094
TAN-010044,2021,EM.1618,5,11,16,345,370,715
TAN-010047,2021,EM.12675,2,18,20,439,444,883
TAN-010048,2021,EM.1491,5,10,15,457,467,924
TAN-010051,2021,EM.8104,7,0,7,130,131,261
TAN-010054,2021,EM.10984,9,5,14,172,121,293
TAN-010057,2021,EM.3856,9,10,19,437,400,837
TAN-010060,2021,EM.2914,8,5,13,291,289,580
TAN-010063,2021,EM.7139,4,5,9,165,218,383
TAN-010066,2021,EM.8226,4,17,21,565,540,1105
TAN-010069,2021,EM.8103,7,1,8,205,168,373
TAN-010072,2021,EM.8856,6,6,12,259,278,537
TAN-010075,2021,EM.3098,5,2,7,184,202,386
TAN-010078,2021,EM.8105,9,10,19,364,366,730
TAN-010081,2021,EM.11921,2,10,12,299,265,564
TAN-010084,2021,EM.8783,4,1,5,72,91,163
TAN-010087,2021,EM.8857,4,5,9,161,167,328
TAN-010090,2021,EM.11920,9,6,15,295,328,623
TAN-010093,2021,EM.4200,1,8,9,188,200,388
TAN-010096,2021,EM.11333,4,1,5,174,184,358
TAN-010099,2021,EM.312,3,13,16,352,376,728
TAN-010102,2021,EM.7780,5,3,8,203,192,395
TAN-010105,2021,EM.12676,6,1,7,264,261,525
TAN-010107,2021,EM.12679,2,4,6,243,258,501
TAN-010110,2021,EM.12680,4,2,6,247,278,525
TAN-010113,2021,EM.9686,6,2,8,261,277,538
TAN-010116,2021,EM.12681,5,1,6,208,221,429
TAN-010118,2021,EM.10461,5,1,6,286,294,580
TAN-010121,2021,EM.11929,4,2,6,187,176,363
TAN-010124,2021,EM.13680,5,2,7,277,319,596
TAN-010127,2021,EM.9656,9,0,9,338,350,688
TAN-010130,2021,EM.13676,8,1,9,415,404,819
TAN-010133,2021,EM.11335,5,2,7,310,306,616
TAN-010136,2021,EM.11338,7,2,9,383,385,768
TAN-010139,2021,EM.11922,2,16,18,400,413,813
TAN-010142,2021,EM.9660,3,15,18,451,440,891
TAN-010145,2021,EM.9661,7,7,14,328,358,686
TAN-010148,2021,EM.11926,6,4,10,204,210,414
TAN-010151,2021,EM.10166,3,13,16,276,263,539
TAN-010154,2021,EM.9664,8,3,11,421,415,836
TAN-010157,2021,EM.10465,7,4,11,303,331,634
TAN-010160,2021,EM.2640,5,7,12,352,347,699
TAN-010163,2021,EM.11339,3,4,7,159,133,292
TAN-010166,2021,EM.12677,6,2,8,331,359,690
TAN-010169,2021,EM.9666,4,2,6,269,262,531
TAN-010172,2021,EM.9670,4,2,6,352,354,706
TAN-010175,2021,EM.9691,4,3,7,232,268,500
TAN-010178,2021,EM.9669,5,2,7,204,189,393
TAN-010181,2021,EM.11927,7,1,8,190,198,388
TAN-010184,2021,EM.9252,2,6,8,396,507,903
TAN-010187,2021,EM.10617,6,2,8,488,537,1025
TAN-010190,2021,EM.10467,10,1,11,563,588,1151
TAN-010193,2021,EM.9652,4,5,9,355,389,744
TAN-010196,2021,EM.13677,3,6,9,229,260,489
TAN-010199,2021,EM.9672,3,7,10,290,298,588
TAN-010202,2021,EM.13686,5,1,6,122,126,248
TAN-010205,2021,EM.8642,7,3,10,265,253,518
TAN-010208,2021,EM.9673,4,6,10,347,305,652
TAN-010211,2021,EM.13682,3,1,4,195,193,388
TAN-010214,2021,EM.10165,4,3,7,205,224,429
TAN-010217,2021,EM.11340,5,1,6,185,200,385
TAN-010220,2021,EM.9677,12,18,30,446,379,825
TAN-010223,2021,EM.14054,3,13,16,389,374,763
TAN-010226,2021,EM.9655,5,2,7,315,310,625
TAN-010229,2021,EM.10462,7,1,8,311,316,627
TAN-010232,2021,EM.9678,4,2,6,284,315,599
TAN-010235,2021,EM.10805,6,3,9,464,473,937
TAN-010238,2021,EM.11925,4,0,4,151,137,288
TAN-010241,2021,EM.10616,4,2,6,292,319,611
TAN-010244,2021,EM.9687,3,2,5,279,286,565
TAN-010247,2021,EM.9679,4,2,6,179,195,374
TAN-010250,2021,EM.14056,3,4,7,191,216,407
TAN-010253,2021,EM.9667,5,3,8,239,240,479
TAN-010256,2021,EM.9681,7,3,10,349,372,721
TAN-010259,2021,EM.1493,7,3,10,221,217,438
TAN-010262,2021,EM.11337,4,1,5,160,187,347
TAN-010265,2021,EM.9665,7,2,9,146,173,319
TAN-010268,2021,EM.13260,6,1,7,141,159,300
TAN-010271,2021,EM.9680,1,6,7,115,108,223
TAN-010274,2021,EM.11931,6,2,8,265,245,510
TAN-010277,2021,EM.9662,4,7,11,227,204,431
TAN-010280,2021,EM.10463,5,2,7,249,278,527
TAN-010283,2021,EM.10466,9,14,23,502,533,1035
TAN-010286,2021,EM.9684,1,10,11,224,261,485
TAN-010289,2021,EM.9688,3,9,12,316,307,623
TAN-010292,2021,EM.10615,7,1,8,320,321,641
TAN-010295,2021,EM.9682,5,2,7,298,300,598
TAN-010298,2021,EM.3531,5,14,19,453,529,982
TAN-010301,2021,EM.9083,6,4,10,288,308,596
TAN-010304,2021,EM.10618,8,1,9,142,167,309
TAN-010307,2021,EM.12688,4,3,7,141,181,322
TAN-010310,2021,EM.7786,5,1,6,251,250,501
TAN-010313,2021,EM.11344,6,5,11,681,745,1426
TAN-010316,2021,EM.4956,3,4,7,221,282,503
TAN-010319,2021,EM.12686,3,1,4,167,157,324
TAN-010322,2021,EM.1956,3,6,9,306,312,618
TAN-010325,2021,EM.10321,3,2,5,209,194,403
TAN-010328,2021,EM.12689,5,1,6,154,147,301
TAN-010331,2021,EM.10619,5,2,7,254,266,520
TAN-010334,2021,EM.4957,6,11,17,426,396,822
TAN-010337,2021,EM.14058,4,6,10,334,371,705
TAN-010340,2021,EM.11935,7,0,7,180,167,347
TAN-010343,2021,EM.7784,7,3,10,299,309,608
TAN-010346,2021,EM.12692,6,4,10,269,229,498
TAN-010349,2021,EM.14057,2,13,15,306,289,595
TAN-010352,2021,EM.686,6,11,17,355,288,643
TAN-010355,2021,EM.11938,2,17,19,385,363,748
TAN-010358,2021,EM.569,9,5,14,720,604,1324
TAN-010361,2021,EM.11932,5,5,10,322,205,527
TAN-010364,2021,EM.3100,6,2,8,197,187,384
TAN-010367,2021,EM.9253,5,4,9,278,223,501
TAN-010370,2021,EM.16226,4,2,6,118,80,198
TAN-010373,2021,EM.6155,5,1,6,185,82,267
TAN-010376,2021,EM.16229,8,2,10,521,454,975
TAN-010379,2021,EM.11933,5,1,6,138,99,237
TAN-010382,2021,EM.12687,6,2,8,119,104,223
TAN-010385,2021,EM.7783,4,6,10,438,251,689
TAN-010388,2021,EM.11345,4,5,9,481,531,1012
TAN-010391,2021,EM.9085,5,4,9,360,450,810
TAN-010394,2021,EM.11353,4,2,6,124,119,243
TAN-010397,2021,EM.8709,5,1,6,297,178,475
TAN-010400,2021,EM.11347,6,9,15,495,288,783
TAN-010403,2021,EM.11342,9,9,18,859,815,1674
TAN-010406,2021,EM.7140,4,15,19,718,698,1416
TAN-010409,2021,EM.12693,6,0,6,39,59,98
TAN-010412,2021,EM.11346,4,2,6,189,200,389
TAN-010415,2021,EM.12685,5,1,6,198,132,330
TAN-010418,2021,EM.6154,5,1,6,396,247,643
TAN-010421,2021,EM.11354,5,2,7,254,386,640
TAN-010424,2021,EM.11355,7,0,7,208,209,417
TAN-010427,2021,EM.4958,10,4,14,481,254,735
TAN-010430,2021,EM.11936,5,3,8,235,169,404
TAN-010433,2021,EM.10469,6,4,10,382,421,803
TAN-010436,2021,EM.11934,7,1,8,355,387,742
TAN-010439,2021,EM.12684,5,0,5,123,110,233
TAN-010442,2021,EM.6153,4,3,7,353,393,746
TAN-010445,2021,EM.12683,5,1,6,178,84,262
TAN-010448,2021,EM.9084,5,2,7,158,176,334
TAN-010451,2021,EM.15084,3,6,9,190,125,315
TAN-010454,2021,EM.11348,7,6,13,732,734,1466
TAN-010457,2021,EM.10468,5,11,16,874,717,1591
TAN-010460,2021,EM.11937,7,2,9,667,510,1177
TAN-010463,2021,EM.11940,7,2,9,215,239,454
TAN-010466,2021,EM.11357,6,7,13,509,435,944
TAN-010469,2021,EM.10167,9,6,15,698,728,1426
TAN-010472,2021,EM.11341,5,3,8,263,99,362
TAN-010475,2021,EM.14060,7,0,7,178,115,293
TAN-010478,2021,EM.11349,5,0,5,142,104,246
TAN-010481,2021,EM.11350,6,2,8,131,88,219
TAN-010484,2021,EM.11351,6,2,8,153,151,304
TAN-010487,2021,EM.7785,3,3,6,233,264,497
TAN-010490,2021,EM.11941,7,1,8,126,152,278
TAN-010493,2021,EM.2783,9,9,18,627,780,1407
TAN-010496,2021,EM.3309,5,4,9,261,252,513
TAN-010499,2021,EM.10809,5,6,11,300,347,647
TAN-010502,2021,EM.7791,9,4,13,325,335,660
TAN-010505,2021,EM.4201,6,4,10,317,328,645
TAN-010508,2021,EM.10990,5,3,8,149,145,294
TAN-010511,2021,EM.10808,3,3,6,154,183,337
TAN-010514,2021,EM.9693,6,2,8,238,282,520
TAN-010517,2021,EM.1283,8,5,13,334,272,606
TAN-010520,2021,EM.260,5,9,14,307,314,621
TAN-010523,2021,EM.9692,7,7,14,192,220,412
TAN-010526,2021,EM.1494,7,3,10,192,180,372
TAN-010529,2021,EM.14062,3,12,15,228,235,463
TAN-010531,2021,EM.4202,4,1,5,255,284,539
TAN-010534,2021,EM.3310,8,3,11,293,292,585
TAN-010537,2021,EM.7793,8,3,11,276,322,598
TAN-010540,2021,EM.11362,5,2,7,194,185,379
TAN-010543,2021,EM.8106,4,4,8,228,282,510
TAN-010546,2021,EM.11358,5,5,10,186,183,369
TAN-010549,2021,EM.11359,3,4,7,200,244,444
TAN-010552,2021,EM.10986,10,8,18,221,236,457
TAN-010555,2021,EM.10991,6,1,7,159,174,333
TAN-010558,2021,EM.7790,7,3,10,290,352,642
TAN-010561,2021,EM.1895,10,9,19,792,821,1613
TAN-010564,2021,EM.8984,8,18,26,718,769,1487
TAN-010567,2021,EM.13687,7,5,12,244,274,518
TAN-010570,2021,EM.9086,7,3,10,193,252,445
TAN-010573,2021,EM.1066,8,5,13,152,132,284
TAN-010576,2021,EM.11361,6,6,12,130,123,253
TAN-010579,2021,EM.10989,7,3,10,251,278,529
TAN-010582,2021,EM.7792,4,7,11,312,278,590
TAN-010585,2021,EM.12695,5,3,8,134,125,259
TAN-010588,2021,EM.7794,6,1,7,218,235,453
TAN-010591,2021,EM.13688,6,0,6,105,84,189
TAN-010594,2021,EM.11360,6,1,7,305,285,590
TAN-010597,2021,EM.3536,4,4,8,142,188,330
TAN-010600,2021,EM.9254,8,3,11,313,333,646
TAN-010603,2021,EM.14398,5,2,7,115,111,226
TAN-010605,2021,EM.3534,6,2,8,147,149,296
TAN-010608,2021,EM.14061,4,2,6,145,173,318
TAN-010610,2021,EM.856,8,2,10,206,218,424
TAN-010613,2021,EM.13262,1,5,6,164,139,303
TAN-010616,2021,EM.10620,2,5,7,163,192,355
TAN-010619,2021,EM.7141,3,6,9,182,186,368
TAN-010622,2021,EM.857,5,6,11,300,292,592
TAN-010625,2021,EM.1619,7,2,9,285,287,572
TAN-010628,2021,EM.10992,5,1,6,213,187,400
TAN-010631,2021,EM.10993,3,3,6,139,176,315
TAN-010634,2021,EM.3857,8,7,15,363,420,783
TAN-010637,2021,EM.10471,5,3,8,232,296,528
TAN-010640,2021,EM.13689,5,3,8,100,116,216
TAN-010643,2021,EM.7142,6,13,19,254,204,458
TAN-010646,2021,EM.13690,4,3,7,149,147,296
TAN-010649,2021,EM.10810,2,13,15,313,360,673
TAN-010652,2021,EM.9489,5,5,10,275,285,560
TAN-010655,2021,EM.858,6,13,19,411,391,802
TAN-010658,2021,EM.7796,6,2,8,230,195,425
TAN-010661,2021,EM.10622,3,12,15,209,209,418
TAN-010664,2021,EM.115,3,8,11,173,176,349
TAN-010667,2021,EM.10996,3,10,13,263,279,542
TAN-010670,2021,EM.9256,6,3,9,239,267,506
TAN-010673,2021,EM.1284,8,1,9,181,218,399
TAN-010676,2021,EM.10169,9,4,13,232,277,509
TAN-010679,2021,EM.7144,6,7,13,269,291,560
TAN-010682,2021,EM.10168,8,2,10,316,310,626
TAN-010685,2021,EM.1496,6,4,10,213,230,443
TAN-010688,2021,EM.6156,9,10,19,224,254,478
TAN-010691,2021,EM.10811,9,3,12,182,164,346
TAN-010694,2021,EM.449,8,4,12,376,391,767
TAN-010697,2021,EM.7145,4,4,8,241,263,504
TAN-010700,2021,EM.8859,6,0,6,203,214,417
TAN-010703,2021,EM.13267,5,4,9,184,154,338
TAN-010706,2021,EM.4203,5,6,11,177,199,376
TAN-010709,2021,EM.7143,4,3,7,190,181,371
TAN-010712,2021,EM.9694,10,1,11,212,238,450
TAN-010715,2021,EM.1497,6,1,7,286,277,563
TAN-010718,2021,EM.8107,8,1,9,240,232,472
TAN-010721,2021,EM.3537,9,6,15,275,279,554
TAN-010724,2021,EM.760,8,3,11,345,254,599
TAN-010727,2021,EM.10621,7,3,10,180,155,335
TAN-010730,2021,EM.7797,5,7,12,270,266,536
TAN-010733,2021,EM.10995,7,5,12,206,227,433
TAN-010736,2021,EM.35,4,7,11,216,214,430
TAN-010739,2021,EM.1896,6,4,10,275,290,565
TAN-010742,2021,EM.7146,3,8,11,241,235,476
TAN-010745,2021,EM.9499,3,6,9,333,365,698
TAN-010748,2021,EM.11950,6,1,7,149,212,361
TAN-010751,2021,EM.9698,5,6,11,436,326,762
TAN-010754,2021,EM.9496,4,4,8,405,279,684
TAN-010757,2021,EM.13695,4,3,7,344,292,636
TAN-010760,2021,EM.10812,3,3,6,382,297,679
TAN-010763,2021,EM.9519,5,4,9,346,382,728
TAN-010766,2021,EM.13694,5,4,9,254,210,464
TAN-010769,2021,EM.13270,5,4,9,264,259,523
TAN-010772,2021,EM.11947,6,0,6,218,214,432
TAN-010775,2021,EM.9493,5,2,7,337,228,565
TAN-010778,2021,EM.9510,10,1,11,608,370,978
TAN-010781,2021,EM.9500,5,0,5,140,134,274
TAN-010784,2021,EM.9511,3,4,7,295,189,484
TAN-010787,2021,EM.10997,3,6,9,95,111,206
TAN-010790,2021,EM.14404,6,7,13,136,146,282
TAN-010793,2021,EM.11367,6,10,16,426,408,834
TAN-010796,2021,EM.14405,4,9,13,512,533,1045
TAN-010799,2021,EM.14063,4,1,5,171,115,286
TAN-010800,2021,EM.9497,2,6,8,355,298,653
TAN-010803,2021,EM.9507,4,6,10,702,475,1177
TAN-010806,2021,EM.9509,3,5,8,577,609,1186
TAN-010809,2021,EM.11365,4,1,5,281,284,565
TAN-010812,2021,EM.9490,4,3,7,170,185,355
TAN-010815,2021,EM.10170,6,3,9,224,209,433
TAN-010818,2021,EM.9508,4,5,9,236,282,518
TAN-010821,2021,EM.11946,4,1,5,123,90,213
TAN-010824,2021,EM.9695,7,1,8,343,216,559
TAN-010827,2021,EM.9512,4,1,5,159,144,303
TAN-010830,2021,EM.12698,3,14,17,588,499,1087
TAN-010833,2021,EM.9492,3,3,6,191,159,350
TAN-010836,2021,EM.11949,4,2,6,192,149,341
TAN-010839,2021,EM.9697,5,4,9,243,194,437
TAN-010842,2021,EM.9518,4,10,14,498,451,949
TAN-010845,2021,EM.11364,5,1,6,293,265,558
TAN-010848,2021,EM.9503,4,3,7,351,410,761
TAN-010851,2021,EM.9520,3,7,10,448,417,865
TAN-010857,2021,EM.9701,11,4,15,498,450,948
TAN-010860,2021,EM.9705,4,5,9,267,242,509
TAN-010863,2021,EM.9714,7,1,8,231,199,430
TAN-010866,2021,EM.9735,6,0,6,302,315,617
TAN-010869,2021,EM.9703,5,2,7,186,218,404
TAN-010872,2021,EM.9704,11,3,14,334,341,675
TAN-010875,2021,EM.9722,9,4,13,467,436,903
TAN-010878,2021,EM.9738,8,3,11,443,398,841
TAN-010881,2021,EM.9740,8,0,8,268,247,515
TAN-010884,2021,EM.9745,5,1,6,160,136,296
TAN-010887,2021,EM.10625,10,1,11,201,225,426
TAN-010890,2021,EM.9708,4,3,7,273,228,501
TAN-010893,2021,EM.9719,10,4,14,459,459,918
TAN-010896,2021,EM.9728,5,3,8,304,351,655
TAN-010899,2021,EM.13697,5,4,9,322,312,634
TAN-010900,2021,EM.13277,10,1,11,180,124,304
TAN-010903,2021,EM.9754,6,1,7,374,315,689
TAN-010906,2021,EM.9699,5,1,6,222,231,453
TAN-010909,2021,EM.9702,5,3,8,527,431,958
TAN-010912,2021,EM.10171,6,1,7,222,221,443
TAN-010915,2021,EM.9709,6,2,8,393,417,810
TAN-010918,2021,EM.9730,7,0,7,316,285,601
TAN-010921,2021,EM.9739,8,1,9,263,277,540
TAN-010924,2021,EM.9710,7,0,7,370,312,682
TAN-010927,2021,EM.6159,8,2,10,325,300,625
TAN-010930,2021,EM.2380,8,1,9,333,302,635
TAN-010933,2021,EM.9711,6,4,10,368,404,772
TAN-010936,2021,EM.9716,6,0,6,307,315,622
TAN-010939,2021,EM.9749,4,2,6,294,269,563
TAN-010942,2021,EM.10624,6,1,7,342,395,737
TAN-010945,2021,EM.9087,6,1,7,295,237,532
TAN-010948,2021,EM.9727,3,3,6,294,304,598
TAN-010951,2021,EM.4205,13,6,19,639,700,1339
TAN-010954,2021,EM.9088,3,6,9,262,297,559
TAN-010957,2021,EM.13274,4,6,10,305,331,636
TAN-010960,2021,EM.14067,8,13,21,785,778,1563
TAN-010961,2021,EM.9743,4,7,11,259,250,509
TAN-010964,2021,EM.12703,5,7,12,256,240,496
TAN-010965,2021,EM.9721,5,9,14,550,600,1150
TAN-010968,2021,EM.9729,9,5,14,550,535,1085
TAN-010971,2021,EM.4962,7,2,9,371,388,759
TAN-010974,2021,EM.9726,10,1,11,289,295,584
TAN-010975,2021,EM.13275,6,1,7,252,263,515
TAN-010978,2021,EM.9731,5,2,7,250,231,481
TAN-010979,2021,EM.11953,5,0,5,212,250,462
TAN-010982,2021,EM.6158,6,5,11,479,417,896
TAN-010985,2021,EM.13278,8,1,9,399,374,773
TAN-010988,2021,EM.9724,6,5,11,347,361,708
TAN-010991,2021,EM.9733,6,4,10,404,401,805
TAN-010994,2021,EM.9747,8,2,10,343,378,721
TAN-010997,2021,EM.9750,6,0,6,225,259,484
TAN-011000,2021,EM.9753,5,1,6,338,324,662
TAN-011003,2021,EM.9757,8,3,11,390,402,792
TAN-011006,2021,EM.13273,5,1,6,324,321,645
TAN-011009,2021,EM.9734,5,4,9,170,185,355
TAN-011010,2021,EM.11954,5,2,7,165,161,326
TAN-011011,2021,EM.10998,6,2,8,304,281,585
TAN-011014,2021,EM.13272,6,0,6,288,256,544
TAN-011017,2021,EM.9706,5,2,7,242,225,467
TAN-011020,2021,EM.9712,12,3,15,496,514,1010
TAN-011023,2021,EM.9756,8,2,10,310,313,623
TAN-011026,2021,EM.11955,6,3,9,321,272,593
TAN-011029,2021,EM.14066,5,1,6,176,216,392
TAN-011030,2021,EM.9718,8,1,9,210,224,434
TAN-011033,2021,EM.4960,3,3,6,236,238,474
TAN-011036,2021,EM.9736,3,2,5,201,179,380
TAN-011039,2021,EM.9737,7,1,8,295,276,571
TAN-011042,2021,EM.9741,6,2,8,233,205,438
TAN-011045,2021,EM.9744,10,2,12,464,411,875
TAN-011048,2021,EM.9707,5,1,6,194,210,404
TAN-011051,2021,EM.6157,4,5,9,299,318,617
TAN-011054,2021,EM.9717,10,1,11,427,461,888
TAN-011057,2021,EM.4961,6,0,6,241,247,488
TAN-011060,2021,EM.12702,4,2,6,167,164,331
TAN-011063,2021,EM.9723,5,2,7,455,411,866
TAN-011066,2021,EM.13276,8,1,9,356,301,657
TAN-011069,2021,EM.9751,8,0,8,319,277,596
TAN-011072,2021,EM.13279,3,3,6,285,316,601
TAN-011075,2021,EM.13285,5,15,20,520,559,1079
TAN-011078,2021,EM.9777,2,14,16,467,462,929
TAN-011081,2021,EM.13280,9,17,26,771,843,1614
TAN-011084,2021,EM.13282,6,1,7,268,226,494
TAN-011087,2021,EM.11368,7,1,8,179,156,335
TAN-011089,2021,EM.11965,4,17,21,488,556,1044
TAN-011092,2021,EM.3859,5,13,18,513,442,955
TAN-011095,2021,EM.13281,6,0,6,204,188,392
TAN-011098,2021,EM.4967,4,4,8,212,214,426
TAN-011101,2021,EM.11960,3,3,6,239,211,450
TAN-011102,2021,EM.9763,6,2,8,292,288,580
TAN-011105,2021,EM.13284,7,1,8,262,265,527
TAN-011108,2021,EM.11963,5,0,5,278,311,589
TAN-011111,2021,EM.9771,3,3,6,151,160,311
TAN-011114,2021,EM.9775,5,1,6,235,233,468
TAN-011117,2021,EM.1285,7,1,8,283,276,559
TAN-011120,2021,EM.3539,6,6,12,283,278,561
TAN-011123,2021,EM.11957,3,5,8,251,252,503
TAN-011126,2021,EM.1623,3,2,5,139,114,253
TAN-011129,2021,EM.11962,5,1,6,141,171,312
TAN-011130,2021,EM.9767,5,3,8,228,248,476
TAN-011133,2021,EM.11964,3,3,6,234,212,446
TAN-011136,2021,EM.9774,4,1,5,232,239,471
TAN-011139,2021,EM.4970,6,2,8,351,354,705
TAN-011142,2021,EM.11966,4,2,6,328,314,642
TAN-011145,2021,EM.4965,9,2,11,419,474,893
TAN-011148,2021,EM.3858,5,5,10,359,385,744
TAN-011151,2021,EM.4966,8,2,10,444,449,893
TAN-011154,2021,EM.9764,5,2,7,113,93,206
TAN-011157,2021,EM.9769,6,1,7,214,195,409
TAN-011160,2021,EM.9770,9,3,12,395,381,776
TAN-011163,2021,EM.9772,5,3,8,308,327,635
TAN-011166,2021,EM.9780,6,1,7,201,189,390
TAN-011169,2021,EM.14068,5,8,13,350,382,732
TAN-011170,2021,EM.12705,4,21,25,711,761,1472
TAN-011173,2021,EM.13283,7,4,11,47,54,101
TAN-011176,2021,EM.9765,5,3,8,468,394,862
TAN-011179,2021,EM.9768,6,11,17,531,502,1033
TAN-011182,2021,EM.9773,5,5,10,283,246,529
TAN-011185,2021,EM.12706,5,5,10,38,49,87
TAN-011188,2021,EM.9779,5,4,9,466,481,947
TAN-011191,2021,EM.9781,4,2,6,245,211,456
TAN-011194,2021,EM.9761,6,5,11,448,383,831
TAN-011197,2021,EM.9762,6,0,6,258,254,512
TAN-011200,2021,EM.9766,6,2,8,255,243,498
TAN-011203,2021,EM.9778,7,1,8,489,446,935
TAN-011206,2021,EM.9782,7,0,7,189,193,382
TAN-011209,2021,EM.2141,9,0,9,442,400,842
TAN-011210,2021,EM.346,2,4,6,320,370,690
TAN-011211,2021,EM.3311,6,4,10,284,243,527
TAN-011212,2021,EM.6161,3,2,5,252,240,492
TAN-011213,2021,EM.7147,6,3,9,251,214,465
TAN-011214,2021,EM.859,6,3,9,205,245,450
TAN-011215,2021,EM.9783,8,6,14,448,477,925
TAN-011216,2021,EM.8227,4,4,8,238,232,470
TAN-011217,2021,EM.4975,4,4,8,473,470,943
TAN-011218,2021,EM.501,3,4,7,266,241,507
TAN-011219,2021,EM.1629,6,4,10,266,274,540
TAN-011220,2021,EM.16842,4,4,8,222,239,461
TAN-011221,2021,EM.9785,6,1,7,150,171,321
TAN-011222,2021,EM.16846,5,4,9,276,265,541
TAN-011223,2021,EM.1498,4,4,8,162,175,337
TAN-011224,2021,EM.4978,5,11,16,871,876,1747
TAN-011227,2021,EM.15314,10,13,23,579,606,1185
TAN-011230,2021,EM.4979,3,9,12,134,120,254
TAN-011233,2021,EM.2644,6,8,14,397,421,818
TAN-011236,2021,EM.1632,5,5,10,226,258,484
TAN-011239,2021,EM.4981,5,11,16,233,235,468
TAN-011242,2021,EM.15635,4,7,11,148,164,312
TAN-011245,2021,EM.3542,6,12,18,419,417,836
TAN-011248,2021,EM.4980,4,8,12,367,381,748
TAN-011251,2021,EM.4982,3,8,11,290,295,585
TAN-011254,2021,EM.3543,9,3,12,485,461,946
TAN-011257,2021,EM.9258,6,1,7,235,257,492
TAN-011260,2021,EM.2561,5,2,7,290,342,632
TAN-011263,2021,EM.9090,8,0,8,420,411,831
TAN-011266,2021,EM.4214,4,3,7,504,560,1064
TAN-011269,2021,EM.6170,8,1,9,332,281,613
TAN-011272,2021,EM.7798,5,1,6,246,252,498
TAN-011275,2021,EM.4984,3,6,9,371,366,737
TAN-011278,2021,EM.4988,7,7,14,233,286,519
TAN-011281,2021,EM.2040,5,9,14,246,219,465
TAN-011284,2021,EM.2787,4,6,10,343,327,670
TAN-011287,2021,EM.2042,9,4,13,304,228,532
TAN-011290,2021,EM.1071,6,0,6,368,276,644
TAN-011293,2021,EM.6173,9,1,10,482,467,949
TAN-011296,2021,EM.3546,7,2,9,326,316,642
TAN-011299,2021,EM.6176,6,3,9,385,348,733
TAN-011302,2021,EM.861,8,4,12,484,481,965
TAN-011305,2021,EM.4987,4,3,7,497,414,911
TAN-011308,2021,EM.2476,9,2,11,378,384,762
TAN-011311,2021,EM.1633,4,4,8,323,305,628
TAN-011314,2021,EM.1957,5,2,7,358,416,774
TAN-011317,2021,EM.8108,4,2,6,221,200,421
TAN-011320,2021,EM.6163,5,2,7,233,185,418
TAN-011323,2021,EM.4218,9,4,13,510,522,1032
TAN-011326,2021,EM.6174,7,1,8,349,345,694
TAN-011329,2021,EM.3102,6,0,6,267,250,517
TAN-011332,2021,EM.1069,7,3,10,431,370,801
TAN-011335,2021,EM.9166,3,2,5,215,213,428
TAN-011338,2021,EM.14407,7,0,7,211,215,426
TAN-011341,2021,EM.8110,4,2,6,284,302,586
TAN-011344,2021,EM.14071,6,2,8,235,199,434
TAN-011347,2021,EM.14073,6,2,8,268,263,531
TAN-011350,2021,EM.4989,4,1,5,229,233,462
TAN-011353,2021,EM.14076,7,1,8,317,290,607
TAN-011356,2021,EM.3864,6,3,9,490,460,950
TAN-011359,2021,EM.1958,6,5,11,255,231,486
TAN-011362,2021,EM.3547,6,2,8,120,115,235
TAN-011365,2021,EM.2144,6,1,7,303,266,569
TAN-011368,2021,EM.13700,5,2,7,178,166,344
TAN-011371,2021,EM.4986,7,4,11,309,303,612
TAN-011374,2021,EM.1634,7,2,9,320,306,626
TAN-011377,2021,EM.6169,6,3,9,244,286,530
TAN-011380,2021,EM.571,4,4,8,464,430,894
TAN-011383,2021,EM.14072,8,2,10,466,454,920
TAN-011386,2021,EM.2475,4,7,11,319,313,632
TAN-011389,2021,EM.14074,7,0,7,249,267,516
TAN-011392,2021,EM.4216,6,3,9,324,297,621
TAN-011395,2021,EM.689,20,16,36,570,571,1141
TAN-011398,2021,EM.1073,7,14,21,398,389,787
TAN-011401,2021,EM.7148,8,2,10,406,398,804
TAN-011404,2021,EM.2039,7,5,12,445,412,857
TAN-011407,2021,EM.4985,7,2,9,377,342,719
TAN-011410,2021,EM.3866,5,1,6,343,369,712
TAN-011413,2021,EM.11374,7,4,11,129,158,287
TAN-011416,2021,EM.6164,5,3,8,236,243,479
TAN-011419,2021,EM.688,3,10,13,372,382,754
TAN-011422,2021,EM.8986,8,11,19,566,594,1160
TAN-011425,2021,EM.14078,5,10,15,609,698,1307
TAN-011428,2021,EM.1499,3,9,12,190,201,391
TAN-011431,2021,EM.4991,11,3,14,528,535,1063
TAN-011434,2021,EM.1070,7,6,13,451,454,905
TAN-011437,2021,EM.864,8,1,9,300,325,625
TAN-011440,2021,EM.4219,7,1,8,305,336,641
TAN-011443,2021,EM.4213,9,2,11,467,468,935
TAN-011446,2021,EM.13699,10,5,15,630,640,1270
TAN-011449,2021,EM.4217,5,2,7,500,447,947
TAN-011452,2021,EM.862,7,1,8,343,295,638
TAN-011455,2021,EM.3865,5,3,8,341,318,659
TAN-011458,2021,EM.866,9,4,13,644,574,1218
TAN-011461,2021,EM.7151,5,2,7,234,208,442
TAN-011464,2021,EM.2382,9,3,12,516,515,1031
TAN-011467,2021,EM.2786,6,3,9,515,494,1009
TAN-011470,2021,EM.8644,7,5,12,630,620,1250
TAN-011473,2021,EM.9091,8,5,13,715,797,1512
TAN-011476,2021,EM.687,4,4,8,395,375,770
TAN-011479,2021,EM.4992,5,2,7,233,212,445
TAN-011482,2021,EM.7150,6,1,7,268,269,537
TAN-011485,2021,EM.690,3,3,6,169,184,353
TAN-011488,2021,EM.8915,6,1,7,290,286,576
TAN-011491,2021,EM.8109,5,4,9,377,393,770
TAN-011494,2021,EM.4994,5,2,7,358,360,718
TAN-011497,2021,EM.1072,4,2,6,156,208,364
TAN-011500,2021,EM.865,5,2,7,184,187,371
TAN-011503,2021,EM.8985,5,4,9,320,311,631
TAN-011506,2021,EM.863,9,4,13,513,450,963
TAN-011509,2021,EM.11375,7,7,14,91,77,168
TAN-011512,2021,EM.2041,9,3,12,481,439,920
TAN-011515,2021,EM.6167,8,3,11,408,448,856
TAN-011518,2021,EM.6175,6,3,9,428,453,881
TAN-011521,2021,EM.6178,5,1,6,287,267,554
TAN-011524,2021,EM.6180,11,2,13,473,506,979
TAN-011527,2021,EM.4227,5,4,9,365,376,741
TAN-011530,2021,EM.10323,3,3,6,22,23,45
TAN-011533,2021,EM.1074,8,1,9,235,247,482
TAN-011536,2021,EM.6185,5,7,12,376,347,723
TAN-011539,2021,EM.6186,10,10,20,535,510,1045
TAN-011542,2021,EM.8916,6,1,7,272,344,616
TAN-011545,2021,EM.1292,5,3,8,385,374,759
TAN-011548,2021,EM.3548,7,3,10,359,325,684
TAN-011551,2021,EM.4224,4,1,5,222,224,446
TAN-011554,2021,EM.7800,5,4,9,382,383,765
TAN-011557,2021,EM.4220,8,1,9,467,475,942
TAN-011560,2021,EM.867,8,4,12,656,650,1306
TAN-011563,2021,EM.4228,7,1,8,338,330,668
TAN-011566,2021,EM.1293,5,4,9,524,505,1029
TAN-011569,2021,EM.7799,7,2,9,411,428,839
TAN-011572,2021,EM.4999,6,8,14,381,363,744
TAN-011575,2021,EM.2385,10,5,15,351,379,730
TAN-011578,2021,EM.2386,4,5,9,188,162,350
TAN-011581,2021,EM.3867,10,1,11,367,369,736
TAN-011584,2021,EM.5004,8,4,12,594,614,1208
TAN-011587,2021,EM.7154,6,1,7,315,351,666
TAN-011590,2021,EM.2562,4,4,8,423,366,789
TAN-011593,2021,EM.2916,3,4,7,485,503,988
TAN-011596,2021,EM.6181,9,3,12,465,433,898
TAN-011599,2021,EM.9168,9,2,11,497,508,1005
TAN-011602,2021,EM.4996,5,4,9,276,285,561
TAN-011605,2021,EM.3104,5,4,9,230,209,439
TAN-011608,2021,EM.3869,9,2,11,450,404,854
TAN-011611,2021,EM.13289,5,2,7,162,154,316
TAN-011614,2021,EM.6183,5,3,8,399,386,785
TAN-011617,2021,EM.7153,7,3,10,396,395,791
TAN-011620,2021,EM.11378,7,0,7,267,276,543
TAN-011623,2021,EM.14647,14,10,24,299,296,595
TAN-011626,2021,EM.5003,8,9,17,322,341,663
TAN-011629,2021,EM.13288,8,2,10,144,156,300
TAN-011631,2021,EM.11376,6,1,7,314,334,648
TAN-011634,2021,EM.8230,9,3,12,490,477,967
TAN-011637,2021,EM.7801,6,2,8,387,364,751
TAN-011640,2021,EM.7155,6,27,33,772,853,1625
TAN-011643,2021,EM.11977,7,26,33,922,931,1853
TAN-011646,2021,EM.6184,6,0,6,189,203,392
TAN-011649,2021,EM.14080,2,6,8,185,192,377
TAN-011651,2021,EM.12709,6,0,6,216,226,442
TAN-011654,2021,EM.4225,5,4,9,415,399,814
TAN-011657,2021,EM.2146,8,7,15,370,456,826
TAN-011660,2021,EM.8988,11,2,13,535,463,998
TAN-011663,2021,EM.7152,6,0,6,290,255,545
TAN-011666,2021,EM.11979,7,0,7,283,297,580
TAN-011669,2021,EM.2147,5,4,9,394,356,750
TAN-011672,2021,EM.4221,13,0,13,556,589,1145
TAN-011675,2021,EM.11976,6,0,6,262,237,499
TAN-011678,2021,EM.4223,9,3,12,535,521,1056
TAN-011681,2021,EM.10814,13,2,15,610,650,1260
TAN-011684,2021,EM.8710,6,2,8,367,364,731
TAN-011687,2021,EM.5000,6,1,7,368,337,705
TAN-011690,2021,EM.5001,7,1,8,376,360,736
TAN-011693,2021,EM.10628,5,1,6,376,387,763
TAN-011696,2021,EM.9521,6,0,6,286,260,546
TAN-011699,2021,EM.5002,8,2,10,419,431,850
TAN-011702,2021,EM.14649,4,0,4,143,168,311
TAN-011704,2021,EM.4229,2,4,6,281,309,590
TAN-011707,2021,EM.6182,5,2,7,405,401,806
TAN-011710,2021,EM.8377,6,2,8,321,354,675
TAN-011713,2021,EM.7802,6,2,8,464,465,929
TAN-011716,2021,EM.8593,8,1,9,314,375,689
TAN-011719,2021,EM.9167,4,2,6,356,395,751
TAN-011722,2021,EM.8987,12,1,13,527,563,1090
TAN-011725,2021,EM.8111,4,5,9,481,464,945
TAN-011728,2021,EM.763,10,3,13,358,366,724
TAN-011729,2021,EM.5018,9,4,13,227,214,441
TAN-011730,2021,EM.5019,12,1,13,286,285,571
TAN-011731,2021,EM.15104,8,4,12,356,407,763
TAN-011732,2021,EM.2275,9,0,9,282,308,590
TAN-011733,2021,EM.5013,8,1,9,138,166,304
TAN-011734,2021,EM.4240,10,3,13,314,340,654
TAN-011735,2021,EM.5008,9,1,10,386,381,767
TAN-011737,2021,EM.868,5,10,15,656,682,1338
TAN-011738,2021,EM.8917,6,1,7,370,402,772
TAN-011739,2021,EM.3553,5,4,9,248,241,489
TAN-011740,2021,EM.2917,7,0,7,192,225,417
TAN-011741,2021,EM.5011,6,7,13,401,373,774
TAN-011742,2021,EM.5016,5,6,11,344,359,703
TAN-011743,2021,EM.7158,6,6,12,306,314,620
TAN-011744,2021,EM.5021,5,5,10,249,256,505
TAN-011745,2021,EM.1500,6,5,11,375,380,755
TAN-011746,2021,EM.762,9,1,10,490,491,981
TAN-011749,2021,EM.2148,7,4,11,405,472,877
TAN-011752,2021,EM.15644,8,7,15,623,660,1283
TAN-011753,2021,EM.3315,6,2,8,491,431,922
TAN-011754,2021,EM.11982,8,3,11,462,451,913
TAN-011755,2021,EM.5012,5,2,7,339,333,672
TAN-011756,2021,EM.2477,5,2,7,349,332,681
TAN-011757,2021,EM.8990,8,1,9,290,328,618
TAN-011758,2021,EM.6192,4,4,8,317,300,617
TAN-011759,2021,EM.4237,9,4,13,464,570,1034
TAN-011760,2021,EM.4236,14,2,16,299,382,681
TAN-011761,2021,EM.3549,5,3,8,335,282,617
TAN-011762,2021,EM.5014,5,1,6,370,397,767
TAN-011763,2021,EM.2788,7,1,8,271,302,573
TAN-011764,2021,EM.12711,11,1,12,382,442,824
TAN-011765,2021,EM.6189,7,0,7,478,480,958
TAN-011766,2021,EM.14086,8,5,13,678,621,1299
TAN-011767,2021,EM.4233,8,1,9,354,398,752
TAN-011768,2021,EM.4239,5,4,9,343,298,641
TAN-011769,2021,EM.4234,9,2,11,321,358,679
TAN-011770,2021,EM.2274,5,2,7,338,358,696
TAN-011771,2021,EM.3552,7,2,9,375,419,794
TAN-011772,2021,EM.4244,4,5,9,263,241,504
TAN-011773,2021,EM.7170,5,3,8,107,82,189
TAN-011775,2021,EM.1640,4,2,6,145,121,266
TAN-011777,2021,EM.6212,5,1,6,117,118,235
TAN-011779,2021,EM.6201,6,2,8,143,148,291
TAN-011781,2021,EM.7160,4,4,8,196,174,370
TAN-011783,2021,EM.4245,5,4,9,261,215,476
TAN-011787,2021,EM.3574,8,8,16,576,636,1212
TAN-011791,2021,EM.252,9,10,19,751,847,1598
TAN-011795,2021,EM.2789,5,1,6,121,144,265
TAN-011797,2021,EM.7166,5,0,5,101,135,236
TAN-011798,2021,EM.3554,6,0,6,94,84,178
TAN-011800,2021,EM.7165,3,3,6,148,162,310
TAN-011802,2021,EM.8112,4,3,7,76,88,164
TAN-011804,2021,EM.6205,5,1,6,94,64,158
TAN-011806,2021,EM.5026,8,9,17,376,394,770
TAN-011808,2021,EM.502,4,3,7,146,139,285
TAN-011810,2021,EM.7171,4,1,5,78,92,170
TAN-011812,2021,EM.6200,5,2,7,69,71,140
TAN-011814,2021,EM.7162,2,6,8,93,94,187
TAN-011816,2021,EM.318,3,9,12,344,333,677
TAN-011818,2021,EM.1959,5,3,8,253,194,447
TAN-011820,2021,EM.1730,5,1,6,77,73,150
TAN-011821,2021,EM.2564,3,3,6,132,140,272
TAN-011823,2021,EM.2563,4,3,7,148,159,307
TAN-011825,2021,EM.6204,5,4,9,265,321,586
TAN-011827,2021,EM.17203,8,1,9,194,190,384
TAN-011829,2021,EM.6209,6,0,6,115,123,238
TAN-011831,2021,EM.6211,5,3,8,104,109,213
TAN-011833,2021,EM.6203,4,1,5,127,129,256
TAN-011834,2021,EM.573,7,4,11,240,247,487
TAN-011835,2021,EM.6207,4,2,6,119,152,271
TAN-011837,2021,EM.6210,4,3,7,186,174,360
TAN-011839,2021,EM.3106,2,7,9,187,200,387
TAN-011841,2021,EM.1810,6,3,9,209,145,354
TAN-011843,2021,EM.1296,6,2,8,240,262,502
TAN-011844,2021,EM.6208,5,0,5,183,146,329
TAN-011846,2021,EM.7172,5,0,5,109,92,201
TAN-011848,2021,EM.5025,2,4,6,108,103,211
TAN-011849,2021,EM.7163,4,2,6,87,112,199
TAN-011850,2021,EM.7164,4,1,5,160,145,305
TAN-011851,2021,EM.2918,5,1,6,118,135,253
TAN-011852,2021,EM.6206,3,3,6,266,202,468
TAN-011854,2021,EM.3316,4,4,8,152,162,314
TAN-011856,2021,EM.3107,4,4,8,198,180,378
TAN-011857,2021,EM.2790,2,5,7,114,118,232
TAN-011858,2021,EM.7168,4,5,9,203,189,392
TAN-011860,2021,EM.7169,4,1,5,84,95,179
TAN-011862,2021,EM.5027,5,3,8,165,146,311
TAN-011864,2021,EM.11984,6,1,7,112,121,233
TAN-011866,2021,EM.5024,5,2,7,190,181,371
TAN-011867,2021,EM.3317,6,0,6,89,79,168
TAN-011869,2021,EM.872,3,3,6,181,181,362
TAN-011871,2021,EM.1960,4,5,9,214,201,415
TAN-011873,2021,EM.2045,4,8,12,395,421,816
TAN-011876,2021,EM.13300,9,8,17,395,435,830
TAN-011879,2021,EM.9260,4,5,9,218,181,399
TAN-011882,2021,EM.11380,4,1,5,65,59,124
TAN-011885,2021,EM.7803,3,8,11,364,427,791
TAN-011888,2021,EM.9170,6,3,9,291,294,585
TAN-011891,2021,EM.9261,5,15,20,557,552,1109
TAN-011894,2021,EM.4247,4,7,11,726,667,1393
TAN-011897,2021,EM.11985,10,2,12,302,302,604
TAN-011900,2021,EM.3108,6,2,8,425,471,896
TAN-011903,2021,EM.2479,5,5,10,526,469,995
TAN-011906,2021,EM.2920,7,1,8,313,328,641
TAN-011909,2021,EM.10630,5,2,7,320,251,571
TAN-011912,2021,EM.11987,9,3,12,632,628,1260
TAN-011915,2021,EM.2389,7,5,12,508,493,1001
TAN-011918,2021,EM.13302,7,1,8,357,369,726
TAN-011921,2021,EM.5028,9,3,12,665,667,1332
TAN-011924,2021,EM.3109,4,1,5,575,551,1126
TAN-011927,2021,EM.11986,5,8,13,550,607,1157
TAN-011930,2021,EM.8919,5,4,9,385,433,818
TAN-011933,2021,EM.13704,2,4,6,150,151,301
TAN-011936,2021,EM.13303,5,4,9,419,361,780
TAN-011938,2021,EM.11379,10,2,12,718,669,1387
TAN-011941,2021,EM.2390,5,7,12,884,864,1748
TAN-011944,2021,EM.4246,4,2,6,91,93,184
TAN-011947,2021,EM.10177,9,5,14,793,754,1547
TAN-011950,2021,EM.2391,4,5,9,238,177,415
TAN-011953,2021,EM.8231,5,2,7,310,354,664
TAN-011956,2021,EM.14091,2,5,7,120,83,203
TAN-011959,2021,EM.1811,7,7,14,386,404,790
TAN-011962,2021,EM.8308,4,8,12,327,340,667
TAN-011967,2021,EM.8918,8,2,10,291,333,624
TAN-011970,2021,EM.13705,3,4,7,281,300,581
TAN-011973,2021,EM.13706,6,0,6,196,184,380
TAN-011976,2021,EM.9092,4,5,9,558,610,1168
TAN-011979,2021,EM.9522,4,3,7,444,440,884
TAN-011982,2021,EM.3873,9,5,14,806,786,1592
TAN-011985,2021,EM.8992,3,5,8,507,443,950
TAN-011988,2021,EM.2277,4,2,6,120,140,260
TAN-011991,2021,EM.3111,6,0,6,155,179,334
TAN-011992,2021,EM.2481,7,2,9,282,223,505
TAN-011993,2021,EM.6225,2,4,6,94,86,180
TAN-011994,2021,EM.7174,3,3,6,69,71,140
TAN-011995,2021,EM.5033,6,0,6,120,150,270
TAN-011996,2021,EM.3556,3,5,8,105,96,201
TAN-011997,2021,EM.1076,4,1,5,114,120,234
TAN-011998,2021,EM.3112,5,3,8,154,149,303
TAN-011999,2021,EM.5029,5,1,6,135,129,264
TAN-012000,2021,EM.4249,3,3,6,127,89,216
TAN-012001,2021,EM.5039,3,4,7,91,70,161
TAN-012002,2021,EM.1962,2,4,6,123,100,223
TAN-012003,2021,EM.5034,0,6,6,132,124,256
TAN-012006,2021,EM.6222,5,7,12,397,352,749
TAN-012007,2021,EM.280,5,3,8,198,174,372
TAN-012008,2021,EM.7183,5,2,7,194,183,377
TAN-012009,2021,EM.6221,6,1,7,178,162,340
TAN-012010,2021,EM.7182,5,1,6,101,123,224
TAN-012011,2021,EM.8115,5,0,5,212,186,398
TAN-012012,2021,EM.3875,5,4,9,209,213,422
TAN-012013,2021,EM.243,2,10,12,331,305,636
TAN-012014,2021,EM.11988,3,6,9,178,181,359
TAN-012015,2021,EM.11993,8,12,20,775,851,1626
TAN-012016,2021,EM.6214,2,3,5,141,115,256
TAN-012017,2021,EM.7175,3,3,6,123,132,255
TAN-012018,2021,EM.7178,3,3,6,173,178,351
TAN-012021,2021,EM.6216,3,8,11,172,164,336
TAN-012022,2021,EM.262,4,2,6,215,178,393
TAN-012023,2021,EM.5038,4,2,6,395,299,694
TAN-012024,2021,EM.1731,6,3,9,423,417,840
TAN-012027,2021,EM.7179,4,1,5,153,155,308
TAN-012028,2021,EM.6223,5,2,7,179,182,361
TAN-012029,2021,EM.215,9,15,24,537,545,1082
TAN-012030,2021,EM.7177,4,1,5,154,141,295
TAN-012033,2021,EM.9791,3,1,4,133,107,240
TAN-012034,2021,EM.692,3,2,5,146,164,310
TAN-012035,2021,EM.6215,7,1,8,137,146,283
TAN-012036,2021,EM.3557,6,1,7,157,134,291
TAN-012037,2021,EM.2046,9,7,16,508,454,962
TAN-012038,2021,EM.3558,7,3,10,238,217,455
TAN-012039,2021,EM.5041,9,5,14,319,330,649
TAN-012040,2021,EM.503,5,1,6,253,267,520
TAN-012041,2021,EM.8113,6,3,9,372,362,734
TAN-012044,2021,EM.1501,5,9,14,506,551,1057
TAN-012045,2021,EM.3874,5,1,6,203,180,383
TAN-012048,2021,EM.9792,6,0,6,84,80,164
TAN-012049,2021,EM.7805,4,3,7,225,266,491
TAN-012050,2021,EM.6220,2,3,5,111,112,223
TAN-012051,2021,EM.357,9,1,10,207,195,402
TAN-012058,2021,EM.5090,4,10,14,358,347,705
TAN-012065,2021,EM.3140,7,6,13,432,489,921
TAN-012072,2021,EM.8114,6,1,7,118,124,242
TAN-012073,2021,EM.6213,5,6,11,254,248,502
TAN-012074,2021,EM.5030,4,4,8,141,126,267
TAN-012075,2021,EM.9793,5,2,7,172,165,337
TAN-012076,2021,EM.3876,4,2,6,110,106,216
TAN-012077,2021,EM.7176,4,7,11,495,455,950
TAN-012078,2021,EM.6224,4,1,5,119,139,258
TAN-012079,2021,EM.3559,5,0,5,170,158,328
TAN-012080,2021,EM.7184,2,4,6,77,96,173
TAN-012081,2021,EM.691,1,5,6,107,94,201
TAN-012082,2021,EM.7807,5,2,7,211,245,456
TAN-012083,2021,EM.2047,4,2,6,87,105,192
TAN-012084,2021,EM.5042,4,1,5,108,90,198
TAN-012085,2021,EM.6219,5,1,6,78,89,167
TAN-012086,2021,EM.4251,3,4,7,214,190,404
TAN-012087,2021,EM.2791,4,3,7,216,208,424
TAN-012088,2021,EM.1299,9,13,22,600,558,1158
TAN-012091,2021,EM.10631,6,7,13,198,221,419
TAN-012094,2021,EM.6228,5,9,14,503,520,1023
TAN-012097,2021,EM.13708,8,15,23,500,513,1013
TAN-012100,2021,EM.12001,3,10,13,362,336,698
TAN-012103,2021,EM.7809,6,1,7,266,229,495
TAN-012106,2021,EM.11998,5,2,7,275,339,614
TAN-012109,2021,EM.14093,4,3,7,285,268,553
TAN-012112,2021,EM.14094,7,1,8,136,147,283
TAN-012115,2021,EM.6227,6,9,15,490,494,984
TAN-012118,2021,EM.10325,4,10,14,273,292,565
TAN-012121,2021,EM.12000,3,14,17,292,304,596
TAN-012124,2021,EM.1642,9,6,15,321,361,682
TAN-012127,2021,EM.12004,6,7,13,264,260,524
TAN-012130,2021,EM.6238,5,3,8,287,272,559
TAN-012133,2021,EM.765,3,4,7,272,292,564
TAN-012136,2021,EM.11995,7,0,7,118,158,276
TAN-012139,2021,EM.9265,5,2,7,182,182,364
TAN-012142,2021,EM.7190,7,0,7,151,120,271
TAN-012145,2021,EM.6239,3,4,7,131,154,285
TAN-012148,2021,EM.4257,5,2,7,126,118,244
TAN-012151,2021,EM.2394,4,3,7,247,241,488
TAN-012154,2021,EM.14414,4,2,6,155,148,303
TAN-012156,2021,EM.7811,3,2,5,178,177,355
TAN-012159,2021,EM.7189,3,3,6,254,290,544
TAN-012162,2021,EM.6229,3,6,9,193,196,389
TAN-012165,2021,EM.7186,9,1,10,524,524,1048
TAN-012168,2021,EM.7188,5,2,7,165,178,343
TAN-012171,2021,EM.6233,3,1,4,138,141,279
TAN-012174,2021,EM.9524,6,3,9,130,122,252
TAN-012177,2021,EM.12713,7,11,18,424,395,819
TAN-012180,2021,EM.5044,4,11,15,476,533,1009
TAN-012183,2021,EM.3560,4,18,22,398,444,842
TAN-012186,2021,EM.13305,6,1,7,110,85,195
TAN-012189,2021,EM.6232,4,1,5,74,46,120
TAN-012192,2021,EM.2278,4,6,10,168,158,326
TAN-012195,2021,EM.6230,5,2,7,355,438,793
TAN-012198,2021,EM.7812,6,1,7,360,319,679
TAN-012201,2021,EM.9794,5,2,7,140,148,288
TAN-012204,2021,EM.9525,7,0,7,223,209,432
TAN-012207,2021,EM.13707,2,5,7,212,226,438
TAN-012210,2021,EM.2649,8,3,11,425,443,868
TAN-012213,2021,EM.12714,5,6,11,380,350,730
TAN-012216,2021,EM.12715,5,4,9,151,162,313
TAN-012219,2021,EM.6236,4,2,6,209,256,465
TAN-012222,2021,EM.11997,10,6,16,598,672,1270
TAN-012225,2021,EM.2393,4,14,18,373,369,742
TAN-012228,2021,EM.17142,4,2,6,90,98,188
TAN-012231,2021,EM.12003,1,7,8,173,194,367
TAN-012234,2021,EM.11996,4,0,4,221,197,418
TAN-012237,2021,EM.3877,5,5,10,274,304,578
TAN-012240,2021,EM.2482,2,8,10,258,266,524
TAN-012243,2021,EM.6234,5,8,13,343,309,652
TAN-012246,2021,EM.4256,4,1,5,139,127,266
TAN-012249,2021,EM.13710,7,3,10,271,270,541
TAN-012252,2021,EM.2652,6,4,10,464,481,945
TAN-012255,2021,EM.3114,7,4,11,378,345,723
TAN-012258,2021,EM.4253,4,1,5,309,309,618
TAN-012261,2021,EM.9266,7,3,10,366,428,794
TAN-012264,2021,EM.2650,5,3,8,237,232,469
TAN-012267,2021,EM.4255,5,3,8,365,300,665
TAN-012270,2021,EM.11001,1,5,6,178,155,333
TAN-012273,2021,EM.13711,7,0,7,105,118,223
TAN-012276,2021,EM.7810,7,3,10,476,405,881
TAN-012279,2021,EM.7814,7,0,7,172,179,351
TAN-012282,2021,EM.3561,3,3,6,206,249,455
TAN-012285,2021,EM.6231,4,5,9,271,265,536
TAN-012288,2021,EM.7813,5,4,9,242,249,491
TAN-012291,2021,EM.1301,6,7,13,456,437,893
TAN-012294,2021,EM.9795,2,3,5,196,223,419
TAN-012297,2021,EM.873,4,18,22,584,572,1156
TAN-012300,2021,EM.10818,11,10,21,618,673,1291
TAN-012303,2021,EM.11999,7,16,23,564,589,1153
TAN-012306,2021,EM.3878,7,8,15,412,342,754
TAN-012309,2021,EM.11381,3,1,4,107,118,225
TAN-012312,2021,EM.7191,6,2,8,319,237,556
TAN-012315,2021,EM.2395,9,14,23,373,337,710
TAN-012318,2021,EM.12716,7,9,16,305,311,616
TAN-012321,2021,EM.9523,4,3,7,87,55,142
TAN-012324,2021,EM.8646,5,8,13,389,383,772
TAN-012327,2021,EM.12002,6,9,15,378,420,798
TAN-012330,2021,EM.13709,7,8,15,699,703,1402
TAN-012333,2021,EM.6237,5,11,16,584,634,1218
TAN-012336,2021,EM.138,4,8,12,429,445,874
TAN-012339,2021,EM.12005,5,13,18,492,536,1028
TAN-012342,2021,EM.6241,6,1,7,290,322,612
TAN-012345,2021,EM.154,4,1,5,195,194,389
TAN-012348,2021,EM.14416,2,3,5,211,185,396
TAN-012350,2021,EM.6264,5,1,6,211,240,451
TAN-012353,2021,EM.2396,4,4,8,220,229,449
TAN-012356,2021,EM.11389,1,4,5,99,83,182
TAN-012359,2021,EM.6242,7,2,9,434,395,829
TAN-012362,2021,EM.3115,5,1,6,219,203,422
TAN-012365,2021,EM.2792,5,5,10,305,311,616
TAN-012368,2021,EM.10178,3,7,10,70,76,146
TAN-012371,2021,EM.7192,3,17,20,273,335,608
TAN-012374,2021,EM.3563,3,4,7,149,138,287
TAN-012377,2021,EM.7197,3,14,17,255,228,483
TAN-012380,2021,EM.3562,5,2,7,375,433,808
TAN-012383,2021,EM.6243,2,2,4,255,218,473
TAN-012386,2021,EM.2483,2,2,4,133,133,266
TAN-012389,2021,EM.9175,3,3,6,151,143,294
TAN-012392,2021,EM.6258,5,2,7,206,255,461
TAN-012395,2021,EM.6259,6,0,6,133,124,257
TAN-012398,2021,EM.6261,3,1,4,317,282,599
TAN-012401,2021,EM.9797,2,4,6,109,107,216
TAN-012404,2021,EM.12717,5,8,13,267,262,529
TAN-012407,2021,EM.6245,1,13,14,228,239,467
TAN-012410,2021,EM.3116,3,8,11,222,210,432
TAN-012413,2021,EM.6248,5,6,11,140,131,271
TAN-012416,2021,EM.6263,4,6,10,107,119,226
TAN-012419,2021,EM.14852,5,9,14,443,425,868
TAN-012421,2021,EM.12006,6,1,7,234,205,439
TAN-012424,2021,EM.3117,3,3,6,335,398,733
TAN-012427,2021,EM.10632,4,2,6,178,201,379
TAN-012430,2021,EM.6255,4,3,7,237,248,485
TAN-012433,2021,EM.10635,3,1,4,202,184,386
TAN-012436,2021,EM.5053,3,1,4,261,243,504
TAN-012439,2021,EM.10478,5,2,7,291,309,600
TAN-012442,2021,EM.4259,4,1,5,349,362,711
TAN-012445,2021,EM.7817,4,0,4,283,237,520
TAN-012448,2021,EM.11384,6,0,6,193,227,420
TAN-012451,2021,EM.11002,7,9,16,320,303,623
TAN-012454,2021,EM.876,2,3,5,156,151,307
TAN-012457,2021,EM.12720,2,1,3,117,107,224
TAN-012460,2021,EM.14418,3,1,4,204,170,374
TAN-012462,2021,EM.5048,3,2,5,172,164,336
TAN-012465,2021,EM.8119,5,0,5,274,225,499
TAN-012468,2021,EM.10820,5,2,7,109,189,298
TAN-012471,2021,EM.2654,4,1,5,207,203,410
TAN-012474,2021,EM.12718,4,2,6,111,108,219
TAN-012477,2021,EM.11385,1,3,4,79,54,133
TAN-012480,2021,EM.13306,4,2,6,129,103,232
TAN-012483,2021,EM.6256,6,1,7,159,135,294
TAN-012486,2021,EM.10179,3,2,5,180,145,325
TAN-012489,2021,EM.12722,4,14,18,460,533,993
TAN-012492,2021,EM.12723,3,16,19,566,605,1171
TAN-012495,2021,EM.11387,3,17,20,769,837,1606
TAN-012498,2021,EM.14420,5,22,27,817,838,1655
TAN-012501,2021,EM.5050,6,15,21,443,494,937
TAN-012506,2021,EM.6719,2,7,9,303,349,652
TAN-012511,2021,EM.14424,14,2,16,125,97,222
TAN-012514,2021,EM.14419,2,12,14,177,193,370
TAN-012517,2021,EM.6260,3,10,13,253,289,542
TAN-012520,2021,EM.16358,4,12,16,422,509,931
TAN-012525,2021,EM.3322,8,2,10,234,221,455
TAN-012530,2021,EM.6266,5,2,7,223,216,439
TAN-012533,2021,EM.13712,4,2,6,60,54,114
TAN-012536,2021,EM.7815,4,2,6,95,83,178
TAN-012539,2021,EM.393,2,3,5,105,105,210
TAN-012542,2021,EM.8117,3,1,4,151,136,287
TAN-012545,2021,EM.3118,1,4,5,65,26,91
TAN-012548,2021,EM.1304,5,0,5,186,211,397
TAN-012551,2021,EM.5054,7,1,8,203,183,386
TAN-012554,2021,EM.6267,9,11,20,498,468,966
TAN-012557,2021,EM.12729,6,7,13,98,101,199
TAN-012560,2021,EM.244,10,19,29,892,887,1779
TAN-012563,2021,EM.12015,8,25,33,1133,1177,2310
TAN-012566,2021,EM.14426,14,6,20,293,275,568
TAN-012569,2021,EM.10636,7,16,23,546,572,1118
TAN-012572,2021,EM.7198,9,24,33,922,927,1849
TAN-012575,2021,EM.13716,10,16,26,720,714,1434
TAN-012578,2021,EM.12019,12,34,46,1454,1600,3054
TAN-012581,2021,EM.12026,8,18,26,579,588,1167
TAN-012584,2021,EM.12012,3,28,31,651,653,1304
TAN-012587,2021,EM.12016,5,20,25,443,475,918
TAN-012590,2021,EM.11392,30,19,49,406,450,856
TAN-012593,2021,EM.12011,5,9,14,240,247,487
TAN-012596,2021,EM.12013,4,8,12,213,256,469
TAN-012599,2021,EM.4263,7,10,17,342,357,699
TAN-012604,2021,EM.1542,6,2,8,352,422,774
TAN-012609,2021,EM.10181,6,23,29,655,657,1312
TAN-012612,2021,EM.766,2,21,23,463,495,958
TAN-012615,2021,EM.7202,8,5,13,340,363,703
TAN-012618,2021,EM.13715,10,3,13,138,129,267
TAN-012621,2021,EM.7818,5,28,33,959,914,1873
TAN-012624,2021,EM.13310,6,20,26,657,657,1314
TAN-012627,2021,EM.13311,6,25,31,689,657,1346
TAN-012630,2021,EM.3567,3,31,34,825,855,1680
TAN-012633,2021,EM.6270,3,19,22,414,422,836
TAN-012636,2021,EM.12009,3,19,22,641,653,1294
TAN-012639,2021,EM.767,12,28,40,1116,1120,2236
TAN-012642,2021,EM.10821,3,15,18,427,390,817
TAN-012645,2021,EM.12024,2,19,21,491,525,1016
TAN-012648,2021,EM.5059,4,18,22,579,552,1131
TAN-012651,2021,EM.7199,11,29,40,844,814,1658
TAN-012654,2021,EM.12014,7,18,25,642,663,1305
TAN-012657,2021,EM.6274,5,10,15,149,160,309
TAN-012660,2021,EM.6271,14,3,17,332,359,691
TAN-012663,2021,EM.5057,3,9,12,171,182,353
TAN-012666,2021,EM.7875,9,21,30,716,642,1358
TAN-012669,2021,EM.5061,2,12,14,357,351,708
TAN-012672,2021,EM.6272,4,10,14,248,242,490
TAN-012675,2021,EM.10183,6,24,30,773,776,1549
TAN-012678,2021,EM.12025,2,33,35,805,881,1686
TAN-012681,2021,EM.7203,7,20,27,800,724,1524
TAN-012684,2021,EM.7204,10,4,14,216,204,420
TAN-012687,2021,EM.10637,4,6,10,120,106,226
TAN-012690,2021,EM.9267,7,23,30,840,897,1737
TAN-012693,2021,EM.5058,8,22,30,736,754,1490
TAN-012696,2021,EM.14097,9,20,29,656,736,1392
TAN-012699,2021,EM.2655,5,14,19,419,420,839
TAN-012702,2021,EM.12728,2,14,16,391,417,808
TAN-012705,2021,EM.12018,3,10,13,379,385,764
TAN-012708,2021,EM.7205,2,18,20,332,372,704
TAN-012711,2021,EM.12017,7,22,29,828,937,1765
TAN-012714,2021,EM.11391,12,18,30,655,679,1334
TAN-012717,2021,EM.4264,8,26,34,797,729,1526
TAN-012720,2021,EM.12023,4,18,22,513,530,1043
TAN-012723,2021,EM.5062,5,25,30,783,816,1599
TAN-012726,2021,EM.1306,12,18,30,683,707,1390
TAN-012729,2021,EM.2048,5,13,18,393,406,799
TAN-012732,2021,EM.10822,7,11,18,262,251,513
TAN-012735,2021,EM.5056,8,16,24,531,571,1102
TAN-012738,2021,EM.7200,5,12,17,306,306,612
TAN-012741,2021,EM.7206,6,16,22,545,581,1126
TAN-012744,2021,EM.188,1,8,9,140,130,270
TAN-012747,2021,EM.5751,4,10,14,255,256,511
TAN-012750,2021,EM.5063,2,12,14,343,335,678
TAN-012752,2021,EM.1964,6,2,8,133,140,273
TAN-012755,2021,EM.6300,6,0,6,30,26,56
TAN-012757,2021,EM.6312,4,2,6,46,45,91
TAN-012759,2021,EM.6314,6,1,7,124,113,237
TAN-012761,2021,EM.6318,2,5,7,61,64,125
TAN-012763,2021,EM.1898,2,15,17,407,379,786
TAN-012765,2021,EM.1966,2,12,14,328,334,662
TAN-012767,2021,EM.626,4,2,6,126,104,230
TAN-012769,2021,EM.1077,11,12,23,411,481,892
TAN-012771,2021,EM.6301,5,2,7,118,113,231
TAN-012773,2021,EM.6303,5,1,6,102,113,215
TAN-012775,2021,EM.6305,7,1,8,168,188,356
TAN-012777,2021,EM.6283,2,5,7,69,59,128
TAN-012779,2021,EM.6290,6,1,7,85,78,163
TAN-012781,2021,EM.3568,0,9,9,111,91,202
TAN-012783,2021,EM.6297,3,5,8,73,69,142
TAN-012785,2021,EM.1080,3,4,7,88,68,156
TAN-012787,2021,EM.6279,3,6,9,178,157,335
TAN-012789,2021,EM.2485,1,10,11,209,184,393
TAN-012791,2021,EM.3122,4,2,6,100,108,208
TAN-012793,2021,EM.879,4,6,10,161,175,336
TAN-012795,2021,EM.2280,3,12,15,277,289,566
TAN-012797,2021,EM.41,3,17,20,319,325,644
TAN-012799,2021,EM.1502,4,6,10,267,256,523
TAN-012801,2021,EM.1965,5,7,12,197,205,402
TAN-012802,2021,EM.6282,5,1,6,82,77,159
TAN-012804,2021,EM.7821,2,4,6,88,106,194
TAN-012806,2021,EM.12029,7,1,8,163,179,342
TAN-012808,2021,EM.7824,7,0,7,60,68,128
TAN-012810,2021,EM.6276,4,2,6,82,83,165
TAN-012812,2021,EM.6281,3,3,6,113,122,235
TAN-012814,2021,EM.7212,6,1,7,108,145,253
TAN-012816,2021,EM.6287,3,1,4,60,49,109
TAN-012818,2021,EM.282,2,6,8,139,140,279
TAN-012820,2021,EM.6309,5,3,8,148,114,262
TAN-012822,2021,EM.2656,2,3,5,58,59,117
TAN-012824,2021,EM.6288,3,3,6,70,51,121
TAN-012826,2021,EM.4265,3,4,7,142,138,280
TAN-012828,2021,EM.508,10,12,22,559,576,1135
TAN-012830,2021,EM.5070,2,11,13,321,309,630
TAN-012832,2021,EM.12030,8,16,24,597,555,1152
TAN-012834,2021,EM.283,4,5,9,130,131,261
TAN-012836,2021,EM.5067,4,8,12,197,193,390
TAN-012838,2021,EM.2565,3,9,12,216,186,402
TAN-012840,2021,EM.6315,2,6,8,123,129,252
TAN-012842,2021,EM.6317,2,16,18,452,460,912
TAN-012844,2021,EM.7214,3,8,11,171,154,325
TAN-012846,2021,EM.7215,4,5,9,163,161,324
TAN-012848,2021,EM.3321,6,1,7,90,103,193
TAN-012850,2021,EM.6302,6,1,7,143,128,271
TAN-012852,2021,EM.6295,1,7,8,105,101,206
TAN-012854,2021,EM.6299,3,4,7,104,101,205
TAN-012856,2021,EM.6307,2,5,7,131,114,245
TAN-012858,2021,EM.7210,5,1,6,131,110,241
TAN-012860,2021,EM.1079,7,2,9,215,204,419
TAN-012862,2021,EM.3879,4,3,7,60,63,123
TAN-012864,2021,EM.5065,5,2,7,83,70,153
TAN-012866,2021,EM.7822,3,4,7,112,138,250
TAN-012868,2021,EM.5073,5,1,6,78,80,158
TAN-012870,2021,EM.2566,5,1,6,89,90,179
TAN-012872,2021,EM.575,4,3,7,69,70,139
TAN-012874,2021,EM.1644,3,4,7,46,48,94
TAN-012876,2021,EM.3119,4,3,7,96,104,200
TAN-012878,2021,EM.7220,4,3,7,54,50,104
TAN-012880,2021,EM.7221,4,3,7,115,89,204
TAN-012882,2021,EM.2487,3,3,6,53,44,97
TAN-012884,2021,EM.6280,6,0,6,109,108,217
TAN-012886,2021,EM.6296,5,1,6,80,83,163
TAN-012888,2021,EM.5071,4,2,6,36,40,76
TAN-012890,2021,EM.878,2,6,8,154,174,328
TAN-012892,2021,EM.6313,5,1,6,124,113,237
TAN-012894,2021,EM.6298,3,4,7,84,99,183
TAN-012896,2021,EM.281,9,15,24,536,575,1111
TAN-012898,2021,EM.5074,3,5,8,112,106,218
TAN-012900,2021,EM.12730,6,12,18,329,375,704
TAN-012902,2021,EM.6311,3,4,7,102,121,223
TAN-012904,2021,EM.6275,4,5,9,168,135,303
TAN-012906,2021,EM.263,4,5,9,90,98,188
TAN-012908,2021,EM.6306,1,12,13,207,180,387
TAN-012910,2021,EM.6277,8,8,16,459,500,959
TAN-012912,2021,EM.7820,3,3,6,73,103,176
TAN-012914,2021,EM.6285,4,7,11,202,195,397
TAN-012916,2021,EM.3880,5,2,7,123,98,221
TAN-012918,2021,EM.7208,3,4,7,120,122,242
TAN-012920,2021,EM.7216,5,2,7,127,107,234
TAN-012922,2021,EM.2926,6,0,6,64,51,115
TAN-012924,2021,EM.5075,6,3,9,155,161,316
TAN-012926,2021,EM.1503,6,2,8,161,182,343
TAN-012928,2021,EM.7213,7,2,9,278,287,565
TAN-012930,2021,EM.12028,5,3,8,184,204,388
TAN-012932,2021,EM.7218,8,1,9,270,254,524
TAN-012934,2021,EM.5081,3,10,13,318,290,608
TAN-012937,2021,EM.3125,6,6,12,388,366,754
TAN-012940,2021,EM.6335,3,15,18,413,452,865
TAN-012943,2021,EM.14856,5,10,15,354,336,690
TAN-012946,2021,EM.51,2,5,7,344,281,625
TAN-012949,2021,EM.9528,5,2,7,246,221,467
TAN-012952,2021,EM.15115,4,5,9,292,354,646
TAN-012955,2021,EM.5094,7,4,11,366,363,729
TAN-012958,2021,EM.7832,2,8,10,389,406,795
TAN-012961,2021,EM.695,3,7,10,244,284,528
TAN-012964,2021,EM.5088,4,15,19,565,530,1095
TAN-012967,2021,EM.5091,2,8,10,253,275,528
TAN-012970,2021,EM.7837,3,9,12,349,349,698
TAN-012973,2021,EM.6336,3,3,6,226,187,413
TAN-012976,2021,EM.12035,6,0,6,87,95,182
TAN-012978,2021,EM.17149,4,2,6,131,118,249
TAN-012981,2021,EM.629,7,3,10,248,256,504
TAN-012984,2021,EM.9177,9,3,12,429,380,809
TAN-012987,2021,EM.14854,2,6,8,302,269,571
TAN-012988,2021,EM.882,5,8,13,317,266,583
TAN-012991,2021,EM.883,2,7,9,274,252,526
TAN-012994,2021,EM.7227,7,5,12,300,303,603
TAN-012997,2021,EM.10327,2,5,7,179,147,326
TAN-013000,2021,EM.5084,6,10,16,510,457,967
TAN-013003,2021,EM.3881,7,0,7,284,304,588
TAN-013006,2021,EM.11394,3,3,6,96,98,194
TAN-013009,2021,EM.885,5,4,9,235,264,499
TAN-013014,2021,EM.2711,14,6,20,418,428,846
TAN-013019,2021,EM.7838,2,4,6,161,148,309
TAN-013022,2021,EM.15109,3,7,10,336,310,646
TAN-013025,2021,EM.12738,4,9,13,394,373,767
TAN-013028,2021,EM.12740,5,12,17,505,481,986
TAN-013031,2021,EM.7835,5,9,14,550,486,1036
TAN-013034,2021,EM.11007,9,1,10,300,269,569
TAN-013037,2021,EM.12742,4,3,7,186,162,348
TAN-013040,2021,EM.14858,8,11,19,530,541,1071
TAN-013043,2021,EM.12736,3,8,11,356,370,726
TAN-013046,2021,EM.9269,5,2,7,88,92,180
TAN-013049,2021,EM.4274,5,5,10,349,328,677
TAN-013052,2021,EM.14437,3,3,6,150,138,288
TAN-013055,2021,EM.888,6,1,7,322,344,666
TAN-013058,2021,EM.3323,2,6,8,399,370,769
TAN-013061,2021,EM.7839,5,1,6,180,195,375
TAN-013064,2021,EM.4280,6,0,6,91,122,213
TAN-013067,2021,EM.6352,4,5,9,150,161,311
TAN-013070,2021,EM.8712,2,9,11,140,136,276
TAN-013073,2021,EM.4276,7,20,27,1236,1164,2400
TAN-013076,2021,EM.12040,4,28,32,1271,1338,2609
TAN-013079,2021,EM.7842,4,2,6,184,211,395
TAN-013082,2021,EM.14104,6,23,29,1061,1148,2209
TAN-013085,2021,EM.7239,7,11,18,464,514,978
TAN-013088,2021,EM.12045,5,1,6,138,156,294
TAN-013091,2021,EM.2795,5,1,6,270,253,523
TAN-013094,2021,EM.889,6,0,6,161,174,335
TAN-013097,2021,EM.6355,3,3,6,157,146,303
TAN-013100,2021,EM.1645,2,7,9,159,161,320
TAN-013103,2021,EM.1646,5,3,8,178,152,330
TAN-013106,2021,EM.5111,3,8,11,423,429,852
TAN-013109,2021,EM.8311,6,0,6,75,99,174
TAN-013112,2021,EM.3324,4,2,6,327,284,611
TAN-013115,2021,EM.2397,6,3,9,443,445,888
TAN-013118,2021,EM.3885,5,0,5,212,174,386
TAN-013121,2021,EM.1813,4,11,15,384,390,774
TAN-013124,2021,EM.4283,5,9,14,521,544,1065
TAN-013127,2021,EM.886,10,11,21,658,687,1345
TAN-013130,2021,EM.12044,4,2,6,315,306,621
TAN-013133,2021,EM.887,4,3,7,481,519,1000
TAN-013145,2021,EM.11522,3,3,6,336,371,707
TAN-013157,2021,EM.6347,2,2,4,183,230,413
TAN-013160,2021,EM.6354,0,7,7,325,343,668
TAN-013163,2021,EM.12049,3,2,5,251,285,536
TAN-013166,2021,EM.12043,4,1,5,106,119,225
TAN-013167,2021,EM.1310,3,5,8,318,348,666
TAN-013170,2021,EM.4018,2,15,17,248,315,563
TAN-013173,2021,EM.10330,2,1,3,252,347,599
TAN-013176,2021,EM.7234,2,8,10,252,207,459
TAN-013179,2021,EM.6349,5,2,7,224,325,549
TAN-013182,2021,EM.9181,5,0,5,160,159,319
TAN-013185,2021,EM.7841,4,2,6,161,183,344
TAN-013188,2021,EM.3128,9,3,12,545,522,1067
TAN-013191,2021,EM.6343,6,0,6,237,214,451
TAN-013194,2021,EM.14103,5,0,5,95,95,190
TAN-013197,2021,EM.10187,3,3,6,240,265,505
TAN-013200,2021,EM.7843,5,3,8,270,348,618
TAN-013203,2021,EM.698,3,3,6,125,149,274
TAN-013206,2021,EM.7237,4,1,5,217,292,509
TAN-013209,2021,EM.8921,6,1,7,129,154,283
TAN-013212,2021,EM.14102,5,5,10,287,266,553
TAN-013215,2021,EM.6345,2,4,6,153,105,258
TAN-013218,2021,EM.630,4,2,6,301,259,560
TAN-013221,2021,EM.7236,4,2,6,131,137,268
TAN-013224,2021,EM.1647,5,6,11,466,485,951
TAN-013227,2021,EM.5106,3,7,10,386,343,729
TAN-013230,2021,EM.14105,5,5,10,467,489,956
TAN-013233,2021,EM.1967,4,9,13,506,449,955
TAN-013236,2021,EM.5104,4,8,12,416,465,881
TAN-013242,2021,EM.8127,4,9,13,316,268,584
TAN-013248,2021,EM.7844,4,3,7,270,279,549
TAN-013251,2021,EM.16866,5,1,6,144,137,281
TAN-013254,2021,EM.11008,1,4,5,242,251,493
TAN-013257,2021,EM.3883,5,1,6,105,103,208
TAN-013260,2021,EM.1648,6,6,12,502,537,1039
TAN-013263,2021,EM.13314,3,3,6,284,306,590
TAN-013266,2021,EM.12041,5,1,6,140,136,276
TAN-013269,2021,EM.5105,5,3,8,504,526,1030
TAN-013272,2021,EM.12050,5,1,6,113,103,216
TAN-013273,2021,EM.6341,3,2,5,183,145,328
TAN-013276,2021,EM.12042,8,0,8,361,341,702
TAN-013279,2021,EM.6350,4,2,6,140,134,274
TAN-013282,2021,EM.117,5,1,6,279,363,642
TAN-013285,2021,EM.699,9,4,13,419,459,878
TAN-013288,2021,EM.890,4,1,5,229,291,520
TAN-013291,2021,EM.7231,5,1,6,186,179,365
TAN-013294,2021,EM.6342,5,1,6,184,187,371
TAN-013297,2021,EM.12039,3,3,6,175,177,352
TAN-013300,2021,EM.5096,3,3,6,83,99,182
TAN-013303,2021,EM.3573,1,3,4,191,170,361
TAN-013306,2021,EM.3886,2,4,6,226,229,455
TAN-013309,2021,EM.8121,3,3,6,274,238,512
TAN-013312,2021,EM.9379,1,5,6,206,222,428
TAN-013315,2021,EM.2398,3,11,14,570,551,1121
TAN-013318,2021,EM.696,6,14,20,509,445,954
TAN-013321,2021,EM.4278,2,15,17,337,357,694
TAN-013324,2021,EM.12047,1,17,18,346,352,698
TAN-013327,2021,EM.7845,1,6,7,191,161,352
TAN-013330,2021,EM.9380,4,2,6,314,277,591
TAN-013333,2021,EM.631,11,6,17,831,877,1708
TAN-013336,2021,EM.14106,8,5,13,941,1045,1986
TAN-013339,2021,EM.11395,8,11,19,203,172,375
TAN-013342,2021,EM.9271,3,15,18,615,594,1209
TAN-013345,2021,EM.3325,6,17,23,613,659,1272
TAN-013348,2021,EM.397,2,8,10,411,367,778
TAN-013351,2021,EM.8312,6,14,20,316,335,651
TAN-013352,2021,EM.16867,4,17,21,384,431,815
TAN-013355,2021,EM.8861,4,13,17,495,492,987
TAN-013358,2021,EM.5097,6,6,12,413,447,860
TAN-013361,2021,EM.6356,2,6,8,310,316,626
TAN-013364,2021,EM.299,3,12,15,797,732,1529
TAN-013367,2021,EM.2931,4,2,6,266,282,548
TAN-013370,2021,EM.7235,7,0,7,221,201,422
TAN-013373,2021,EM.6348,4,2,6,408,416,824
TAN-013376,2021,EM.2283,8,3,11,464,455,919
TAN-013379,2021,EM.4282,7,2,9,378,465,843
TAN-013382,2021,EM.632,6,6,12,347,314,661
TAN-013385,2021,EM.1812,9,0,9,339,360,699
TAN-013388,2021,EM.10186,4,1,5,150,151,301
TAN-013391,2021,EM.284,3,3,6,354,368,722
TAN-013394,2021,EM.7232,3,3,6,141,156,297
TAN-013397,2021,EM.5103,4,2,6,341,362,703
TAN-013400,2021,EM.4281,1,5,6,261,256,517
TAN-013403,2021,EM.1814,4,4,8,429,433,862
TAN-013406,2021,EM.1815,10,2,12,493,477,970
TAN-013409,2021,EM.6361,10,1,11,270,263,533
TAN-013412,2021,EM.8862,6,0,6,207,217,424
TAN-013415,2021,EM.1968,7,4,11,271,249,520
TAN-013418,2021,EM.6358,8,3,11,419,410,829
TAN-013421,2021,EM.5114,6,7,13,294,257,551
TAN-013424,2021,EM.11398,8,2,10,460,451,911
TAN-013427,2021,EM.6360,10,4,14,461,404,865
TAN-013430,2021,EM.1816,12,5,17,334,285,619
TAN-013433,2021,EM.5116,6,3,9,372,355,727
TAN-013436,2021,EM.633,7,3,10,353,334,687
TAN-013439,2021,EM.361,4,9,13,202,227,429
TAN-013442,2021,EM.3575,5,5,10,394,438,832
TAN-013445,2021,EM.3887,6,4,10,342,308,650
TAN-013448,2021,EM.451,9,6,15,460,478,938
TAN-013451,2021,EM.398,8,4,12,511,536,1047
TAN-013454,2021,EM.8922,8,4,12,340,333,673
TAN-013457,2021,EM.5115,5,2,7,104,83,187
TAN-013460,2021,EM.2932,11,2,13,346,283,629
TAN-013463,2021,EM.2933,8,4,12,324,379,703
TAN-013466,2021,EM.7242,6,3,9,324,312,636
TAN-013469,2021,EM.6362,10,6,16,832,828,1660
TAN-013472,2021,EM.5112,6,3,9,306,288,594
TAN-013475,2021,EM.5113,11,3,14,811,835,1646
TAN-013478,2021,EM.360,4,7,11,403,474,877
TAN-013481,2021,EM.362,7,6,13,239,263,502
TAN-013484,2021,EM.8120,4,2,6,247,280,527
TAN-013487,2021,EM.10644,3,3,6,174,188,362
TAN-013490,2021,EM.13724,4,2,6,110,109,219
TAN-013493,2021,EM.768,6,4,10,357,401,758
TAN-013496,2021,EM.12741,3,2,5,218,206,424
TAN-013499,2021,EM.1900,4,4,8,497,530,1027
TAN-013502,2021,EM.15112,4,5,9,375,390,765
TAN-013505,2021,EM.10642,5,4,9,311,300,611
TAN-013508,2021,EM.10643,3,3,6,134,133,267
TAN-013511,2021,EM.5087,7,4,11,416,395,811
TAN-013514,2021,EM.13723,8,0,8,135,149,284
TAN-013517,2021,EM.9268,7,1,8,308,368,676
TAN-013520,2021,EM.15113,4,2,6,175,161,336
TAN-013523,2021,EM.13727,6,1,7,136,131,267
TAN-013526,2021,EM.6337,4,2,6,82,69,151
TAN-013529,2021,EM.1732,6,0,6,192,220,412
TAN-013532,2021,EM.1733,5,2,7,277,296,573
TAN-013535,2021,EM.8310,4,4,8,297,302,599
TAN-013538,2021,EM.11006,1,6,7,235,221,456
TAN-013541,2021,EM.4271,3,5,8,468,355,823
TAN-013544,2021,EM.15119,5,4,9,372,345,717
TAN-013547,2021,EM.12747,7,3,10,308,311,619
TAN-013550,2021,EM.15110,4,5,9,295,305,600
TAN-013553,2021,EM.189,4,4,8,332,330,662
TAN-013556,2021,EM.12743,4,2,6,185,168,353
TAN-013559,2021,EM.13725,4,3,7,241,213,454
TAN-013562,2021,EM.12038,5,4,9,267,279,546
TAN-013565,2021,EM.9180,3,3,6,284,251,535
TAN-013568,2021,EM.15117,2,5,7,187,189,376
TAN-013571,2021,EM.14433,4,1,5,117,158,275
TAN-013574,2021,EM.12737,6,7,13,519,567,1086
TAN-013577,2021,EM.7834,3,7,10,332,308,640
TAN-013580,2021,EM.4272,4,10,14,818,801,1619
TAN-013583,2021,EM.15114,4,5,9,348,429,777
TAN-013586,2021,EM.9179,4,2,6,76,77,153
TAN-013589,2021,EM.10328,4,3,7,302,314,616
TAN-013592,2021,EM.5085,6,0,6,161,166,327
TAN-013595,2021,EM.12735,5,2,7,249,242,491
TAN-013598,2021,EM.17148,6,3,9,506,511,1017
TAN-013601,2021,EM.13720,6,1,7,240,268,508
TAN-013604,2021,EM.884,5,3,8,226,206,432
TAN-013607,2021,EM.5089,6,4,10,313,370,683
TAN-013610,2021,EM.13719,3,2,5,101,82,183
TAN-013613,2021,EM.12036,7,1,8,227,232,459
TAN-013616,2021,EM.3127,4,4,8,229,191,420
TAN-013619,2021,EM.5093,6,1,7,253,199,452
TAN-013622,2021,EM.6338,5,1,6,148,162,310
TAN-013625,2021,EM.6340,4,2,6,67,63,130
TAN-013628,2021,EM.14434,5,0,5,366,391,757
TAN-013630,2021,EM.246,8,2,10,388,359,747
TAN-013633,2021,EM.2929,6,1,7,352,381,733
TAN-013636,2021,EM.200,5,1,6,145,172,317
TAN-013639,2021,EM.9803,4,2,6,98,98,196
TAN-013642,2021,EM.10331,6,2,8,219,235,454
TAN-013650,2021,EM.931,7,18,25,1259,1283,2542
TAN-013658,2021,EM.134,3,2,5,171,166,337
TAN-013666,2021,EM.9835,4,2,6,101,153,254
TAN-013669,2021,EM.9806,5,4,9,422,460,882
TAN-013672,2021,EM.4284,4,4,8,273,250,523
TAN-013675,2021,EM.15,5,6,11,608,598,1206
TAN-013678,2021,EM.13318,3,8,11,722,695,1417
TAN-013681,2021,EM.1311,4,2,6,285,260,545
TAN-013684,2021,EM.9837,3,2,5,104,114,218
TAN-013687,2021,EM.9861,2,3,5,333,292,625
TAN-013690,2021,EM.12052,2,5,7,123,105,228
TAN-013693,2021,EM.9811,2,7,9,218,217,435
TAN-013699,2021,EM.2818,3,3,6,180,164,344
TAN-013705,2021,EM.9823,3,3,6,129,127,256
TAN-013708,2021,EM.9857,4,5,9,217,232,449
TAN-013711,2021,EM.13317,3,2,5,176,159,335
TAN-013714,2021,EM.9829,3,2,5,168,166,334
TAN-013717,2021,EM.9832,4,1,5,73,56,129
TAN-013720,2021,EM.9842,2,3,5,92,71,163
TAN-013723,2021,EM.9886,4,1,5,157,119,276
TAN-013726,2021,EM.9816,5,1,6,126,111,237
TAN-013729,2021,EM.9818,3,2,5,239,236,475
TAN-013732,2021,EM.9844,5,0,5,166,185,351
TAN-013735,2021,EM.9856,6,1,7,343,351,694
TAN-013738,2021,EM.9876,3,3,6,188,162,350
TAN-013741,2021,EM.9808,3,1,4,85,113,198
TAN-013744,2021,EM.9817,5,1,6,147,180,327
TAN-013747,2021,EM.9840,5,1,6,170,157,327
TAN-013750,2021,EM.9847,6,1,7,167,172,339
TAN-013753,2021,EM.9878,4,1,5,230,213,443
TAN-013756,2021,EM.10332,2,3,5,66,52,118
TAN-013759,2021,EM.9819,6,1,7,262,234,496
TAN-013762,2021,EM.9828,0,5,5,131,112,243
TAN-013765,2021,EM.10189,4,0,4,57,55,112
TAN-013767,2021,EM.9854,3,2,5,103,70,173
TAN-013770,2021,EM.10194,1,5,6,15,22,37
TAN-013773,2021,EM.9880,3,3,6,116,170,286
TAN-013776,2021,EM.9890,2,3,5,92,103,195
TAN-013779,2021,EM.9801,4,2,6,174,161,335
TAN-013782,2021,EM.9529,4,2,6,283,261,544
TAN-013785,2021,EM.9813,2,7,9,239,243,482
TAN-013788,2021,EM.1312,3,12,15,526,533,1059
TAN-013791,2021,EM.7848,2,4,6,118,120,238
TAN-013794,2021,EM.9804,6,5,11,208,191,399
TAN-013797,2021,EM.14859,2,11,13,313,320,633
TAN-013799,2021,EM.10482,4,8,12,298,274,572
TAN-013802,2021,EM.9824,3,11,14,248,259,507
TAN-013805,2021,EM.10334,4,8,12,333,327,660
TAN-013808,2021,EM.14860,4,2,6,282,274,556
TAN-013810,2021,EM.9825,7,2,9,349,288,637
TAN-013813,2021,EM.9826,4,6,10,515,455,970
TAN-013816,2021,EM.9858,4,1,5,4,0,4
TAN-013819,2021,EM.17,4,2,6,239,187,426
TAN-013822,2021,EM.9891,8,2,10,664,610,1274
TAN-013825,2021,EM.9810,2,3,5,153,151,304
TAN-013828,2021,EM.9815,3,3,6,204,171,375
TAN-013831,2021,EM.9869,4,9,13,484,499,983
TAN-013834,2021,EM.10333,6,0,6,151,126,277
TAN-013837,2021,EM.9834,1,4,5,227,214,441
TAN-013840,2021,EM.9843,5,0,5,206,179,385
TAN-013843,2021,EM.9846,5,1,6,184,160,344
TAN-013846,2021,EM.9855,4,2,6,142,157,299
TAN-013849,2021,EM.5117,5,2,7,298,278,576
TAN-013852,2021,EM.9859,6,6,12,307,282,589
TAN-013855,2021,EM.9867,5,0,5,208,205,413
TAN-013858,2021,EM.9839,2,1,3,160,153,313
TAN-013861,2021,EM.9848,3,3,6,234,210,444
TAN-013864,2021,EM.9850,4,2,6,100,91,191
TAN-013867,2021,EM.9860,3,3,6,295,294,589
TAN-013870,2021,EM.9809,3,29,32,731,807,1538
TAN-013873,2021,EM.13730,3,8,11,179,183,362
TAN-013876,2021,EM.9863,3,7,10,260,231,491
TAN-013879,2021,EM.9870,3,5,8,219,234,453
TAN-013882,2021,EM.9871,3,15,18,326,341,667
TAN-013885,2021,EM.3326,4,6,10,186,186,372
TAN-013888,2021,EM.3327,5,11,16,304,375,679
TAN-013891,2021,EM.172,4,9,13,182,163,345
TAN-013894,2021,EM.9879,4,9,13,305,273,578
TAN-013897,2021,EM.9807,3,1,4,275,269,544
TAN-013900,2021,EM.9820,3,2,5,154,121,275
TAN-013903,2021,EM.11009,2,5,7,263,210,473
TAN-013906,2021,EM.9534,2,7,9,367,355,722
TAN-013909,2021,EM.11010,4,5,9,165,178,343
TAN-013912,2021,EM.11012,2,2,4,246,253,499
TAN-013915,2021,EM.9538,2,8,10,453,407,860
TAN-013919,2021,EM.2407,3,28,31,471,515,986
TAN-013923,2021,EM.9865,5,3,8,245,216,461
TAN-013926,2021,EM.18,6,4,10,523,529,1052
TAN-013929,2021,EM.14108,3,6,9,409,420,829
TAN-013932,2021,EM.3133,2,4,6,249,236,485
TAN-013935,2021,EM.7243,3,2,5,160,126,286
TAN-013938,2021,EM.7244,4,2,6,102,98,200
TAN-013941,2021,EM.10190,4,1,5,82,69,151
TAN-013944,2021,EM.10191,3,0,3,123,105,228
TAN-013947,2021,EM.10192,1,7,8,296,318,614
TAN-013950,2021,EM.10193,1,5,6,192,183,375
TAN-013953,2021,EM.13319,5,0,5,76,63,139
TAN-013956,2021,EM.9822,2,4,6,198,186,384
TAN-013959,2021,EM.9836,8,5,13,646,603,1249
TAN-013962,2021,EM.9849,4,3,7,145,148,293
TAN-013965,2021,EM.9868,5,2,7,219,231,450
TAN-013968,2021,EM.9872,8,14,22,458,488,946
TAN-013971,2021,EM.9884,3,2,5,160,177,337
TAN-013974,2021,EM.9831,4,1,5,183,204,387
TAN-013977,2021,EM.9833,2,5,7,52,35,87
TAN-013980,2021,EM.9873,3,13,16,313,360,673
TAN-013983,2021,EM.9530,2,4,6,117,92,209
TAN-013986,2021,EM.9533,2,4,6,123,143,266
TAN-013989,2021,EM.9535,3,2,5,234,247,481
TAN-013992,2021,EM.9536,3,1,4,199,196,395
TAN-013995,2021,EM.16,4,0,4,254,272,526
TAN-013998,2021,EM.9851,5,0,5,297,304,601
TAN-014001,2021,EM.9852,5,0,5,177,162,339
TAN-014004,2021,EM.8123,6,0,6,136,129,265
TAN-014007,2021,EM.9877,4,2,6,265,263,528
TAN-014010,2021,EM.9881,3,3,6,374,323,697
TAN-014013,2021,EM.9805,3,3,6,149,163,312
TAN-014016,2021,EM.9821,2,5,7,151,126,277
TAN-014019,2021,EM.9830,3,2,5,112,137,249
TAN-014022,2021,EM.9841,5,1,6,120,115,235
TAN-014025,2021,EM.9864,5,0,5,140,136,276
TAN-014028,2021,EM.9882,1,6,7,207,204,411
TAN-014031,2021,EM.9887,5,0,5,202,179,381
TAN-014034,2021,EM.9802,4,2,6,284,251,535
TAN-014037,2021,EM.9812,6,1,7,100,107,207
TAN-014040,2021,EM.9537,4,2,6,154,167,321
TAN-014043,2021,EM.9862,2,3,5,113,105,218
TAN-014046,2021,EM.9883,2,4,6,233,227,460
TAN-014049,2021,EM.13315,1,5,6,168,197,365
TAN-014052,2021,EM.7849,4,2,6,164,145,309
TAN-014055,2021,EM.9866,2,4,6,295,253,548
TAN-014058,2021,EM.9885,1,4,5,157,132,289
TAN-014061,2021,EM.12753,4,15,19,236,259,495
TAN-014064,2021,EM.1818,5,24,29,349,377,726
TAN-014067,2021,EM.12759,3,12,15,321,283,604
TAN-014070,2021,EM.17319,6,2,8,102,79,181
TAN-014073,2021,EM.14866,11,5,16,137,140,277
TAN-014075,2021,EM.2797,10,27,37,527,561,1088
TAN-014078,2021,EM.3576,7,17,24,269,253,522
TAN-014081,2021,EM.12754,7,18,25,478,501,979
TAN-014084,2021,EM.3328,10,10,20,388,310,698
TAN-014087,2021,EM.12053,3,29,32,515,543,1058
TAN-014090,2021,EM.12751,6,14,20,311,318,629
TAN-014093,2021,EM.7246,3,35,38,611,619,1230
TAN-014096,2021,EM.12750,5,40,45,727,688,1415
TAN-014099,2021,EM.14109,12,7,19,179,269,448
TAN-014102,2021,EM.5118,12,44,56,843,845,1688
TAN-014105,2021,EM.13731,15,13,28,253,364,617
TAN-014108,2021,EM.80,5,23,28,409,384,793
TAN-014111,2021,EM.10825,8,3,11,126,114,240
TAN-014114,2021,EM.12761,3,29,32,220,222,442
TAN-014117,2021,EM.14862,14,3,17,185,191,376
TAN-014120,2021,EM.8647,7,35,42,908,915,1823
TAN-014123,2021,EM.8648,5,22,27,470,394,864
TAN-014126,2021,EM.10196,8,1,9,250,230,480
TAN-014129,2021,EM.6363,4,11,15,130,125,255
TAN-014132,2021,EM.12055,8,3,11,148,129,277
TAN-014135,2021,EM.12056,3,29,32,711,703,1414
TAN-014138,2021,EM.12760,11,27,38,945,894,1839
TAN-014141,2021,EM.2399,4,7,11,238,231,469
TAN-014144,2021,EM.9273,6,16,22,450,433,883
TAN-014147,2021,EM.2934,5,14,19,184,173,357
TAN-014153,2021,EM.6381,2,4,6,340,311,651
TAN-014159,2021,EM.3001,8,2,10,504,472,976
TAN-014165,2021,EM.9381,8,27,35,687,611,1298
TAN-014168,2021,EM.14110,16,13,29,717,732,1449
TAN-014171,2021,EM.4286,10,9,19,374,370,744
TAN-014177,2021,EM.2977,5,0,5,156,121,277
TAN-014183,2021,EM.8233,3,27,30,527,602,1129
TAN-014189,2021,EM.12764,8,1,9,110,112,222
TAN-014192,2021,EM.15327,6,4,10,201,196,397
TAN-014195,2021,EM.11401,8,5,13,205,175,380
TAN-014198,2021,EM.2400,6,9,15,124,150,274
TAN-014201,2021,EM.1313,3,30,33,204,194,398
TAN-014204,2021,EM.12762,11,35,46,951,917,1868
TAN-014207,2021,EM.892,3,2,5,201,229,430
TAN-014210,2021,EM.1820,4,1,5,124,134,258
TAN-014213,2021,EM.320,3,1,4,208,160,368
TAN-014214,2021,EM.2799,2,0,2,100,110,210
TAN-014215,2021,EM.2936,5,0,5,94,74,168
TAN-014218,2021,EM.14111,4,4,8,153,173,326
TAN-014221,2021,EM.8864,5,7,12,121,96,217
TAN-014224,2021,EM.9095,4,28,32,702,693,1395
TAN-014227,2021,EM.9905,3,23,26,618,660,1278
TAN-014230,2021,EM.7854,7,16,23,427,464,891
TAN-014233,2021,EM.2663,6,7,13,156,144,300
TAN-014234,2021,EM.6364,5,1,6,242,223,465
TAN-014237,2021,EM.5123,5,1,6,202,206,408
TAN-014240,2021,EM.8926,2,4,6,183,198,381
TAN-014243,2021,EM.3889,4,11,15,469,531,1000
TAN-014246,2021,EM.7249,9,18,27,796,867,1663
TAN-014249,2021,EM.13330,4,16,20,494,508,1002
TAN-014252,2021,EM.8863,5,1,6,224,218,442
TAN-014253,2021,EM.3134,3,6,9,291,297,588
TAN-014256,2021,EM.7850,4,2,6,95,101,196
TAN-014259,2021,EM.1821,6,1,7,414,391,805
TAN-014262,2021,EM.10647,3,2,5,276,263,539
TAN-014263,2021,EM.9894,4,6,10,314,340,654
TAN-014266,2021,EM.1504,4,6,10,303,337,640
TAN-014269,2021,EM.6366,3,2,5,146,145,291
TAN-014272,2021,EM.13333,5,2,7,165,178,343
TAN-014275,2021,EM.5122,5,2,7,313,306,619
TAN-014278,2021,EM.4291,5,3,8,510,561,1071
TAN-014281,2021,EM.1314,5,3,8,278,324,602
TAN-014290,2021,EM.8601,5,3,8,257,247,504
TAN-014299,2021,EM.2189,7,5,12,548,627,1175
TAN-014308,2021,EM.13732,3,3,6,218,183,401
TAN-014311,2021,EM.6365,7,1,8,322,315,637
TAN-014314,2021,EM.893,5,3,8,462,503,965
TAN-014317,2021,EM.11402,6,0,6,178,186,364
TAN-014320,2021,EM.5130,1,3,4,223,215,438
TAN-014323,2021,EM.9892,5,0,5,256,288,544
TAN-014326,2021,EM.2798,5,0,5,60,63,123
TAN-014327,2021,EM.634,3,0,3,218,208,426
TAN-014330,2021,EM.13335,3,1,4,170,181,351
TAN-014331,2021,EM.7851,6,1,7,312,363,675
TAN-014334,2021,EM.14664,3,3,6,104,109,213
TAN-014337,2021,EM.3330,5,1,6,243,249,492
TAN-014340,2021,EM.9903,4,3,7,152,172,324
TAN-014341,2021,EM.11015,2,9,11,275,300,575
TAN-014344,2021,EM.5127,3,1,4,274,276,550
TAN-014347,2021,EM.770,6,7,13,243,300,543
TAN-014350,2021,EM.4292,4,12,16,437,415,852
TAN-014353,2021,EM.13326,3,3,6,68,76,144
TAN-014356,2021,EM.1822,7,10,17,485,494,979
TAN-014359,2021,EM.13334,5,11,16,346,316,662
TAN-014362,2021,EM.16878,6,18,24,490,494,984
TAN-014365,2021,EM.13327,4,5,9,143,133,276
TAN-014368,2021,EM.14666,4,4,8,341,352,693
TAN-014371,2021,EM.13332,6,31,37,780,860,1640
TAN-014374,2021,EM.6368,3,2,5,180,142,322
TAN-014377,2021,EM.13338,6,4,10,194,194,388
TAN-014378,2021,EM.2935,7,9,16,610,607,1217
TAN-014381,2021,EM.9896,5,3,8,217,206,423
TAN-014384,2021,EM.5126,6,10,16,405,400,805
TAN-014387,2021,EM.9094,5,3,8,175,201,376
TAN-014390,2021,EM.13328,3,25,28,673,711,1384
TAN-014393,2021,EM.12765,4,1,5,313,305,618
TAN-014396,2021,EM.3136,5,2,7,161,139,300
TAN-014399,2021,EM.9901,5,18,23,787,781,1568
TAN-014402,2021,EM.7247,5,5,10,162,153,315
TAN-014405,2021,EM.13325,6,0,6,135,166,301
TAN-014408,2021,EM.11014,3,2,5,113,111,224
TAN-014411,2021,EM.399,9,7,16,522,580,1102
TAN-014414,2021,EM.4293,6,2,8,206,241,447
TAN-014417,2021,EM.4294,7,5,12,174,194,368
TAN-014420,2021,EM.8379,9,11,20,471,473,944
TAN-014423,2021,EM.264,9,20,29,556,549,1105
TAN-014426,2021,EM.9182,4,27,31,321,367,688
TAN-014429,2021,EM.9899,10,18,28,287,279,566
TAN-014432,2021,EM.578,6,2,8,259,294,553
TAN-014435,2021,EM.1823,2,14,16,359,368,727
TAN-014438,2021,EM.509,4,10,14,335,350,685
TAN-014439,2021,EM.11404,3,22,25,180,186,366
TAN-014442,2021,EM.5124,4,3,7,156,171,327
TAN-014445,2021,EM.771,7,2,9,385,455,840
TAN-014448,2021,EM.5125,4,9,13,311,325,636
TAN-014451,2021,EM.9895,3,5,8,201,228,429
TAN-014454,2021,EM.7852,4,5,9,181,179,360
TAN-014457,2021,EM.13733,4,1,5,32,36,68
TAN-014460,2021,EM.2661,5,3,8,371,329,700
TAN-014463,2021,EM.4297,6,1,7,149,169,318
TAN-014466,2021,EM.10197,6,1,7,78,81,159
TAN-014469,2021,EM.455,4,11,15,312,298,610
TAN-014472,2021,EM.454,3,2,5,236,267,503
TAN-014475,2021,EM.1649,6,4,10,357,309,666
TAN-014478,2021,EM.6377,6,2,8,295,287,582
TAN-014481,2021,EM.5131,2,5,7,176,168,344
TAN-014484,2021,EM.1650,7,1,8,287,262,549
TAN-014487,2021,EM.321,7,2,9,242,263,505
TAN-014490,2021,EM.14441,5,3,8,202,216,418
TAN-014491,2021,EM.510,6,3,9,334,334,668
TAN-014494,2021,EM.5133,9,5,14,636,693,1329
TAN-014497,2021,EM.5134,4,4,8,250,261,511
TAN-014500,2021,EM.10198,7,3,10,564,603,1167
TAN-014503,2021,EM.894,7,6,13,351,321,672
TAN-014506,2021,EM.9275,6,0,6,111,92,203
TAN-014507,2021,EM.3138,5,3,8,189,197,386
TAN-014510,2021,EM.6371,4,3,7,72,66,138
TAN-014513,2021,EM.1085,6,4,10,340,329,669
TAN-014516,2021,EM.7250,4,2,6,179,196,375
TAN-014519,2021,EM.6373,7,1,8,431,373,804
TAN-014522,2021,EM.1824,5,6,11,399,423,822
TAN-014525,2021,EM.4298,4,11,15,373,392,765
TAN-014528,2021,EM.3141,7,3,10,222,230,452
TAN-014531,2021,EM.12767,4,8,12,226,254,480
TAN-014534,2021,EM.5132,11,3,14,694,683,1377
TAN-014537,2021,EM.6370,4,4,8,302,279,581
TAN-014540,2021,EM.1825,6,8,14,661,704,1365
TAN-014543,2021,EM.6375,7,3,10,416,390,806
TAN-014546,2021,EM.400,5,8,13,414,393,807
TAN-014549,2021,EM.7252,8,4,12,435,444,879
TAN-014552,2021,EM.3892,6,15,21,765,801,1566
TAN-014555,2021,EM.6369,5,2,7,167,184,351
TAN-014558,2021,EM.9274,6,0,6,72,72,144
TAN-014561,2021,EM.5135,5,2,7,150,155,305
TAN-014564,2021,EM.1971,8,0,8,244,253,497
TAN-014567,2021,EM.10335,5,3,8,214,201,415
TAN-014570,2021,EM.14442,4,2,6,145,144,289
TAN-014573,2021,EM.6378,3,5,8,141,180,321
TAN-014576,2021,EM.2488,7,3,10,208,257,465
TAN-014579,2021,EM.635,6,2,8,209,221,430
TAN-014582,2021,EM.5136,7,0,7,155,141,296
TAN-014585,2021,EM.6376,5,3,8,169,184,353
TAN-014588,2021,EM.98,10,3,13,422,406,828
TAN-014591,2021,EM.3891,6,1,7,211,232,443
TAN-014594,2021,EM.8124,6,0,6,199,226,425
TAN-014597,2021,EM.1316,2,10,12,247,280,527
TAN-014600,2021,EM.6374,5,5,10,205,242,447
TAN-014603,2021,EM.7251,5,1,6,83,112,195
TAN-014606,2021,EM.128,3,8,11,149,158,307
TAN-014609,2021,EM.3585,5,1,6,237,216,453
TAN-014611,2021,EM.1972,3,9,12,156,147,303
TAN-014613,2021,EM.12776,5,7,12,201,221,422
TAN-014615,2021,EM.2490,4,16,20,696,680,1376
TAN-014617,2021,EM.6386,5,13,18,906,896,1802
TAN-014619,2021,EM.7858,4,6,10,399,361,760
TAN-014621,2021,EM.3586,5,1,6,133,128,261
TAN-014623,2021,EM.3587,4,14,18,472,430,902
TAN-014625,2021,EM.2151,5,4,9,250,281,531
TAN-014627,2021,EM.3584,3,6,9,319,347,666
TAN-014629,2021,EM.8596,3,4,7,278,257,535
TAN-014631,2021,EM.4307,2,7,9,242,282,524
TAN-014633,2021,EM.8126,7,6,13,356,371,727
TAN-014635,2021,EM.13344,4,3,7,157,153,310
TAN-014637,2021,EM.7859,6,2,8,268,298,566
TAN-014639,2021,EM.896,3,4,7,219,229,448
TAN-014641,2021,EM.581,5,3,8,403,431,834
TAN-014644,2021,EM.4310,5,1,6,132,117,249
TAN-014647,2021,EM.13345,4,3,7,169,178,347
TAN-014650,2021,EM.4308,7,5,12,436,418,854
TAN-014653,2021,EM.1086,4,2,6,324,345,669
TAN-014656,2021,EM.11407,3,3,6,184,170,354
TAN-014659,2021,EM.897,6,3,9,335,385,720
TAN-014662,2021,EM.14117,5,2,7,150,166,316
TAN-014664,2021,EM.5152,2,4,6,114,121,235
TAN-014667,2021,EM.9277,5,2,7,159,160,319
TAN-014670,2021,EM.7257,5,6,11,205,249,454
TAN-014673,2021,EM.5151,4,5,9,213,215,428
TAN-014676,2021,EM.5153,3,3,6,155,149,304
TAN-014679,2021,EM.9907,3,2,5,125,108,233
TAN-014682,2021,EM.2939,4,1,5,180,187,367
TAN-014685,2021,EM.1087,10,4,14,314,364,678
TAN-014688,2021,EM.11405,6,1,7,218,213,431
TAN-014691,2021,EM.11406,3,4,7,249,219,468
TAN-014694,2021,EM.7860,4,14,18,300,349,649
TAN-014697,2021,EM.9278,6,2,8,179,167,346
TAN-014700,2021,EM.1318,5,5,10,514,475,989
TAN-014703,2021,EM.10833,5,2,7,145,192,337
TAN-014706,2021,EM.7259,3,5,8,356,310,666
TAN-014709,2021,EM.7260,4,3,7,191,241,432
TAN-014712,2021,EM.5148,6,0,6,140,154,294
TAN-014715,2021,EM.3899,7,0,7,85,88,173
TAN-014718,2021,EM.14119,5,0,5,70,84,154
TAN-014720,2021,EM.5155,3,4,7,124,157,281
TAN-014723,2021,EM.773,11,3,14,302,307,609
TAN-014729,2021,EM.29,5,4,9,299,322,621
TAN-014735,2021,EM.5147,2,4,6,295,313,608
TAN-014738,2021,EM.5149,3,3,6,174,152,326
TAN-014741,2021,EM.2289,2,4,6,239,317,556
TAN-014744,2021,EM.1506,4,5,9,324,280,604
TAN-014747,2021,EM.7258,3,6,9,236,254,490
TAN-014750,2021,EM.2570,5,3,8,149,174,323
TAN-014753,2021,EM.512,3,8,11,283,309,592
TAN-014756,2021,EM.9908,3,3,6,205,234,439
TAN-014759,2021,EM.2058,6,3,9,521,528,1049
TAN-014762,2021,EM.14120,4,7,11,244,259,503
TAN-014764,2021,EM.898,4,7,11,300,281,581
TAN-014767,2021,EM.1319,6,11,17,414,392,806
TAN-014773,2021,EM.5209,5,8,13,465,546,1011
TAN-014779,2021,EM.14123,3,11,14,305,347,652
TAN-014782,2021,EM.774,5,10,15,237,224,461
TAN-014785,2021,EM.5156,5,2,7,230,265,495
TAN-014788,2021,EM.899,7,5,12,269,254,523
TAN-014791,2021,EM.3901,4,6,10,275,287,562
TAN-014794,2021,EM.8927,5,10,15,445,398,843
TAN-014797,2021,EM.3902,5,3,8,249,240,489
TAN-014800,2021,EM.4312,4,13,17,315,272,587
TAN-014803,2021,EM.12059,4,3,7,127,146,273
TAN-014806,2021,EM.6571,4,5,9,290,282,572
TAN-014809,2021,EM.3590,4,5,9,269,293,562
TAN-014812,2021,EM.17157,5,3,8,169,162,331
TAN-014815,2021,EM.11408,5,2,7,158,174,332
TAN-014818,2021,EM.2804,6,16,22,500,521,1021
TAN-014821,2021,EM.14121,8,6,14,253,266,519
TAN-014824,2021,EM.2491,4,17,21,229,224,453
TAN-014827,2021,EM.10834,2,19,21,455,467,922
TAN-014830,2021,EM.3143,6,11,17,241,235,476
TAN-014833,2021,EM.10336,26,24,50,216,174,390
TAN-014836,2021,EM.2668,3,12,15,505,451,956
TAN-014839,2021,EM.2805,6,12,18,400,412,812
TAN-014842,2021,EM.5157,5,1,6,135,111,246
TAN-014845,2021,EM.3591,5,3,8,287,260,547
TAN-014848,2021,EM.14128,5,1,6,84,86,170
TAN-014851,2021,EM.9281,3,3,6,143,145,288
TAN-014854,2021,EM.12780,6,0,6,112,98,210
TAN-014857,2021,EM.2492,5,2,7,270,295,565
TAN-014860,2021,EM.7862,5,1,6,176,179,355
TAN-014863,2021,EM.9280,3,2,5,194,184,378
TAN-014866,2021,EM.636,7,2,9,338,337,675
TAN-014869,2021,EM.11410,4,2,6,144,131,275
TAN-014872,2021,EM.11411,5,1,6,90,105,195
TAN-014875,2021,EM.3335,4,3,7,251,270,521
TAN-014878,2021,EM.8597,4,2,6,128,149,277
TAN-014881,2021,EM.7861,5,1,6,224,242,466
TAN-014884,2021,EM.3903,6,1,7,144,141,285
TAN-014887,2021,EM.3145,5,0,5,73,83,156
TAN-014890,2021,EM.1321,4,4,8,256,285,541
TAN-014893,2021,EM.14129,6,1,7,67,99,166
TAN-014895,2021,EM.14130,4,1,5,49,63,112
TAN-014897,2021,EM.8234,4,2,6,145,146,291
TAN-014900,2021,EM.900,5,3,8,301,333,634
TAN-014903,2021,EM.14131,6,1,7,120,126,246
TAN-014905,2021,EM.2940,5,1,6,117,129,246
TAN-014908,2021,EM.4314,4,2,6,176,187,363
TAN-014911,2021,EM.5160,4,4,8,222,227,449
TAN-014914,2021,EM.1973,4,5,9,199,256,455
TAN-014917,2021,EM.5163,7,0,7,255,250,505
TAN-014920,2021,EM.5162,3,4,7,94,107,201
TAN-014923,2021,EM.9540,6,5,11,262,259,521
TAN-014926,2021,EM.363,6,5,11,318,354,672
TAN-014929,2021,EM.11412,2,3,5,169,186,355
TAN-014932,2021,EM.1322,4,2,6,260,250,510
TAN-014935,2021,EM.14126,5,1,6,131,146,277
TAN-014937,2021,EM.3904,5,0,5,149,131,280
TAN-014940,2021,EM.901,5,4,9,245,290,535
TAN-014943,2021,EM.3146,4,4,8,203,222,425
TAN-014944,2021,EM.3593,4,1,5,254,202,456
TAN-014945,2021,EM.13348,5,1,6,133,111,244
TAN-014948,2021,EM.1089,3,2,5,208,201,409
TAN-014949,2021,EM.5169,5,2,7,223,201,424
TAN-014950,2021,EM.6394,2,4,6,144,140,284
TAN-014951,2021,EM.14135,5,0,5,169,184,353
TAN-014954,2021,EM.12781,5,1,6,175,176,351
TAN-014957,2021,EM.5164,6,0,6,210,210,420
TAN-014958,2021,EM.10200,5,1,6,232,264,496
TAN-014959,2021,EM.2153,2,3,5,240,265,505
TAN-014960,2021,EM.1975,8,15,23,552,623,1175
TAN-014963,2021,EM.10835,3,3,6,131,167,298
TAN-014964,2021,EM.10651,4,3,7,181,180,361
TAN-014965,2021,EM.6391,5,1,6,102,103,205
TAN-014966,2021,EM.1654,5,1,6,142,131,273
TAN-014967,2021,EM.140,4,1,5,200,210,410
TAN-014968,2021,EM.637,4,2,6,44,35,79
TAN-014970,2021,EM.3148,4,1,5,243,228,471
TAN-014976,2021,EM.13016,3,13,16,621,652,1273
TAN-014982,2021,EM.12782,4,2,6,219,224,443
TAN-014985,2021,EM.1974,3,4,7,135,140,275
TAN-014986,2021,EM.7863,10,7,17,509,531,1040
TAN-014987,2021,EM.9911,6,0,6,132,109,241
TAN-014988,2021,EM.17159,5,4,9,224,206,430
TAN-014989,2021,EM.6392,4,2,6,118,122,240
TAN-014992,2021,EM.9383,6,1,7,144,150,294
TAN-014993,2021,EM.10488,3,1,4,67,66,133
TAN-014996,2021,EM.14136,2,2,4,142,141,283
TAN-014999,2021,EM.56,5,2,7,156,169,325
TAN-015000,2021,EM.4318,4,3,7,117,109,226
TAN-015001,2021,EM.7262,4,2,6,153,149,302
TAN-015002,2021,EM.7263,4,2,6,118,132,250
TAN-015005,2021,EM.1902,5,2,7,151,151,302
TAN-015006,2021,EM.5165,7,0,7,212,228,440
TAN-015007,2021,EM.69,6,2,8,166,181,347
TAN-015008,2021,EM.5168,5,3,8,195,172,367
TAN-015009,2021,EM.190,6,0,6,180,167,347
TAN-015012,2021,EM.14137,3,2,5,79,83,162
TAN-015015,2021,EM.5170,4,2,6,190,211,401
TAN-015016,2021,EM.9384,3,4,7,173,194,367
TAN-015019,2021,EM.902,4,4,8,407,434,841
TAN-015022,2021,EM.4315,5,1,6,127,150,277
TAN-015023,2021,EM.2669,5,1,6,93,93,186
TAN-015026,2021,EM.3905,5,1,6,105,118,223
TAN-015029,2021,EM.14447,4,1,5,82,81,163
TAN-015032,2021,EM.10201,4,1,5,100,111,211
TAN-015033,2021,EM.1977,4,2,6,109,100,209
TAN-015036,2021,EM.7264,4,2,6,132,137,269
TAN-015037,2021,EM.8787,4,2,6,117,115,232
TAN-015038,2021,EM.10649,6,0,6,230,218,448
TAN-015039,2021,EM.90,4,2,6,176,163,339
TAN-015040,2021,EM.1976,6,2,8,285,308,593
TAN-015041,2021,EM.402,4,1,5,70,65,135
TAN-015042,2021,EM.14132,5,1,6,310,354,664
TAN-015045,2021,EM.10486,5,1,6,235,246,481
TAN-015048,2021,EM.4316,3,3,6,83,82,165
TAN-015051,2021,EM.9183,5,2,7,196,230,426
TAN-015052,2021,EM.3592,5,1,6,247,262,509
TAN-015053,2021,EM.5167,4,7,11,338,336,674
TAN-015054,2021,EM.10202,3,2,5,76,61,137
TAN-015055,2021,EM.5171,4,1,5,269,293,562
TAN-015058,2021,EM.705,4,2,6,48,54,102
TAN-015061,2021,EM.70,3,3,6,204,165,369
TAN-015064,2021,EM.174,3,2,5,107,114,221
TAN-015067,2021,EM.3151,6,1,7,117,114,231
TAN-015070,2021,EM.5172,3,3,6,225,222,447
TAN-015073,2021,EM.10836,4,4,8,90,81,171
TAN-015076,2021,EM.221,7,2,9,240,255,495
TAN-015079,2021,EM.3337,2,4,6,163,150,313
TAN-015082,2021,EM.5177,4,1,5,86,89,175
TAN-015085,2021,EM.4319,4,2,6,175,162,337
TAN-015088,2021,EM.5190,6,1,7,137,138,275
TAN-015091,2021,EM.220,6,0,6,263,277,540
TAN-015094,2021,EM.42,3,3,6,135,151,286
TAN-015097,2021,EM.5182,5,2,7,152,197,349
TAN-015100,2021,EM.1323,5,0,5,61,56,117
TAN-015103,2021,EM.5175,1,4,5,72,75,147
TAN-015106,2021,EM.5178,5,1,6,52,70,122
TAN-015109,2021,EM.12783,5,1,6,61,82,143
TAN-015112,2021,EM.5186,5,1,6,188,186,374
TAN-015115,2021,EM.12062,6,0,6,136,151,287
TAN-015118,2021,EM.5176,6,3,9,243,286,529
TAN-015121,2021,EM.706,5,1,6,59,58,117
TAN-015124,2021,EM.903,5,2,7,106,117,223
TAN-015127,2021,EM.5174,3,2,5,85,76,161
TAN-015130,2021,EM.3907,4,4,8,277,250,527
TAN-015133,2021,EM.5183,3,2,5,136,131,267
TAN-015136,2021,EM.4320,6,3,9,246,242,488
TAN-015139,2021,EM.1735,4,1,5,79,75,154
TAN-015142,2021,EM.2942,4,2,6,69,108,177
TAN-015145,2021,EM.3906,3,1,4,46,48,94
TAN-015148,2021,EM.5180,6,1,7,252,227,479
TAN-015151,2021,EM.21,5,3,8,154,169,323
TAN-015154,2021,EM.157,4,2,6,174,170,344
TAN-015155,2021,EM.8797,6,7,13,385,453,838
TAN-015156,2021,EM.514,5,1,6,117,128,245
TAN-015159,2021,EM.5191,6,4,10,423,400,823
TAN-015162,2021,EM.3908,6,4,10,306,322,628
TAN-015165,2021,EM.11413,3,2,5,98,97,195
TAN-015168,2021,EM.7265,4,1,5,75,81,156
TAN-015171,2021,EM.5185,6,0,6,134,140,274
TAN-015174,2021,EM.222,5,3,8,166,156,322
TAN-015177,2021,EM.10491,3,2,5,137,157,294
TAN-015180,2021,EM.5187,3,3,6,240,267,507
TAN-015183,2021,EM.12061,4,1,5,77,94,171
TAN-015186,2021,EM.191,3,1,4,74,58,132
TAN-015189,2021,EM.905,4,3,7,202,202,404
TAN-015192,2021,EM.5192,6,4,10,199,209,408
TAN-015195,2021,EM.10837,3,9,12,525,527,1052
TAN-015198,2021,EM.1324,4,2,6,187,216,403
TAN-015201,2021,EM.5202,2,6,8,134,135,269
TAN-015204,2021,EM.5203,6,4,10,311,333,644
TAN-015207,2021,EM.2291,5,1,6,123,133,256
TAN-015210,2021,EM.5197,1,5,6,84,71,155
TAN-015213,2021,EM.5198,3,4,7,288,258,546
TAN-015216,2021,EM.91,3,4,7,305,316,621
TAN-015219,2021,EM.4321,5,1,6,155,155,310
TAN-015222,2021,EM.3909,1,5,6,310,264,574
TAN-015225,2021,EM.906,5,2,7,227,222,449
TAN-015228,2021,EM.39,3,4,7,208,248,456
TAN-015231,2021,EM.403,5,9,14,330,259,589
TAN-015234,2021,EM.5199,3,3,6,104,129,233
TAN-015237,2021,EM.100,3,3,6,93,130,223
TAN-015240,2021,EM.5204,4,2,6,204,212,416
TAN-015243,2021,EM.4322,3,3,6,140,134,274
TAN-015246,2021,EM.11018,6,0,6,139,128,267
TAN-015249,2021,EM.223,2,3,5,107,93,200
TAN-015252,2021,EM.907,4,2,6,130,130,260
TAN-015255,2021,EM.2945,4,3,7,266,240,506
TAN-015258,2021,EM.12064,4,1,5,108,126,234
TAN-015261,2021,EM.5238,7,1,8,291,264,555
TAN-015264,2021,EM.5216,3,3,6,126,134,260
TAN-015267,2021,EM.4325,5,3,8,205,184,389
TAN-015270,2021,EM.5240,5,1,6,132,127,259
TAN-015273,2021,EM.1325,3,3,6,67,60,127
TAN-015276,2021,EM.5211,3,1,4,158,136,294
TAN-015279,2021,EM.5229,4,2,6,190,161,351
TAN-015282,2021,EM.3339,4,1,5,178,176,354
TAN-015285,2021,EM.5224,3,3,6,178,222,400
TAN-015288,2021,EM.4332,3,4,7,121,144,265
TAN-015291,2021,EM.3917,6,2,8,236,257,493
TAN-015294,2021,EM.12065,4,2,6,101,99,200
TAN-015295,2021,EM.5237,7,8,15,440,398,838
TAN-015298,2021,EM.12068,4,4,8,245,226,471
TAN-015301,2021,EM.5243,8,2,10,330,400,730
TAN-015304,2021,EM.2672,4,2,6,112,95,207
TAN-015307,2021,EM.10653,4,1,5,86,78,164
TAN-015310,2021,EM.1737,6,1,7,199,226,425
TAN-015313,2021,EM.3914,4,0,4,119,130,249
TAN-015316,2021,EM.5231,6,1,7,188,202,390
TAN-015319,2021,EM.5212,3,3,6,146,127,273
TAN-015322,2021,EM.3913,6,0,6,248,265,513
TAN-015325,2021,EM.364,6,3,9,244,262,506
TAN-015328,2021,EM.5223,5,1,6,75,66,141
TAN-015331,2021,EM.6397,3,4,7,218,200,418
TAN-015334,2021,EM.2402,5,0,5,165,157,322
TAN-015337,2021,EM.5215,7,1,8,180,187,367
TAN-015340,2021,EM.2670,7,2,9,285,288,573
TAN-015343,2021,EM.13352,7,0,7,64,74,138
TAN-015346,2021,EM.5241,6,2,8,288,321,609
TAN-015349,2021,EM.3912,5,0,5,100,82,182
TAN-015352,2021,EM.158,4,2,6,270,278,548
TAN-015355,2021,EM.4333,6,2,8,347,380,727
TAN-015358,2021,EM.3916,8,1,9,418,447,865
TAN-015361,2021,EM.5230,6,1,7,156,149,305
TAN-015364,2021,EM.5246,4,1,5,156,142,298
TAN-015367,2021,EM.4329,3,2,5,173,170,343
TAN-015370,2021,EM.7266,5,1,6,208,193,401
TAN-015373,2021,EM.12067,6,1,7,181,194,375
TAN-015376,2021,EM.5244,4,1,5,156,174,330
TAN-015379,2021,EM.3338,2,5,7,197,245,442
TAN-015382,2021,EM.13738,4,2,6,65,46,111
TAN-015384,2021,EM.13354,5,2,7,183,190,373
TAN-015387,2021,EM.1739,5,3,8,336,331,667
TAN-015390,2021,EM.3920,6,0,6,95,113,208
TAN-015393,2021,EM.5208,5,0,5,318,352,670
TAN-015396,2021,EM.5210,8,1,9,307,313,620
TAN-015399,2021,EM.13735,6,0,6,94,116,210
TAN-015402,2021,EM.14886,3,3,6,190,174,364
TAN-015404,2021,EM.2292,6,1,7,56,57,113
TAN-015405,2021,EM.14884,3,3,6,121,119,240
TAN-015408,2021,EM.4323,4,1,5,173,166,339
TAN-015411,2021,EM.3152,7,0,7,185,170,355
TAN-015414,2021,EM.11414,5,0,5,90,98,188
TAN-015417,2021,EM.5221,5,3,8,416,397,813
TAN-015420,2021,EM.3911,4,1,5,177,196,373
TAN-015423,2021,EM.1903,5,1,6,152,152,304
TAN-015426,2021,EM.4326,10,3,13,450,495,945
TAN-015429,2021,EM.13353,5,2,7,137,138,275
TAN-015432,2021,EM.5232,2,4,6,192,173,365
TAN-015435,2021,EM.5233,5,1,6,145,173,318
TAN-015438,2021,EM.5213,6,2,8,350,319,669
TAN-015441,2021,EM.4324,5,3,8,302,402,704
TAN-015444,2021,EM.224,4,4,8,213,213,426
TAN-015447,2021,EM.4331,7,1,8,268,235,503
TAN-015450,2021,EM.5227,4,3,7,218,250,468
TAN-015453,2021,EM.5239,5,3,8,286,254,540
TAN-015456,2021,EM.2671,9,1,10,299,306,605
TAN-015459,2021,EM.159,7,2,9,228,247,475
TAN-015462,2021,EM.5247,7,7,14,327,368,695
TAN-015465,2021,EM.5248,4,4,8,228,266,494
TAN-015468,2021,EM.5226,8,2,10,229,242,471
TAN-015471,2021,EM.2155,5,7,12,495,564,1059
TAN-015472,2021,EM.7267,9,2,11,337,354,691
TAN-015473,2021,EM.5236,5,2,7,214,201,415
TAN-015476,2021,EM.5242,4,0,4,104,106,210
TAN-015479,2021,EM.1326,5,1,6,315,282,597
TAN-015482,2021,EM.3915,4,2,6,200,197,397
TAN-015485,2021,EM.3918,4,1,5,125,98,223
TAN-015488,2021,EM.3153,8,0,8,287,272,559
TAN-015491,2021,EM.5245,6,0,6,102,116,218
TAN-015492,2021,EM.2059,3,2,5,249,245,494
TAN-015495,2021,EM.13349,9,15,24,530,603,1133
TAN-015498,2021,EM.5217,3,7,10,306,294,600
TAN-015501,2021,EM.5220,6,13,19,487,483,970
TAN-015504,2021,EM.2156,15,9,24,1356,1443,2799
TAN-015507,2021,EM.6404,9,7,16,663,664,1327
TAN-015510,2021,EM.3595,13,3,16,590,531,1121
TAN-015513,2021,EM.14458,11,8,19,677,635,1312
TAN-015516,2021,EM.11420,8,0,8,169,197,366
TAN-015519,2021,EM.4334,10,5,15,432,429,861
TAN-015522,2021,EM.9385,11,5,16,645,650,1295
TAN-015525,2021,EM.9912,10,5,15,314,387,701
TAN-015528,2021,EM.6405,8,3,11,406,378,784
TAN-015531,2021,EM.14459,4,9,13,591,586,1177
TAN-015534,2021,EM.1327,12,2,14,460,441,901
TAN-015537,2021,EM.14457,14,6,20,908,926,1834
TAN-015540,2021,EM.7268,13,1,14,577,532,1109
TAN-015543,2021,EM.6398,7,3,10,402,383,785
TAN-015546,2021,EM.6406,5,7,12,525,503,1028
TAN-015549,2021,EM.5252,9,4,13,584,616,1200
TAN-015552,2021,EM.1740,9,2,11,382,428,810
TAN-015555,2021,EM.1091,9,8,17,486,487,973
TAN-015558,2021,EM.3922,8,2,10,187,259,446
TAN-015561,2021,EM.6413,9,4,13,519,507,1026
TAN-015564,2021,EM.12072,7,5,12,476,486,962
TAN-015567,2021,EM.13741,6,1,7,220,217,437
TAN-015570,2021,EM.6416,6,3,9,219,219,438
TAN-015573,2021,EM.6407,17,5,22,922,933,1855
TAN-015576,2021,EM.5250,15,6,21,845,794,1639
TAN-015579,2021,EM.9386,8,2,10,431,454,885
TAN-015582,2021,EM.3594,7,2,9,465,472,937
TAN-015585,2021,EM.1092,9,4,13,706,708,1414
TAN-015588,2021,EM.12073,17,7,24,1193,1258,2451
TAN-015589,2021,EM.6414,14,2,16,453,473,926
TAN-015592,2021,EM.13739,7,1,8,425,381,806
TAN-015594,2021,EM.14452,8,3,11,247,260,507
TAN-015597,2021,EM.14454,7,1,8,225,208,433
TAN-015600,2021,EM.2808,10,0,10,263,266,529
TAN-015603,2021,EM.6411,8,1,9,223,206,429
TAN-015606,2021,EM.13740,8,4,12,392,435,827
TAN-015609,2021,EM.12071,8,7,15,733,749,1482
TAN-015612,2021,EM.1329,8,3,11,349,373,722
TAN-015615,2021,EM.6403,8,2,10,551,524,1075
TAN-015618,2021,EM.1904,10,1,11,549,575,1124
TAN-015621,2021,EM.14451,8,3,11,432,453,885
TAN-015624,2021,EM.6401,8,2,10,259,290,549
TAN-015627,2021,EM.5253,9,2,11,490,460,950
TAN-015630,2021,EM.4335,8,1,9,231,263,494
TAN-015633,2021,EM.14456,8,8,16,695,666,1361
TAN-015636,2021,EM.1328,15,7,22,793,873,1666
TAN-015639,2021,EM.1093,12,4,16,596,616,1212
TAN-015642,2021,EM.9541,8,6,14,323,329,652
TAN-015645,2021,EM.2495,9,2,11,513,440,953
TAN-015648,2021,EM.12070,18,16,34,1437,1419,2856
TAN-015651,2021,EM.2293,13,8,21,995,969,1964
TAN-015654,2021,EM.6410,10,1,11,535,515,1050
TAN-015657,2021,EM.12074,13,17,30,1591,1686,3277
TAN-015660,2021,EM.5254,20,3,23,690,694,1384
TAN-015663,2021,EM.1655,11,16,27,1385,1351,2736
TAN-015666,2021,EM.1508,7,11,18,715,709,1424
TAN-015668,2021,EM.12085,8,7,15,535,576,1111
TAN-015670,2021,EM.8598,4,2,6,342,295,637
TAN-015672,2021,EM.911,5,30,35,1089,1131,2220
TAN-015674,2021,EM.11421,6,12,18,655,770,1425
TAN-015676,2021,EM.2296,5,18,23,576,584,1160
TAN-015678,2021,EM.2809,5,11,16,346,315,661
TAN-015680,2021,EM.11422,4,6,10,341,394,735
TAN-015682,2021,EM.3340,3,21,24,555,500,1055
TAN-015684,2021,EM.11423,2,14,16,622,630,1252
TAN-015686,2021,EM.4339,6,21,27,530,607,1137
TAN-015688,2021,EM.10493,7,0,7,295,294,589
TAN-015690,2021,EM.1095,4,4,8,251,263,514
TAN-015692,2021,EM.6418,10,4,14,481,509,990
TAN-015694,2021,EM.6419,7,1,8,430,439,869
TAN-015696,2021,EM.12789,6,2,8,337,309,646
TAN-015699,2021,EM.6423,7,2,9,210,234,444
TAN-015702,2021,EM.5276,6,1,7,389,475,864
TAN-015705,2021,EM.775,7,4,11,458,454,912
TAN-015708,2021,EM.7280,6,3,9,374,370,744
TAN-015711,2021,EM.6421,6,6,12,300,318,618
TAN-015714,2021,EM.1656,9,3,12,393,447,840
TAN-015717,2021,EM.5260,6,1,7,313,366,679
TAN-015720,2021,EM.8789,5,0,5,90,108,198
TAN-015723,2021,EM.2811,6,1,7,353,378,731
TAN-015726,2021,EM.5268,6,4,10,295,324,619
TAN-015729,2021,EM.2946,8,2,10,397,498,895
TAN-015732,2021,EM.6424,5,2,7,311,434,745
TAN-015735,2021,EM.912,7,6,13,351,403,754
TAN-015738,2021,EM.4341,6,2,8,545,500,1045
TAN-015741,2021,EM.13361,6,1,7,269,347,616
TAN-015744,2021,EM.325,7,3,10,365,400,765
TAN-015747,2021,EM.3924,8,15,23,622,648,1270
TAN-015750,2021,EM.9097,9,2,11,261,304,565
TAN-015753,2021,EM.9282,7,7,14,274,262,536
TAN-015756,2021,EM.11424,11,1,12,288,298,586
TAN-015759,2021,EM.1907,4,8,12,371,401,772
TAN-015762,2021,EM.7274,4,6,10,363,414,777
TAN-015765,2021,EM.1510,8,2,10,303,331,634
TAN-015768,2021,EM.8998,9,2,11,372,426,798
TAN-015771,2021,EM.2810,12,5,17,454,479,933
TAN-015774,2021,EM.13357,6,1,7,291,314,605
TAN-015777,2021,EM.12101,9,2,11,367,351,718
TAN-015780,2021,EM.1659,7,2,9,437,441,878
TAN-015783,2021,EM.7282,10,1,11,293,294,587
TAN-015786,2021,EM.1096,12,5,17,547,637,1184
TAN-015789,2021,EM.7867,8,0,8,286,349,635
TAN-015792,2021,EM.5271,6,2,8,252,286,538
TAN-015795,2021,EM.9098,9,1,10,100,116,216
TAN-015798,2021,EM.8790,6,0,6,156,176,332
TAN-015801,2021,EM.7869,6,7,13,494,563,1057
TAN-015804,2021,EM.3923,6,2,8,352,326,678
TAN-015807,2021,EM.1332,6,3,9,302,330,632
TAN-015810,2021,EM.5266,4,7,11,608,619,1227
TAN-015813,2021,EM.12790,6,5,11,297,300,597
TAN-015816,2021,EM.12792,12,0,12,251,284,535
TAN-015819,2021,EM.1509,5,9,14,689,781,1470
TAN-015822,2021,EM.1333,4,2,6,252,259,511
TAN-015825,2021,EM.5269,7,2,9,301,346,647
TAN-015828,2021,EM.12803,8,2,10,463,523,986
TAN-015831,2021,EM.12099,5,1,6,284,326,610
TAN-015834,2021,EM.7273,8,3,11,282,290,572
TAN-015837,2021,EM.2060,4,10,14,341,394,735
TAN-015840,2021,EM.5274,7,1,8,344,378,722
TAN-015843,2021,EM.3156,7,2,9,399,428,827
TAN-015846,2021,EM.5263,4,6,10,309,298,607
TAN-015849,2021,EM.7275,3,8,11,339,307,646
TAN-015852,2021,EM.7277,8,3,11,401,446,847
TAN-015855,2021,EM.1831,6,4,10,408,395,803
TAN-015858,2021,EM.12800,4,8,12,207,211,418
TAN-015861,2021,EM.2496,7,2,9,207,225,432
TAN-015864,2021,EM.6435,5,4,9,289,314,603
TAN-015867,2021,EM.7270,6,4,10,278,285,563
TAN-015870,2021,EM.6428,8,0,8,209,239,448
TAN-015873,2021,EM.6429,8,1,9,421,471,892
TAN-015876,2021,EM.913,6,3,9,302,323,625
TAN-015879,2021,EM.6433,5,1,6,251,283,534
TAN-015882,2021,EM.3155,5,1,6,327,371,698
TAN-015885,2021,EM.5264,5,2,7,336,332,668
TAN-015888,2021,EM.7276,5,3,8,275,301,576
TAN-015891,2021,EM.1979,2,6,8,205,206,411
TAN-015894,2021,EM.8131,3,4,7,239,230,469
TAN-015897,2021,EM.1657,7,1,8,332,334,666
TAN-015900,2021,EM.2674,9,1,10,465,567,1032
TAN-015903,2021,EM.6431,8,1,9,309,306,615
TAN-015906,2021,EM.6434,5,12,17,475,588,1063
TAN-015909,2021,EM.5262,6,1,7,346,377,723
TAN-015912,2021,EM.6425,7,1,8,368,376,744
TAN-015915,2021,EM.1658,4,4,8,434,338,772
TAN-015918,2021,EM.6432,6,6,12,305,312,617
TAN-015921,2021,EM.5261,6,3,9,221,204,425
TAN-015924,2021,EM.7271,6,1,7,449,478,927
TAN-015927,2021,EM.12795,7,0,7,234,216,450
TAN-015930,2021,EM.5272,7,0,7,334,362,696
TAN-015933,2021,EM.1660,9,1,10,253,264,517
TAN-015936,2021,EM.6420,3,5,8,337,379,716
TAN-015939,2021,EM.12791,5,3,8,225,253,478
TAN-015942,2021,EM.5265,5,1,6,272,306,578
TAN-015945,2021,EM.2061,5,3,8,282,290,572
TAN-015948,2021,EM.8383,5,11,16,438,456,894
TAN-015951,2021,EM.9283,3,11,14,272,235,507
TAN-015954,2021,EM.3342,11,2,13,266,340,606
TAN-015957,2021,EM.300,14,24,38,763,796,1559
TAN-015960,2021,EM.7866,5,9,14,311,346,657
TAN-015963,2021,EM.1097,8,18,26,489,546,1035
TAN-015966,2021,EM.12801,6,12,18,343,338,681
TAN-015969,2021,EM.9000,4,7,11,263,270,533
TAN-015972,2021,EM.3154,7,3,10,462,484,946
TAN-015975,2021,EM.12100,8,4,12,435,451,886
TAN-015978,2021,EM.1335,7,6,13,387,431,818
TAN-015981,2021,EM.7279,5,3,8,345,308,653
TAN-015984,2021,EM.12802,6,1,7,182,148,330
TAN-015987,2021,EM.6427,2,7,9,202,181,383
TAN-015990,2021,EM.8315,6,5,11,354,394,748
TAN-015993,2021,EM.286,5,6,11,348,379,727
TAN-015996,2021,EM.12793,8,0,8,211,212,423
TAN-015999,2021,EM.6426,2,8,10,297,303,600
TAN-016002,2021,EM.5273,7,0,7,268,280,548
TAN-016005,2021,EM.5275,6,4,10,476,518,994
TAN-016008,2021,EM.7281,4,4,8,229,251,480
TAN-016011,2021,EM.1331,5,2,7,296,318,614
TAN-016014,2021,EM.7868,6,2,8,218,236,454
TAN-016017,2021,EM.1511,4,7,11,371,408,779
TAN-016020,2021,EM.13360,8,2,10,226,240,466
TAN-016023,2021,EM.1336,7,1,8,382,411,793
TAN-016026,2021,EM.8999,9,0,9,323,313,636
TAN-016029,2021,EM.582,8,17,25,595,564,1159
TAN-016032,2021,EM.7269,10,3,13,336,398,734
TAN-016035,2021,EM.8132,9,4,13,520,677,1197
TAN-016038,2021,EM.3925,5,3,8,326,360,686
TAN-016041,2021,EM.1337,6,8,14,296,288,584
TAN-016044,2021,EM.1905,7,1,8,341,340,681
TAN-016047,2021,EM.12794,5,0,5,268,293,561
TAN-016050,2021,EM.3596,5,5,10,264,318,582
TAN-016053,2021,EM.12804,6,3,9,292,308,600
TAN-016056,2021,EM.1338,6,1,7,386,409,795
TAN-016059,2021,EM.4342,6,10,16,700,702,1402
TAN-016061,2021,EM.5282,5,8,13,590,593,1183
TAN-016063,2021,EM.1515,4,4,8,306,311,617
TAN-016065,2021,EM.2298,7,3,10,358,396,754
TAN-016067,2021,EM.915,7,5,12,413,437,850
TAN-016069,2021,EM.9187,7,2,9,225,240,465
TAN-016072,2021,EM.5283,4,9,13,419,424,843
TAN-016074,2021,EM.5285,5,9,14,390,415,805
TAN-016076,2021,EM.5297,8,4,12,406,420,826
TAN-016078,2021,EM.10338,8,20,28,980,1041,2021
TAN-016081,2021,EM.6437,6,1,7,393,419,812
TAN-016083,2021,EM.3597,8,2,10,430,543,973
TAN-016085,2021,EM.6440,6,4,10,386,408,794
TAN-016087,2021,EM.2403,5,6,11,461,547,1008
TAN-016090,2021,EM.3714,4,3,7,391,419,810
TAN-016093,2021,EM.3157,6,2,8,433,476,909
TAN-016095,2021,EM.5279,8,2,10,508,410,918
TAN-016097,2021,EM.1662,7,2,9,261,316,577
TAN-016099,2021,EM.11021,4,9,13,532,596,1128
TAN-016101,2021,EM.287,2,9,11,317,401,718
TAN-016103,2021,EM.2157,7,1,8,379,397,776
TAN-016105,2021,EM.8793,2,6,8,332,320,652
TAN-016107,2021,EM.5281,12,12,24,497,534,1031
TAN-016109,2021,EM.914,10,29,39,1228,1250,2478
TAN-016111,2021,EM.5289,6,12,18,538,612,1150
TAN-016113,2021,EM.9100,6,2,8,225,216,441
TAN-016115,2021,EM.12106,14,38,52,1033,1138,2171
TAN-016117,2021,EM.2297,5,1,6,304,310,614
TAN-016119,2021,EM.7283,4,3,7,231,205,436
TAN-016121,2021,EM.5296,5,1,6,298,361,659
TAN-016123,2021,EM.709,2,6,8,403,383,786
TAN-016125,2021,EM.1339,6,1,7,291,302,593
TAN-016127,2021,EM.15671,4,4,8,371,393,764
TAN-016129,2021,EM.2062,4,6,10,581,572,1153
TAN-016131,2021,EM.13752,4,2,6,320,319,639
TAN-016133,2021,EM.4345,6,2,8,343,418,761
TAN-016135,2021,EM.6438,7,6,13,641,658,1299
TAN-016137,2021,EM.5290,6,2,8,320,398,718
TAN-016138,2021,EM.1340,6,1,7,423,390,813
TAN-016140,2021,EM.6441,7,2,9,389,366,755
TAN-016142,2021,EM.5293,5,4,9,335,402,737
TAN-016144,2021,EM.5295,5,4,9,283,286,569
TAN-016146,2021,EM.8791,5,2,7,321,359,680
TAN-016148,2021,EM.5291,16,0,16,177,189,366
TAN-016151,2021,EM.1341,6,1,7,337,384,721
TAN-016153,2021,EM.1516,10,1,11,366,401,767
TAN-016155,2021,EM.8930,4,1,5,269,239,508
TAN-016157,2021,EM.6439,5,2,7,297,366,663
TAN-016159,2021,EM.4344,9,5,14,566,596,1162
TAN-016161,2021,EM.5292,4,7,11,263,290,553
TAN-016164,2021,EM.7284,5,8,13,207,252,459
TAN-016166,2021,EM.1343,6,11,17,650,625,1275
TAN-016168,2021,EM.13751,5,12,17,415,466,881
TAN-016170,2021,EM.2404,4,7,11,420,406,826
TAN-016172,2021,EM.5284,5,13,18,798,947,1745
TAN-016174,2021,EM.1514,4,5,9,313,294,607
TAN-016176,2021,EM.7871,3,7,10,380,384,764
TAN-016178,2021,EM.12107,7,6,13,652,645,1297
TAN-016180,2021,EM.3927,10,1,11,578,672,1250
TAN-016182,2021,EM.2677,12,5,17,573,606,1179
TAN-016184,2021,EM.13747,6,3,9,371,413,784
TAN-016186,2021,EM.9188,4,3,7,272,269,541
TAN-016188,2021,EM.2679,8,4,12,483,552,1035
TAN-016190,2021,EM.1513,4,2,6,349,338,687
TAN-016192,2021,EM.5286,5,2,7,234,225,459
TAN-016194,2021,EM.515,6,1,7,306,344,650
TAN-016196,2021,EM.201,3,6,9,289,315,604
TAN-016198,2021,EM.6447,3,4,7,259,297,556
TAN-016200,2021,EM.6457,7,3,10,340,356,696
TAN-016202,2021,EM.8135,3,3,6,242,293,535
TAN-016204,2021,EM.9288,6,0,6,234,268,502
TAN-016206,2021,EM.5298,4,10,14,373,409,782
TAN-016208,2021,EM.14150,5,6,11,225,204,429
TAN-016210,2021,EM.1349,8,5,13,309,389,698
TAN-016212,2021,EM.8931,6,12,18,305,360,665
TAN-016214,2021,EM.710,5,3,8,449,499,948
TAN-016216,2021,EM.6449,5,1,6,289,256,545
TAN-016218,2021,EM.14164,7,0,7,285,333,618
TAN-016220,2021,EM.5300,12,10,22,401,382,783
TAN-016222,2021,EM.1098,11,6,17,409,424,833
TAN-016224,2021,EM.14159,5,8,13,304,340,644
TAN-016226,2021,EM.3598,5,2,7,212,222,434
TAN-016228,2021,EM.5304,5,1,6,222,247,469
TAN-016230,2021,EM.14156,7,1,8,333,387,720
TAN-016232,2021,EM.777,4,3,7,283,245,528
TAN-016234,2021,EM.2680,7,10,17,524,540,1064
TAN-016236,2021,EM.4346,7,9,16,528,624,1152
TAN-016238,2021,EM.14144,4,2,6,265,271,536
TAN-016240,2021,EM.12108,8,11,19,549,500,1049
TAN-016242,2021,EM.4349,8,8,16,322,305,627
TAN-016244,2021,EM.14142,6,1,7,377,400,777
TAN-016246,2021,EM.7287,5,4,9,308,256,564
TAN-016248,2021,EM.1347,3,12,15,347,338,685
TAN-016250,2021,EM.1664,7,1,8,417,390,807
TAN-016252,2021,EM.3929,7,1,8,343,368,711
TAN-016254,2021,EM.6458,6,1,7,280,266,546
TAN-016256,2021,EM.6444,8,1,9,238,226,464
TAN-016258,2021,EM.5302,5,4,9,548,583,1131
TAN-016260,2021,EM.5309,8,2,10,477,547,1024
TAN-016262,2021,EM.2812,9,2,11,480,532,1012
TAN-016264,2021,EM.918,4,4,8,247,259,506
TAN-016266,2021,EM.6442,5,3,8,342,342,684
TAN-016268,2021,EM.7286,5,5,10,311,360,671
TAN-016270,2021,EM.1099,8,1,9,416,468,884
TAN-016272,2021,EM.12110,3,4,7,365,346,711
TAN-016274,2021,EM.14158,5,2,7,238,226,464
TAN-016276,2021,EM.14167,4,2,6,185,162,347
TAN-016278,2021,EM.14147,5,2,7,371,477,848
TAN-016280,2021,EM.2063,3,3,6,280,286,566
TAN-016282,2021,EM.14153,5,2,7,288,346,634
TAN-016284,2021,EM.6454,5,3,8,561,550,1111
TAN-016286,2021,EM.1102,4,2,6,290,315,605
TAN-016288,2021,EM.14145,5,0,5,293,326,619
TAN-016290,2021,EM.4347,3,4,7,219,278,497
TAN-016292,2021,EM.1100,7,1,8,409,397,806
TAN-016294,2021,EM.4350,5,1,6,388,428,816
TAN-016296,2021,EM.14157,6,2,8,184,192,376
TAN-016298,2021,EM.6443,4,3,7,344,340,684
TAN-016300,2021,EM.1517,6,3,9,389,448,837
TAN-016302,2021,EM.1345,8,2,10,333,427,760
TAN-016304,2021,EM.14151,3,4,7,228,241,469
TAN-016306,2021,EM.14154,7,0,7,179,193,372
TAN-016308,2021,EM.5310,3,3,6,276,278,554
TAN-016310,2021,EM.1909,9,4,13,699,704,1403
TAN-016312,2021,EM.5306,7,0,7,170,175,345
TAN-016314,2021,EM.3930,6,1,7,188,175,363
TAN-016316,2021,EM.9287,6,3,9,140,171,311
TAN-016318,2021,EM.3158,5,6,11,506,556,1062
TAN-016320,2021,EM.7872,2,8,10,535,517,1052
TAN-016322,2021,EM.14155,6,2,8,345,357,702
TAN-016324,2021,EM.1350,5,5,10,472,516,988
TAN-016326,2021,EM.9189,6,2,8,239,307,546
TAN-016328,2021,EM.8133,4,2,6,209,247,456
TAN-016330,2021,EM.6451,6,3,9,445,406,851
TAN-016332,2021,EM.3344,5,4,9,340,365,705
TAN-016334,2021,EM.8316,6,1,7,339,320,659
TAN-016336,2021,EM.2406,5,2,7,486,447,933
TAN-016338,2021,EM.6445,7,8,15,598,598,1196
TAN-016340,2021,EM.6448,5,2,7,290,274,564
TAN-016342,2021,EM.6450,5,1,6,355,384,739
TAN-016344,2021,EM.1518,6,3,9,378,392,770
TAN-016346,2021,EM.14162,4,4,8,180,178,358
TAN-016348,2021,EM.7288,6,1,7,310,358,668
TAN-016350,2021,EM.5305,6,4,10,348,320,668
TAN-016352,2021,EM.1348,4,4,8,276,270,546
TAN-016354,2021,EM.1665,6,1,7,256,271,527
TAN-016356,2021,EM.12112,3,7,10,511,579,1090
TAN-016358,2021,EM.14166,4,1,5,286,266,552
TAN-016360,2021,EM.14148,4,9,13,366,474,840
TAN-016362,2021,EM.12109,9,24,33,802,964,1766
TAN-016364,2021,EM.9001,8,29,37,1310,1337,2647
TAN-016366,2021,EM.347,8,21,29,679,788,1467
TAN-016368,2021,EM.1663,22,18,40,698,648,1346
TAN-016370,2021,EM.4351,1,19,20,320,434,754
TAN-016372,2021,EM.14152,8,4,12,368,433,801
TAN-016374,2021,EM.13754,6,5,11,275,290,565
TAN-016376,2021,EM.3928,6,2,8,247,338,585
TAN-016378,2021,EM.917,8,2,10,401,502,903
TAN-016380,2021,EM.14165,5,2,7,209,256,465
TAN-016382,2021,EM.6452,3,4,7,287,385,672
TAN-016384,2021,EM.8134,6,0,6,256,276,532
TAN-016386,2021,EM.7873,10,4,14,424,513,937
TAN-016388,2021,EM.9285,6,0,6,220,240,460
TAN-016390,2021,EM.14461,7,1,8,191,218,409
TAN-016392,2021,EM.2572,6,1,7,270,295,565
TAN-016394,2021,EM.5303,5,1,6,294,310,604
TAN-016396,2021,EM.6453,7,1,8,338,397,735
TAN-016398,2021,EM.8794,6,1,7,264,262,526
TAN-016400,2021,EM.5301,5,3,8,433,428,861
TAN-016402,2021,EM.1908,4,3,7,209,216,425
TAN-016404,2021,EM.2301,7,2,9,278,373,651
TAN-016406,2021,EM.916,4,2,6,282,261,543
TAN-016408,2021,EM.3599,5,5,10,410,429,839
TAN-016410,2021,EM.4348,5,13,18,225,192,417
TAN-016412,2021,EM.5308,8,1,9,254,297,551
TAN-016414,2021,EM.14163,7,6,13,175,228,403
TAN-016416,2021,EM.5312,4,9,13,366,339,705
TAN-016418,2021,EM.919,2,13,15,293,321,614
TAN-016420,2021,EM.516,11,24,35,799,914,1713
TAN-016422,2021,EM.14146,6,18,24,524,519,1043
TAN-016424,2021,EM.14149,4,12,16,324,349,673
TAN-016426,2021,EM.14161,9,24,33,790,867,1657
TAN-016428,2021,EM.12113,6,23,29,644,703,1347
TAN-016430,2021,EM.11426,8,8,16,161,167,328
TAN-016432,2021,EM.1351,15,70,85,1658,1845,3503
TAN-016434,2021,EM.5314,10,75,85,1941,1979,3920
TAN-016436,2021,EM.12114,3,26,29,629,645,1274
TAN-016438,2021,EM.1352,4,13,17,274,310,584
TAN-016440,2021,EM.3931,7,26,33,713,634,1347
TAN-016442,2021,EM.8649,12,29,41,1492,1594,3086
TAN-016444,2021,EM.5313,6,17,23,438,482,920
TAN-016446,2021,EM.10654,9,8,17,343,338,681
TAN-016448,2021,EM.11429,13,6,19,308,284,592
TAN-016450,2021,EM.3600,13,24,37,840,878,1718
TAN-016452,2021,EM.12121,3,18,21,679,655,1334
TAN-016454,2021,EM.12127,7,34,41,997,1015,2012
TAN-016456,2021,EM.12145,5,25,30,380,518,898
TAN-016458,2021,EM.8716,4,34,38,773,831,1604
TAN-016460,2021,EM.12123,11,13,24,720,694,1414
TAN-016462,2021,EM.12126,3,12,15,226,225,451
TAN-016464,2021,EM.2681,6,16,22,101,102,203
TAN-016466,2021,EM.1666,5,9,14,247,225,472
TAN-016468,2021,EM.12119,21,12,33,1148,1248,2396
TAN-016470,2021,EM.14674,5,15,20,705,773,1478
TAN-016472,2021,EM.12140,11,30,41,1320,1423,2743
TAN-016474,2021,EM.12143,13,13,26,1064,1053,2117
TAN-016476,2021,EM.58,9,18,27,308,331,639
TAN-016478,2021,EM.3346,6,12,18,209,218,427
TAN-016480,2021,EM.1520,10,57,67,1275,1343,2618
TAN-016482,2021,EM.14892,6,50,56,1127,1177,2304
TAN-016484,2021,EM.12144,10,26,36,1043,1009,2052
TAN-016486,2021,EM.5316,4,14,18,168,137,305
TAN-016488,2021,EM.249,8,11,19,329,317,646
TAN-016490,2021,EM.12130,6,11,17,322,353,675
TAN-016492,2021,EM.3601,5,21,26,636,607,1243
TAN-016494,2021,EM.12132,8,10,18,422,492,914
TAN-016496,2021,EM.12148,13,17,30,411,354,765
TAN-016498,2021,EM.12151,3,19,22,489,509,998
TAN-016500,2021,EM.2951,13,9,22,446,511,957
TAN-016503,2021,EM.4364,5,5,10,253,222,475
TAN-016506,2021,EM.6472,6,3,9,335,354,689
TAN-016509,2021,EM.1521,6,6,12,389,444,833
TAN-016512,2021,EM.3602,9,3,12,453,556,1009
TAN-016515,2021,EM.6469,9,1,10,406,452,858
TAN-016518,2021,EM.2160,8,2,10,340,395,735
TAN-016521,2021,EM.6461,8,6,14,465,516,981
TAN-016524,2021,EM.5317,7,0,7,274,259,533
TAN-016527,2021,EM.6463,7,2,9,285,319,604
TAN-016530,2021,EM.6466,7,2,9,341,347,688
TAN-016533,2021,EM.12812,15,14,29,1479,1554,3033
TAN-016536,2021,EM.1353,17,6,23,767,778,1545
TAN-016539,2021,EM.7289,11,0,11,321,360,681
TAN-016542,2021,EM.6471,12,4,16,819,824,1643
TAN-016545,2021,EM.10205,7,37,44,648,765,1413
TAN-016548,2021,EM.12154,11,30,41,854,868,1722
TAN-016551,2021,EM.3348,11,27,38,968,985,1953
TAN-016554,2021,EM.4356,9,0,9,50,57,107
TAN-016557,2021,EM.9292,5,1,6,332,384,716
TAN-016560,2021,EM.6468,9,0,9,356,373,729
TAN-016563,2021,EM.15678,9,8,17,860,948,1808
TAN-016566,2021,EM.17176,7,2,9,326,310,636
TAN-016569,2021,EM.9544,7,2,9,404,361,765
TAN-016572,2021,EM.7292,8,1,9,328,384,712
TAN-016575,2021,EM.5320,7,1,8,354,353,707
TAN-016578,2021,EM.12156,7,2,9,135,151,286
TAN-016581,2021,EM.2498,10,4,14,709,782,1491
TAN-016584,2021,EM.6473,9,3,12,642,631,1273
TAN-016587,2021,EM.13756,10,1,11,339,389,728
TAN-016590,2021,EM.9543,8,4,12,306,292,598
TAN-016593,2021,EM.1742,6,3,9,540,531,1071
TAN-016596,2021,EM.1743,9,2,11,502,474,976
TAN-016599,2021,EM.1669,11,7,18,818,856,1674
TAN-016602,2021,EM.9291,10,2,12,195,180,375
TAN-016605,2021,EM.1355,6,4,10,561,545,1106
TAN-016608,2021,EM.4363,5,4,9,312,302,614
TAN-016611,2021,EM.2065,8,5,13,573,563,1136
TAN-016614,2021,EM.1356,5,2,7,404,381,785
TAN-016617,2021,EM.1980,7,9,16,418,435,853
TAN-016620,2021,EM.6460,5,4,9,409,422,831
TAN-016623,2021,EM.4358,6,3,9,231,222,453
TAN-016626,2021,EM.5319,5,6,11,423,498,921
TAN-016629,2021,EM.711,7,7,14,533,539,1072
TAN-016632,2021,EM.5321,7,3,10,524,534,1058
TAN-016635,2021,EM.17174,8,3,11,398,448,846
TAN-016637,2021,EM.6467,6,5,11,482,526,1008
TAN-016640,2021,EM.8650,9,2,11,259,280,539
TAN-016643,2021,EM.5323,6,10,16,864,920,1784
TAN-016646,2021,EM.3347,9,5,14,545,535,1080
TAN-016649,2021,EM.7290,12,27,39,869,898,1767
TAN-016652,2021,EM.4362,7,7,14,303,323,626
TAN-016655,2021,EM.92,7,0,7,378,414,792
TAN-016658,2021,EM.2953,4,8,12,450,490,940
TAN-016661,2021,EM.9542,9,2,11,332,394,726
TAN-016664,2021,EM.1668,7,2,9,532,507,1039
TAN-016667,2021,EM.4366,11,2,13,654,641,1295
TAN-016670,2021,EM.920,10,12,22,767,779,1546
TAN-016673,2021,EM.7291,9,12,21,513,484,997
TAN-016676,2021,EM.12813,13,21,34,630,664,1294
TAN-016679,2021,EM.921,17,32,49,667,672,1339
TAN-016682,2021,EM.9102,9,2,11,502,552,1054
TAN-016685,2021,EM.6462,9,2,11,243,305,548
TAN-016688,2021,EM.1670,12,14,26,739,786,1525
TAN-016691,2021,EM.6475,13,2,15,647,707,1354
TAN-016694,2021,EM.1103,14,3,17,470,494,964
TAN-016697,2021,EM.1744,10,2,12,307,318,625
TAN-016700,2021,EM.5322,11,20,31,768,739,1507
TAN-016703,2021,EM.6499,4,3,7,122,130,252
TAN-016705,2021,EM.14179,4,1,5,47,31,78
TAN-016707,2021,EM.10339,2,3,5,129,115,244
TAN-016709,2021,EM.10344,5,1,6,88,101,189
TAN-016711,2021,EM.457,2,2,4,145,147,292
TAN-016713,2021,EM.10843,3,1,4,98,97,195
TAN-016715,2021,EM.2161,2,1,3,191,168,359
TAN-016717,2021,EM.6506,2,5,7,178,193,371
TAN-016719,2021,EM.11447,1,3,4,26,42,68
TAN-016721,2021,EM.8388,2,3,5,111,94,205
TAN-016723,2021,EM.782,6,3,9,248,216,464
TAN-016725,2021,EM.9388,1,5,6,120,128,248
TAN-016727,2021,EM.6503,4,2,6,198,194,392
TAN-016729,2021,EM.8865,3,4,7,57,52,109
TAN-016731,2021,EM.10340,4,13,17,418,436,854
TAN-016733,2021,EM.10345,3,4,7,139,116,255
TAN-016735,2021,EM.521,7,4,11,281,242,523
TAN-016737,2021,EM.7880,5,4,9,174,183,357
TAN-016739,2021,EM.6505,6,3,9,152,154,306
TAN-016741,2021,EM.6508,6,3,9,253,210,463
TAN-016743,2021,EM.7878,3,1,4,129,114,243
TAN-016745,2021,EM.10341,5,1,6,128,133,261
TAN-016747,2021,EM.10841,3,1,4,54,44,98
TAN-016749,2021,EM.639,4,4,8,165,166,331
TAN-016751,2021,EM.14474,4,1,5,122,124,246
TAN-016753,2021,EM.9293,4,3,7,71,74,145
TAN-016755,2021,EM.5333,6,1,7,90,104,194
TAN-016757,2021,EM.10343,6,0,6,54,61,115
TAN-016759,2021,EM.14173,5,1,6,137,137,274
TAN-016761,2021,EM.522,2,5,7,196,239,435
TAN-016763,2021,EM.4372,3,3,6,147,142,289
TAN-016765,2021,EM.6509,4,3,7,142,156,298
TAN-016767,2021,EM.523,5,2,7,134,161,295
TAN-016769,2021,EM.9192,3,3,6,190,182,372
TAN-016771,2021,EM.9389,3,1,4,144,158,302
TAN-016773,2021,EM.7298,2,3,5,134,134,268
TAN-016775,2021,EM.8136,3,3,6,97,98,195
TAN-016777,2021,EM.4370,3,4,7,186,177,363
TAN-016779,2021,EM.9917,3,2,5,62,66,128
TAN-016781,2021,EM.405,2,5,7,207,181,388
TAN-016783,2021,EM.365,3,3,6,191,177,368
TAN-016785,2021,EM.14679,4,3,7,103,95,198
TAN-016787,2021,EM.8236,6,1,7,105,117,222
TAN-016789,2021,EM.9916,4,1,5,69,58,127
TAN-016791,2021,EM.8387,5,3,8,224,189,413
TAN-016793,2021,EM.6502,6,3,9,159,162,321
TAN-016795,2021,EM.4373,3,5,8,150,171,321
TAN-016797,2021,EM.10206,5,1,6,57,58,115
TAN-016799,2021,EM.10842,4,1,5,77,91,168
TAN-016801,2021,EM.3161,5,2,7,224,173,397
TAN-016803,2021,EM.7881,5,1,6,48,52,100
TAN-016805,2021,EM.14176,5,1,6,40,60,100
TAN-016807,2021,EM.2500,3,3,6,175,152,327
TAN-016809,2021,EM.9390,3,3,6,45,48,93
TAN-016811,2021,EM.6500,0,5,5,110,114,224
TAN-016813,2021,EM.10840,4,2,6,72,75,147
TAN-016815,2021,EM.6501,2,3,5,87,104,191
TAN-016817,2021,EM.5335,3,5,8,219,205,424
TAN-016819,2021,EM.14177,6,10,16,330,362,692
TAN-016821,2021,EM.8318,3,4,7,180,193,373
TAN-016823,2021,EM.7295,5,4,9,172,182,354
TAN-016825,2021,EM.9003,3,3,6,118,123,241
TAN-016827,2021,EM.3932,4,2,6,163,182,345
TAN-016829,2021,EM.584,5,5,10,166,175,341
TAN-016831,2021,EM.9545,3,3,6,117,110,227
TAN-016833,2021,EM.1912,5,3,8,131,108,239
TAN-016835,2021,EM.9193,3,3,6,73,68,141
TAN-016837,2021,EM.8235,2,4,6,145,138,283
TAN-016839,2021,EM.10207,4,2,6,88,68,156
TAN-016841,2021,EM.6504,5,1,6,207,247,454
TAN-016843,2021,EM.1358,4,4,8,273,243,516
TAN-016845,2021,EM.2814,3,3,6,159,155,314
TAN-016847,2021,EM.6507,4,5,9,157,150,307
TAN-016849,2021,EM.10844,3,3,6,62,44,106
TAN-016851,2021,EM.5330,1,7,8,276,267,543
TAN-016853,2021,EM.520,3,3,6,166,178,344
TAN-016855,2021,EM.5332,2,4,6,132,113,245
TAN-016857,2021,EM.459,4,3,7,170,133,303
TAN-016859,2021,EM.5334,2,4,6,133,145,278
TAN-016861,2021,EM.11446,1,5,6,60,46,106
TAN-016863,2021,EM.7296,2,4,6,159,167,326
TAN-016865,2021,EM.406,2,8,10,275,256,531
TAN-016869,2021,EM.7487,8,7,15,431,413,844
TAN-016873,2021,EM.5329,7,4,11,257,257,514
TAN-016875,2021,EM.14175,7,1,8,125,149,274
TAN-016877,2021,EM.13368,3,5,8,174,182,356
TAN-016879,2021,EM.3349,6,4,10,189,199,388
TAN-016881,2021,EM.7297,5,2,7,181,153,334
TAN-016883,2021,EM.2412,3,2,5,78,79,157
TAN-016885,2021,EM.5331,5,3,8,149,151,300
TAN-016887,2021,EM.5336,4,1,5,237,221,458
TAN-016889,2021,EM.15683,4,3,7,211,199,410
TAN-016891,2021,EM.15690,6,4,10,184,182,366
TAN-016893,2021,EM.15701,2,1,3,133,147,280
TAN-016895,2021,EM.15707,2,4,6,174,177,351
TAN-016897,2021,EM.15711,3,3,6,112,119,231
TAN-016899,2021,EM.15682,3,4,7,173,170,343
TAN-016901,2021,EM.15686,6,2,8,241,272,513
TAN-016903,2021,EM.15691,3,13,16,385,353,738
TAN-016905,2021,EM.15693,4,13,17,352,404,756
TAN-016907,2021,EM.15689,5,7,12,337,321,658
TAN-016909,2021,EM.15695,6,4,10,262,227,489
TAN-016911,2021,EM.15698,9,6,15,218,238,456
TAN-016913,2021,EM.15706,4,2,6,143,160,303
TAN-016915,2021,EM.15716,7,3,10,191,198,389
TAN-016917,2021,EM.15681,4,16,20,386,411,797
TAN-016919,2021,EM.15694,4,17,21,454,507,961
TAN-016921,2021,EM.15697,2,15,17,376,354,730
TAN-016923,2021,EM.15684,6,3,9,276,282,558
TAN-016925,2021,EM.15704,5,2,7,154,192,346
TAN-016927,2021,EM.15680,4,13,17,348,342,690
TAN-016929,2021,EM.15708,5,9,14,223,256,479
TAN-016931,2021,EM.15685,5,6,11,179,197,376
TAN-016933,2021,EM.15692,4,3,7,143,134,277
TAN-016935,2021,EM.15700,5,4,9,304,256,560
TAN-016937,2021,EM.15710,7,3,10,237,222,459
TAN-016939,2021,EM.15712,2,5,7,142,149,291
TAN-016941,2021,EM.366,2,7,9,84,77,161
TAN-016943,2021,EM.6510,5,1,6,35,40,75
TAN-016945,2021,EM.14680,2,2,4,41,37,78
TAN-016947,2021,EM.5339,3,4,7,94,57,151
TAN-016949,2021,EM.6513,4,3,7,36,37,73
TAN-016951,2021,EM.1359,2,2,4,115,123,238
TAN-016953,2021,EM.5344,4,2,6,178,155,333
TAN-016955,2021,EM.6525,3,2,5,92,99,191
TAN-016957,2021,EM.1108,2,6,8,74,86,160
TAN-016959,2021,EM.4375,3,3,6,50,71,121
TAN-016961,2021,EM.5345,2,4,6,58,65,123
TAN-016963,2021,EM.5346,5,1,6,55,51,106
TAN-016965,2021,EM.4377,4,1,5,140,168,308
TAN-016967,2021,EM.6518,3,2,5,98,96,194
TAN-016969,2021,EM.1528,8,1,9,228,250,478
TAN-016971,2021,EM.6526,4,2,6,59,68,127
TAN-016973,2021,EM.1524,6,0,6,158,124,282
TAN-016975,2021,EM.7299,3,2,5,42,28,70
TAN-016977,2021,EM.5340,6,0,6,153,129,282
TAN-016979,2021,EM.7882,2,3,5,101,123,224
TAN-016981,2021,EM.1527,4,2,6,106,126,232
TAN-016983,2021,EM.4374,4,3,7,215,155,370
TAN-016985,2021,EM.6515,5,0,5,108,86,194
TAN-016987,2021,EM.7301,4,2,6,68,73,141
TAN-016989,2021,EM.4376,2,3,5,73,80,153
TAN-016991,2021,EM.1526,3,5,8,114,124,238
TAN-016993,2021,EM.5343,6,1,7,99,87,186
TAN-016995,2021,EM.6514,4,2,6,161,147,308
TAN-016997,2021,EM.1360,4,8,12,227,235,462
TAN-016999,2021,EM.14895,4,3,7,57,76,133
TAN-017000,2021,EM.8932,2,10,12,234,219,453
TAN-017002,2021,EM.6519,3,5,8,63,53,116
TAN-017004,2021,EM.6522,6,5,11,164,172,336
TAN-017006,2021,EM.3162,6,0,6,144,153,297
TAN-017008,2021,EM.6521,5,1,6,141,184,325
TAN-017010,2021,EM.2068,3,2,5,65,60,125
TAN-017012,2021,EM.8237,2,2,4,23,14,37
TAN-017014,2021,EM.13757,4,1,5,26,19,45
TAN-017016,2021,EM.13758,4,1,5,54,41,95
TAN-017018,2021,EM.7304,1,4,5,41,29,70
TAN-017020,2021,EM.6517,8,1,9,103,78,181
TAN-017022,2021,EM.17179,2,4,6,64,42,106
TAN-017024,2021,EM.11025,3,2,5,47,49,96
TAN-017026,2021,EM.1109,4,2,6,29,27,56
TAN-017028,2021,EM.3350,4,3,7,31,30,61
TAN-017030,2021,EM.14475,5,3,8,278,251,529
TAN-017032,2021,EM.3351,3,4,7,179,169,348
TAN-017034,2021,EM.8319,2,3,5,40,45,85
TAN-017036,2021,EM.3163,2,4,6,81,82,163
TAN-017038,2021,EM.407,3,3,6,116,125,241
TAN-017040,2021,EM.7305,2,5,7,105,84,189
TAN-017042,2021,EM.5348,5,1,6,67,61,128
TAN-017044,2021,EM.3605,4,2,6,57,52,109
TAN-017046,2021,EM.2303,4,1,5,84,71,155
TAN-017048,2021,EM.1835,6,1,7,143,125,268
TAN-017050,2021,EM.13760,4,2,6,27,30,57
TAN-017052,2021,EM.5347,5,1,6,91,81,172
TAN-017054,2021,EM.6528,4,1,5,90,92,182
TAN-017056,2021,EM.9195,3,2,5,18,21,39
TAN-017058,2021,EM.1525,2,4,6,44,45,89
TAN-017060,2021,EM.6527,2,3,5,28,22,50
TAN-017062,2021,EM.8238,5,1,6,80,69,149
TAN-017064,2021,EM.8137,2,7,9,134,146,280
TAN-017066,2021,EM.924,4,10,14,268,232,500
TAN-017068,2021,EM.3933,6,2,8,154,133,287
TAN-017070,2021,EM.7307,5,1,6,57,55,112
TAN-017072,2021,EM.7300,4,4,8,105,99,204
TAN-017074,2021,EM.6516,4,6,10,138,142,280
TAN-017076,2021,EM.2816,5,5,10,217,236,453
TAN-017078,2021,EM.8138,5,1,6,95,82,177
TAN-017080,2021,EM.13759,5,1,6,49,55,104
TAN-017082,2021,EM.6520,5,2,7,61,43,104
TAN-017084,2021,EM.2817,4,1,5,84,74,158
TAN-017086,2021,EM.6523,4,1,5,115,125,240
TAN-017088,2021,EM.6512,2,4,6,64,61,125
TAN-017090,2021,EM.11024,1,9,10,210,202,412
TAN-017092,2021,EM.3606,4,11,15,196,155,351
TAN-017094,2021,EM.6529,4,2,6,91,77,168
TAN-017096,2021,EM.6511,2,2,4,75,41,116
TAN-017098,2021,EM.7306,5,2,7,41,45,86
TAN-017100,2021,EM.1361,4,4,8,151,169,320
TAN-017102,2021,EM.7308,4,1,5,52,59,111
TAN-017104,2021,EM.7310,7,2,9,264,258,522
TAN-017106,2021,EM.2685,5,1,6,144,123,267
TAN-017108,2021,EM.7309,3,3,6,146,165,311
TAN-017110,2021,EM.12815,4,3,7,161,177,338
TAN-017112,2021,EM.9918,6,1,7,142,160,302
TAN-017114,2021,EM.6534,2,3,5,92,103,195
TAN-017116,2021,EM.6533,5,3,8,120,144,264
TAN-017118,2021,EM.12162,4,4,8,178,196,374
TAN-017120,2021,EM.2686,6,5,11,255,254,509
TAN-017122,2021,EM.1362,6,5,11,345,399,744
TAN-017124,2021,EM.12161,4,4,8,243,204,447
TAN-017126,2021,EM.4380,2,5,7,184,202,386
TAN-017128,2021,EM.9294,4,3,7,130,107,237
TAN-017130,2021,EM.4378,5,5,10,273,333,606
TAN-017132,2021,EM.14181,3,4,7,150,145,295
TAN-017134,2021,EM.5350,4,4,8,193,206,399
TAN-017136,2021,EM.3608,8,5,13,291,300,591
TAN-017138,2021,EM.4379,4,4,8,179,162,341
TAN-017140,2021,EM.9005,5,5,10,280,299,579
TAN-017142,2021,EM.11449,6,1,7,114,96,210
TAN-017144,2021,EM.6535,5,4,9,202,187,389
TAN-017146,2021,EM.10656,5,2,7,96,90,186
TAN-017148,2021,EM.8866,4,1,5,119,107,226
TAN-017150,2021,EM.7884,3,6,9,186,190,376
TAN-017152,2021,EM.5352,1,11,12,298,273,571
TAN-017154,2021,EM.8599,2,4,6,130,129,259
TAN-017156,2021,EM.8795,3,4,7,156,149,305
TAN-017158,2021,EM.6532,4,1,5,156,173,329
TAN-017160,2021,EM.14476,5,2,7,180,184,364
TAN-017162,2021,EM.14182,5,2,7,77,78,155
TAN-017164,2021,EM.6536,4,1,5,105,89,194
TAN-017166,2021,EM.1981,5,2,7,243,254,497
TAN-017168,2021,EM.4382,5,5,10,200,196,396
TAN-017170,2021,EM.6540,5,1,6,52,39,91
TAN-017172,2021,EM.783,6,2,8,174,146,320
TAN-017174,2021,EM.4383,2,4,6,258,208,466
TAN-017176,2021,EM.3935,5,4,9,302,280,582
TAN-017178,2021,EM.2956,4,2,6,233,232,465
TAN-017180,2021,EM.1363,6,2,8,137,142,279
TAN-017182,2021,EM.1677,6,3,9,221,212,433
TAN-017184,2021,EM.9920,4,3,7,138,125,263
TAN-017186,2021,EM.6542,5,1,6,95,114,209
TAN-017188,2021,EM.9198,4,4,8,196,178,374
TAN-017190,2021,EM.6537,8,1,9,177,170,347
TAN-017192,2021,EM.9546,2,5,7,72,68,140
TAN-017194,2021,EM.10211,6,4,10,193,159,352
TAN-017196,2021,EM.2687,5,4,9,166,201,367
TAN-017198,2021,EM.10210,5,1,6,85,63,148
TAN-017200,2021,EM.4381,7,0,7,113,86,199
TAN-017202,2021,EM.2501,1,6,7,126,93,219
TAN-017204,2021,EM.7312,4,5,9,171,175,346
TAN-017206,2021,EM.9197,5,2,7,171,171,342
TAN-017208,2021,EM.5354,8,0,8,186,165,351
TAN-017210,2021,EM.13369,2,5,7,51,75,126
TAN-017212,2021,EM.12164,2,7,9,136,168,304
TAN-017214,2021,EM.3352,5,5,10,292,290,582
TAN-017216,2021,EM.6539,4,2,6,116,107,223
TAN-017218,2021,EM.3934,2,3,5,194,194,388
TAN-017220,2021,EM.12817,3,2,5,100,101,201
TAN-017222,2021,EM.17635,2,5,7,189,163,352
TAN-017223,2021,EM.2069,1,6,7,198,196,394
TAN-017225,2021,EM.7313,3,2,5,235,292,527
TAN-017227,2021,EM.6543,4,3,7,185,204,389
TAN-017229,2021,EM.11026,4,4,8,86,62,148
TAN-017231,2021,EM.14682,4,3,7,15,16,31
TAN-017233,2021,EM.12163,3,18,21,435,444,879
TAN-017235,2021,EM.12816,2,10,12,231,260,491
TAN-017237,2021,EM.102,0,13,13,269,316,585
TAN-017239,2021,EM.2413,0,15,15,305,281,586
TAN-017241,2021,EM.926,2,13,15,278,277,555
TAN-017243,2021,EM.13370,2,12,14,274,267,541
TAN-017245,2021,EM.11027,3,4,7,25,23,48
TAN-017247,2021,EM.8933,6,14,20,350,328,678
TAN-017249,2021,EM.2304,6,5,11,236,209,445
TAN-017251,2021,EM.1530,4,15,19,409,437,846
TAN-017253,2021,EM.10657,1,5,6,82,83,165
TAN-017255,2021,EM.11450,9,6,15,197,175,372
TAN-017257,2021,EM.14477,1,4,5,107,98,205
TAN-017259,2021,EM.14188,2,4,6,152,131,283
TAN-017261,2021,EM.6546,3,9,12,311,279,590
TAN-017263,2021,EM.17984,2,9,11,182,198,380
TAN-017265,2021,EM.2957,2,6,8,159,179,338
TAN-017266,2021,EM.14187,3,3,6,56,45,101
TAN-017268,2021,EM.11451,2,2,4,100,102,202
TAN-017270,2021,EM.1364,6,2,8,167,200,367
TAN-017271,2021,EM.14183,3,4,7,162,149,311
TAN-017273,2021,EM.14184,2,4,6,96,88,184
TAN-017275,2021,EM.14185,3,5,8,137,135,272
TAN-017277,2021,EM.14186,4,3,7,96,66,162
TAN-017279,2021,EM.14189,0,5,5,152,171,323
TAN-017281,2021,EM.250,5,11,16,194,195,389
TAN-017283,2021,EM.585,5,2,7,131,126,257
TAN-017285,2021,EM.10846,4,2,6,83,82,165
TAN-017287,2021,EM.6544,1,12,13,341,295,636
TAN-017289,2021,EM.1110,2,3,5,109,107,216
TAN-017291,2021,EM.7314,4,2,6,98,99,197
TAN-017294,2021,EM.12822,7,9,16,346,305,651
TAN-017297,2021,EM.2958,8,16,24,359,345,704
TAN-017300,2021,EM.2070,4,8,12,226,200,426
TAN-017303,2021,EM.12166,6,2,8,25,29,54
TAN-017306,2021,EM.1747,5,6,11,324,334,658
TAN-017309,2021,EM.6547,2,8,10,296,256,552
TAN-017312,2021,EM.6550,7,2,9,229,236,465
TAN-017315,2021,EM.6552,3,9,12,318,325,643
TAN-017318,2021,EM.784,5,27,32,820,718,1538
TAN-017321,2021,EM.2414,2,26,28,674,661,1335
TAN-017324,2021,EM.7885,5,5,10,219,209,428
TAN-017327,2021,EM.267,5,23,28,714,649,1363
TAN-017330,2021,EM.5359,5,6,11,165,175,340
TAN-017333,2021,EM.14683,6,19,25,628,627,1255
TAN-017336,2021,EM.6549,6,20,26,472,450,922
TAN-017339,2021,EM.12821,21,13,34,235,249,484
TAN-017340,2021,EM.6548,4,6,10,301,282,583
TAN-017343,2021,EM.1982,3,8,11,351,322,673
TAN-017346,2021,EM.251,6,9,15,418,420,838
TAN-017349,2021,EM.12165,4,3,7,143,117,260
TAN-017350,2021,EM.9391,1,10,11,92,79,171
TAN-017353,2021,EM.408,3,10,13,234,243,477
TAN-017356,2021,EM.6553,2,5,7,71,72,143
TAN-017359,2021,EM.4385,6,26,32,851,803,1654
TAN-017362,2021,EM.12824,3,2,5,70,78,148
TAN-017365,2021,EM.7315,3,5,8,201,180,381
TAN-017368,2021,EM.15150,9,7,16,263,224,487
TAN-017371,2021,EM.14685,4,14,18,328,342,670
TAN-017373,2021,EM.12825,4,2,6,101,82,183
TAN-017376,2021,EM.5364,2,4,6,243,295,538
TAN-017379,2021,EM.3169,4,19,23,616,637,1253
TAN-017382,2021,EM.5366,6,10,16,339,299,638
TAN-017385,2021,EM.927,8,5,13,874,829,1703
TAN-017388,2021,EM.2415,7,0,7,347,322,669
TAN-017391,2021,EM.5362,4,1,5,234,249,483
TAN-017394,2021,EM.7886,2,3,5,137,167,304
TAN-017397,2021,EM.1984,3,5,8,412,392,804
TAN-017400,2021,EM.1531,2,3,5,239,245,484
TAN-017401,2021,EM.14191,6,0,6,223,239,462
TAN-017402,2021,EM.12823,7,6,13,645,583,1228
TAN-017405,2021,EM.928,7,10,17,659,690,1349
TAN-017408,2021,EM.14689,7,8,15,530,494,1024
TAN-017410,2021,EM.8139,6,1,7,153,152,305
TAN-017413,2021,EM.6561,4,3,7,191,183,374
TAN-017416,2021,EM.9296,2,3,5,196,202,398
TAN-017419,2021,EM.14479,4,2,6,133,102,235
TAN-017420,2021,EM.3166,10,18,28,891,855,1746
TAN-017423,2021,EM.10496,4,2,6,201,192,393
TAN-017426,2021,EM.3354,2,4,6,148,179,327
TAN-017429,2021,EM.12171,3,7,10,149,155,304
TAN-017432,2021,EM.6554,5,1,6,132,112,244
TAN-017435,2021,EM.202,2,3,5,84,88,172
TAN-017438,2021,EM.6558,1,4,5,133,133,266
TAN-017441,2021,EM.1985,3,3,6,374,304,678
TAN-017444,2021,EM.3611,3,4,7,380,429,809
TAN-017447,2021,EM.2959,3,3,6,310,318,628
TAN-017450,2021,EM.3936,4,2,6,296,338,634
TAN-017453,2021,EM.929,2,4,6,289,274,563
TAN-017456,2021,EM.3353,3,4,7,432,476,908
TAN-017459,2021,EM.11454,4,3,7,120,132,252
TAN-017462,2021,EM.1748,4,5,9,475,502,977
TAN-017465,2021,EM.4387,6,0,6,240,240,480
TAN-017468,2021,EM.14190,4,1,5,90,93,183
TAN-017470,2021,EM.5363,5,1,6,147,166,313
TAN-017473,2021,EM.4390,4,1,5,140,121,261
TAN-017476,2021,EM.6559,5,3,8,498,586,1084
TAN-017479,2021,EM.10847,5,2,7,214,139,353
TAN-017480,2021,EM.3167,5,1,6,367,452,819
TAN-017483,2021,EM.3168,4,3,7,305,300,605
TAN-017486,2021,EM.1111,2,7,9,523,536,1059
TAN-017489,2021,EM.2960,5,1,6,93,115,208
TAN-017492,2021,EM.6555,4,6,10,400,418,818
TAN-017495,2021,EM.5361,1,6,7,258,255,513
TAN-017498,2021,EM.163,2,3,5,156,149,305
TAN-017501,2021,EM.17185,4,2,6,333,297,630
TAN-017504,2021,EM.4391,4,1,5,186,197,383
TAN-017507,2021,EM.713,3,12,15,486,455,941
TAN-017510,2021,EM.7320,5,0,5,94,83,177
TAN-017511,2021,EM.4388,4,2,6,147,172,319
TAN-017514,2021,EM.8240,7,5,12,335,310,645
TAN-017517,2021,EM.4389,5,11,16,413,432,845
TAN-017520,2021,EM.7319,6,6,12,257,257,514
TAN-017523,2021,EM.1983,12,26,38,729,741,1470
TAN-017526,2021,EM.930,5,1,6,90,80,170
TAN-017529,2021,EM.6562,4,10,14,364,309,673
TAN-017532,2021,EM.12172,5,1,6,108,107,215
TAN-017535,2021,EM.6557,3,1,4,62,65,127
TAN-017538,2021,EM.1836,2,3,5,222,209,431
TAN-017541,2021,EM.5365,6,2,8,212,194,406
TAN-017544,2021,EM.6560,3,2,5,135,136,271
TAN-017547,2021,EM.3170,4,3,7,63,94,157
TAN-017550,2021,EM.4386,3,3,6,380,336,716
TAN-017553,2021,EM.6556,5,2,7,188,176,364
TAN-017556,2021,EM.10658,3,2,5,119,94,213
TAN-017559,2021,EM.3355,5,22,27,617,673,1290
TAN-017562,2021,EM.4392,6,5,11,241,236,477
TAN-017565,2021,EM.2574,6,17,23,416,419,835
TAN-017568,2021,EM.6565,3,5,8,145,120,265
TAN-017571,2021,EM.7887,5,2,7,155,133,288
TAN-017574,2021,EM.14192,4,2,6,111,118,229
TAN-017576,2021,EM.4393,4,2,6,296,275,571
TAN-017579,2021,EM.12830,2,3,5,95,118,213
TAN-017582,2021,EM.6564,3,3,6,129,120,249
TAN-017585,2021,EM.8320,5,4,9,157,161,318
TAN-017588,2021,EM.3938,3,4,7,138,139,277
TAN-017591,2021,EM.8241,3,4,7,133,106,239
TAN-017594,2021,EM.6563,4,7,11,145,151,296
TAN-017597,2021,EM.12827,6,24,30,564,539,1103
TAN-017600,2021,EM.203,4,14,18,371,357,728
TAN-017603,2021,EM.10659,3,5,8,74,94,168
TAN-017606,2021,EM.6566,4,2,6,69,46,115
TAN-017609,2021,EM.4394,3,3,6,105,87,192
TAN-017612,2021,EM.1112,8,6,14,397,445,842
TAN-017615,2021,EM.12828,2,16,18,233,239,472
TAN-017618,2021,EM.6568,2,10,12,237,188,425
TAN-017621,2021,EM.7323,6,1,7,145,126,271
TAN-017624,2021,EM.7322,3,1,4,66,67,133
TAN-017626,2021,EM.409,1,9,10,275,302,577
TAN-017629,2021,EM.5367,2,15,17,308,270,578
TAN-017632,2021,EM.2689,18,16,34,426,388,814
TAN-017635,2021,EM.9451,5,2,7,353,330,683
TAN-017638,2021,EM.12176,5,1,6,120,159,279
TAN-017641,2021,EM.15151,3,3,6,264,244,508
TAN-017643,2021,EM.7330,8,7,15,823,914,1737
TAN-017646,2021,EM.3357,5,2,7,241,256,497
TAN-017649,2021,EM.10497,6,1,7,467,371,838
TAN-017652,2021,EM.3614,5,4,9,482,441,923
TAN-017655,2021,EM.8140,5,1,6,207,182,389
TAN-017658,2021,EM.3620,1,5,6,62,62,124
TAN-017661,2021,EM.4397,5,3,8,140,153,293
TAN-017664,2021,EM.4395,7,14,21,646,719,1365
TAN-017667,2021,EM.14196,4,6,10,255,250,505
TAN-017670,2021,EM.178,12,16,28,591,662,1253
TAN-017673,2021,EM.13762,2,6,8,181,142,323
TAN-017676,2021,EM.6572,11,16,27,943,1009,1952
TAN-017679,2021,EM.3613,4,1,5,130,142,272
TAN-017682,2021,EM.2690,5,2,7,109,104,213
TAN-017685,2021,EM.7335,4,1,5,97,66,163
TAN-017688,2021,EM.7336,4,1,5,158,156,314
TAN-017691,2021,EM.3356,3,7,10,400,369,769
TAN-017694,2021,EM.6570,2,4,6,127,134,261
TAN-017697,2021,EM.8322,3,3,6,40,49,89
TAN-017700,2021,EM.2962,5,2,7,247,243,490
TAN-017703,2021,EM.7337,7,1,8,198,190,388
TAN-017706,2021,EM.7327,3,1,4,85,79,164
TAN-017709,2021,EM.3616,6,0,6,214,151,365
TAN-017712,2021,EM.3172,3,2,5,172,142,314
TAN-017715,2021,EM.5373,4,1,5,392,322,714
TAN-017718,2021,EM.301,4,5,9,343,317,660
TAN-017721,2021,EM.3619,5,2,7,236,192,428
TAN-017724,2021,EM.12843,3,3,6,172,175,347
TAN-017727,2021,EM.2165,3,5,8,340,329,669
TAN-017730,2021,EM.12842,1,5,6,251,247,498
TAN-017733,2021,EM.11457,6,8,14,494,494,988
TAN-017736,2021,EM.10850,3,2,5,104,116,220
TAN-017739,2021,EM.2691,8,6,14,708,714,1422
TAN-017742,2021,EM.7893,4,1,5,83,88,171
TAN-017744,2021,EM.8242,2,3,5,120,124,244
TAN-017747,2021,EM.2819,3,2,5,94,76,170
TAN-017750,2021,EM.12841,8,6,14,533,589,1122
TAN-017753,2021,EM.7332,6,1,7,211,196,407
TAN-017755,2021,EM.461,6,3,9,150,152,302
TAN-017758,2021,EM.2820,4,1,5,369,322,691
TAN-017761,2021,EM.2692,5,1,6,309,283,592
TAN-017764,2021,EM.12840,3,3,6,118,133,251
TAN-017767,2021,EM.7328,2,3,5,86,95,181
TAN-017770,2021,EM.8141,2,2,4,77,60,137
TAN-017773,2021,EM.8389,1,2,3,26,42,68
TAN-017776,2021,EM.7891,2,3,5,137,147,284
TAN-017779,2021,EM.8142,4,3,7,196,189,385
TAN-017782,2021,EM.7334,5,3,8,422,389,811
TAN-017785,2021,EM.1837,3,4,7,259,262,521
TAN-017788,2021,EM.7894,2,5,7,309,323,632
TAN-017791,2021,EM.4396,6,0,6,126,109,235
TAN-017794,2021,EM.3617,4,2,6,106,94,200
TAN-017796,2021,EM.7329,6,0,6,154,164,318
TAN-017799,2021,EM.7333,6,2,8,368,397,765
TAN-017802,2021,EM.7895,6,0,6,65,52,117
TAN-017805,2021,EM.3173,4,4,8,260,302,562
TAN-017808,2021,EM.3175,4,3,7,261,251,512
TAN-017811,2021,EM.6577,4,2,6,72,73,145
TAN-017814,2021,EM.5374,5,3,8,219,222,441
TAN-017817,2021,EM.6574,4,4,8,212,196,408
TAN-017820,2021,EM.7344,4,3,7,162,182,344
TAN-017823,2021,EM.462,2,4,6,155,151,306
TAN-017826,2021,EM.5375,3,3,6,182,163,345
TAN-017829,2021,EM.6579,4,2,6,141,156,297
TAN-017832,2021,EM.11029,5,23,28,152,167,319
TAN-017835,2021,EM.15348,8,5,13,157,131,288
TAN-017837,2021,EM.1678,4,30,34,255,241,496
TAN-017840,2021,EM.13375,10,23,33,175,181,356
TAN-017843,2021,EM.10851,5,24,29,246,213,459
TAN-017846,2021,EM.1366,4,2,6,117,83,200
TAN-017849,2021,EM.7904,4,2,6,131,116,247
TAN-017852,2021,EM.1838,3,3,6,173,142,315
TAN-017855,2021,EM.9393,3,3,6,80,84,164
TAN-017858,2021,EM.4398,9,2,11,362,366,728
TAN-017861,2021,EM.7901,3,3,6,161,169,330
TAN-017864,2021,EM.6581,3,2,5,139,116,255
TAN-017867,2021,EM.3174,6,0,6,110,99,209
TAN-017870,2021,EM.3940,1,5,6,41,46,87
TAN-017873,2021,EM.6573,3,5,8,124,120,244
TAN-017876,2021,EM.7898,2,4,6,89,92,181
TAN-017879,2021,EM.1532,4,0,4,223,171,394
TAN-017882,2021,EM.1679,5,1,6,146,154,300
TAN-017885,2021,EM.2821,4,1,5,109,117,226
TAN-017888,2021,EM.7341,4,3,7,121,105,226
TAN-017891,2021,EM.6575,5,3,8,162,152,314
TAN-017894,2021,EM.7903,6,9,15,359,369,728
TAN-017897,2021,EM.1368,7,4,11,241,225,466
TAN-017900,2021,EM.7339,5,2,7,179,206,385
TAN-017903,2021,EM.12846,4,2,6,77,77,154
TAN-017906,2021,EM.5378,4,3,7,194,169,363
TAN-017909,2021,EM.7342,9,21,30,557,595,1152
TAN-017912,2021,EM.10852,5,9,14,155,147,302
TAN-017915,2021,EM.12844,4,3,7,154,142,296
TAN-017918,2021,EM.10661,5,1,6,73,63,136
TAN-017921,2021,EM.4399,5,15,20,515,491,1006
TAN-017924,2021,EM.6578,8,4,12,297,320,617
TAN-017927,2021,EM.205,3,4,7,189,173,362
TAN-017930,2021,EM.5377,4,1,5,134,123,257
TAN-017933,2021,EM.8600,2,2,4,94,103,197
TAN-017936,2021,EM.7343,5,1,6,115,84,199
TAN-017939,2021,EM.9199,3,2,5,71,66,137
TAN-017942,2021,EM.7348,3,4,7,104,99,203
TAN-017945,2021,EM.1369,3,4,7,80,83,163
TAN-017948,2021,EM.7346,3,4,7,75,61,136
TAN-017951,2021,EM.6580,3,2,5,35,34,69
TAN-017954,2021,EM.7905,4,2,6,167,154,321
TAN-017957,2021,EM.3177,3,3,6,157,175,332
TAN-017960,2021,EM.10854,4,2,6,193,188,381
TAN-017963,2021,EM.13377,7,3,10,159,137,296
TAN-017966,2021,EM.10663,5,1,6,127,153,280
TAN-017969,2021,EM.9297,5,2,7,88,106,194
TAN-017972,2021,EM.2167,8,0,8,188,191,379
TAN-017975,2021,EM.2695,5,1,6,130,118,248
TAN-017978,2021,EM.7906,3,3,6,180,163,343
TAN-017981,2021,EM.3941,2,4,6,67,82,149
TAN-017984,2021,EM.8602,5,1,6,121,101,222
TAN-017987,2021,EM.10855,4,4,8,152,135,287
TAN-017990,2021,EM.7349,2,5,7,248,201,449
TAN-017993,2021,EM.10662,5,9,14,473,492,965
TAN-017996,2021,EM.2696,3,10,13,270,302,572
TAN-017999,2021,EM.12848,5,10,15,535,504,1039
TAN-018002,2021,EM.12849,5,1,6,51,49,100
TAN-018005,2021,EM.2694,5,1,6,65,59,124
TAN-018008,2021,EM.3622,5,1,6,160,163,323
TAN-018011,2021,EM.12847,4,2,6,70,81,151
TAN-018014,2021,EM.13378,3,3,6,59,75,134
TAN-018017,2021,EM.2166,4,3,7,155,161,316
TAN-018020,2021,EM.14197,6,1,7,55,59,114
TAN-018023,2021,EM.10664,5,2,7,172,165,337
TAN-018026,2021,EM.7907,5,2,7,70,67,137
TAN-018029,2021,EM.6583,3,3,6,169,157,326
TAN-018032,2021,EM.10853,5,2,7,93,89,182
TAN-018035,2021,EM.2417,4,3,7,237,234,471
TAN-018038,2021,EM.2966,5,1,6,127,139,266
TAN-018041,2021,EM.2822,3,4,7,271,263,534
TAN-018044,2021,EM.15828,5,0,5,348,302,650
TAN-018047,2021,EM.1680,7,14,21,938,937,1875
TAN-018050,2021,EM.12853,7,9,16,733,753,1486
TAN-018053,2021,EM.1533,4,1,5,160,136,296
TAN-018056,2021,EM.2826,2,6,8,290,317,607
TAN-018059,2021,EM.10212,5,1,6,226,237,463
TAN-018062,2021,EM.2418,6,1,7,272,235,507
TAN-018065,2021,EM.9299,5,4,9,557,534,1091
TAN-018068,2021,EM.2697,4,4,8,300,289,589
TAN-018071,2021,EM.10857,4,1,5,139,139,278
TAN-018074,2021,EM.6585,3,2,5,82,84,166
TAN-018077,2021,EM.1749,6,3,9,204,191,395
TAN-018080,2021,EM.327,1,6,7,217,222,439
TAN-018083,2021,EM.2827,4,2,6,263,249,512
TAN-018086,2021,EM.3180,3,1,4,57,51,108
TAN-018089,2021,EM.1681,3,7,10,368,354,722
TAN-018092,2021,EM.3181,3,3,6,186,173,359
TAN-018095,2021,EM.410,3,2,5,41,48,89
TAN-018098,2021,EM.932,2,4,6,111,83,194
TAN-018101,2021,EM.6588,3,3,6,239,213,452
TAN-018104,2021,EM.13770,5,0,5,71,71,142
TAN-018107,2021,EM.8324,2,3,5,155,153,308
TAN-018110,2021,EM.2823,3,8,11,703,622,1325
TAN-018113,2021,EM.2825,5,2,7,194,185,379
TAN-018116,2021,EM.6587,12,8,20,493,494,987
TAN-018119,2021,EM.13768,4,2,6,111,100,211
TAN-018122,2021,EM.16437,6,0,6,258,243,501
TAN-018124,2021,EM.16450,6,1,7,326,273,599
TAN-018126,2021,EM.11031,8,0,8,258,211,469
TAN-018128,2021,EM.16484,6,1,7,253,270,523
TAN-018130,2021,EM.16428,6,2,8,260,273,533
TAN-018132,2021,EM.16485,6,4,10,309,292,601
TAN-018134,2021,EM.16486,6,0,6,152,187,339
TAN-018136,2021,EM.11461,6,1,7,161,198,359
TAN-018138,2021,EM.6589,7,1,8,268,278,546
TAN-018140,2021,EM.6592,6,1,7,196,240,436
TAN-018142,2021,EM.5389,9,1,10,403,402,805
TAN-018144,2021,EM.16422,6,1,7,171,198,369
TAN-018146,2021,EM.16425,6,2,8,295,362,657
TAN-018148,2021,EM.16448,5,0,5,180,205,385
TAN-018150,2021,EM.16449,7,1,8,159,218,377
TAN-018152,2021,EM.16426,6,0,6,158,198,356
TAN-018154,2021,EM.16427,4,2,6,204,209,413
TAN-018156,2021,EM.16441,4,4,8,216,226,442
TAN-018158,2021,EM.16466,6,4,10,448,506,954
TAN-018160,2021,EM.16468,9,13,22,556,589,1145
TAN-018162,2021,EM.16430,6,3,9,372,409,781
TAN-018164,2021,EM.16455,10,4,14,442,500,942
TAN-018166,2021,EM.16489,11,6,17,786,819,1605
TAN-018168,2021,EM.16423,6,2,8,396,437,833
TAN-018170,2021,EM.16443,7,1,8,376,415,791
TAN-018172,2021,EM.16465,6,4,10,312,363,675
TAN-018174,2021,EM.16496,7,0,7,226,257,483
TAN-018176,2021,EM.16458,7,0,7,208,208,416
TAN-018178,2021,EM.16472,5,1,6,331,352,683
TAN-018180,2021,EM.16480,6,0,6,236,242,478
TAN-018182,2021,EM.16482,8,0,8,354,339,693
TAN-018184,2021,EM.16477,5,1,6,270,264,534
TAN-018187,2021,EM.10399,5,2,7,287,370,657
TAN-018190,2021,EM.16445,7,5,12,356,448,804
TAN-018192,2021,EM.16467,5,5,10,377,483,860
TAN-018194,2021,EM.16446,4,2,6,245,327,572
TAN-018196,2021,EM.16481,4,2,6,184,206,390
TAN-018198,2021,EM.16419,8,1,9,391,418,809
TAN-018200,2021,EM.16421,6,1,7,195,169,364
TAN-018202,2021,EM.9549,5,2,7,177,179,356
TAN-018204,2021,EM.16488,9,5,14,523,596,1119
TAN-018206,2021,EM.16495,3,3,6,184,188,372
TAN-018208,2021,EM.16503,6,1,7,127,108,235
TAN-018210,2021,EM.16440,4,1,5,177,231,408
TAN-018212,2021,EM.16499,4,2,6,160,188,348
TAN-018214,2021,EM.16432,5,3,8,264,262,526
TAN-018216,2021,EM.16434,9,3,12,634,758,1392
TAN-018218,2021,EM.16473,5,2,7,241,213,454
TAN-018220,2021,EM.10347,12,3,15,458,542,1000
TAN-018223,2021,EM.13382,6,1,7,149,189,338
TAN-018226,2021,EM.8719,4,4,8,343,357,700
TAN-018229,2021,EM.13773,5,6,11,375,478,853
TAN-018232,2021,EM.10665,5,1,6,162,184,346
TAN-018235,2021,EM.7365,8,3,11,590,635,1225
TAN-018238,2021,EM.14487,3,4,7,101,126,227
TAN-018241,2021,EM.11033,5,2,7,255,364,619
TAN-018244,2021,EM.5394,6,3,9,345,418,763
TAN-018247,2021,EM.9300,7,2,9,219,304,523
TAN-018250,2021,EM.4407,5,2,7,372,476,848
TAN-018253,2021,EM.2967,9,5,14,695,842,1537
TAN-018256,2021,EM.5390,7,0,7,159,175,334
TAN-018259,2021,EM.8390,8,1,9,113,110,223
TAN-018262,2021,EM.13772,6,1,7,122,142,264
TAN-018265,2021,EM.11036,3,1,4,169,198,367
TAN-018268,2021,EM.13774,6,2,8,459,398,857
TAN-018271,2021,EM.119,6,0,6,165,189,354
TAN-018274,2021,EM.6594,6,1,7,205,218,423
TAN-018277,2021,EM.6595,3,3,6,310,314,624
TAN-018280,2021,EM.6598,6,1,7,170,165,335
TAN-018283,2021,EM.6599,6,1,7,468,473,941
TAN-018286,2021,EM.10358,6,0,6,183,197,380
TAN-018289,2021,EM.10348,7,2,9,293,343,636
TAN-018292,2021,EM.103,7,2,9,470,546,1016
TAN-018295,2021,EM.10498,12,5,17,128,110,238
TAN-018298,2021,EM.5396,4,2,6,264,299,563
TAN-018301,2021,EM.4402,8,3,11,328,378,706
TAN-018304,2021,EM.10350,8,4,12,417,506,923
TAN-018307,2021,EM.8144,8,8,16,441,515,956
TAN-018310,2021,EM.933,7,11,18,517,578,1095
TAN-018313,2021,EM.8796,6,1,7,339,346,685
TAN-018316,2021,EM.4403,5,2,7,232,192,424
TAN-018328,2021,EM.10392,6,2,8,294,322,616
TAN-018340,2021,EM.7913,5,1,6,353,355,708
TAN-018343,2021,EM.4404,5,1,6,125,139,264
TAN-018346,2021,EM.6596,17,7,24,1178,1276,2454
TAN-018349,2021,EM.11464,7,0,7,211,203,414
TAN-018352,2021,EM.12227,11,7,18,1103,1305,2408
TAN-018355,2021,EM.586,4,2,6,156,203,359
TAN-018357,2021,EM.3652,3,11,14,358,286,644
TAN-018359,2021,EM.8867,7,0,7,120,124,244
TAN-018362,2021,EM.5392,8,0,8,348,377,725
TAN-018365,2021,EM.5393,11,6,17,940,990,1930
TAN-018368,2021,EM.463,6,0,6,282,300,582
TAN-018371,2021,EM.6597,20,10,30,756,736,1492
TAN-018374,2021,EM.294,5,3,8,412,377,789
TAN-018377,2021,EM.8325,6,2,8,303,414,717
TAN-018380,2021,EM.10352,8,1,9,288,323,611
TAN-018383,2021,EM.10357,13,4,17,796,932,1728
TAN-018386,2021,EM.7368,4,3,7,261,311,572
TAN-018389,2021,EM.11032,4,0,4,175,168,343
TAN-018392,2021,EM.14696,7,0,7,181,166,347
TAN-018394,2021,EM.4405,8,0,8,272,280,552
TAN-018397,2021,EM.4406,8,2,10,480,488,968
TAN-018400,2021,EM.5397,6,0,6,369,295,664
TAN-018403,2021,EM.3360,7,5,12,479,559,1038
TAN-018406,2021,EM.5391,11,5,16,596,638,1234
TAN-018409,2021,EM.8391,6,2,8,274,369,643
TAN-018412,2021,EM.11034,5,2,7,292,396,688
TAN-018415,2021,EM.8392,6,3,9,485,487,972
TAN-018418,2021,EM.10858,7,1,8,257,319,576
TAN-018421,2021,EM.8868,6,1,7,309,359,668
TAN-018424,2021,EM.6600,9,5,14,306,413,719
TAN-018427,2021,EM.8394,7,1,8,195,300,495
TAN-018430,2021,EM.1115,7,3,10,343,401,744
TAN-018433,2021,EM.7366,8,0,8,238,250,488
TAN-018436,2021,EM.5395,7,0,7,213,216,429
TAN-018439,2021,EM.7369,6,3,9,637,624,1261
TAN-018442,2021,EM.3945,13,6,19,842,826,1668
TAN-018443,2021,EM.1371,6,13,19,639,726,1365
TAN-018444,2021,EM.5399,11,6,17,669,741,1410
TAN-018446,2021,EM.6601,14,4,18,791,780,1571
TAN-018447,2021,EM.6608,8,6,14,799,873,1672
TAN-018448,2021,EM.13777,7,0,7,193,206,399
TAN-018449,2021,EM.8935,10,0,10,323,312,635
TAN-018450,2021,EM.10499,8,8,16,313,323,636
TAN-018451,2021,EM.6610,7,1,8,317,385,702
TAN-018452,2021,EM.4410,7,0,7,236,272,508
TAN-018453,2021,EM.5406,5,2,7,152,163,315
TAN-018454,2021,EM.6605,6,2,8,258,218,476
TAN-018455,2021,EM.2073,7,1,8,446,466,912
TAN-018456,2021,EM.2828,13,3,16,611,649,1260
TAN-018457,2021,EM.13386,6,5,11,267,255,522
TAN-018458,2021,EM.11467,10,3,13,248,253,501
TAN-018459,2021,EM.11469,7,3,10,164,190,354
TAN-018460,2021,EM.6613,9,1,10,339,280,619
TAN-018463,2021,EM.11037,5,0,5,272,269,541
TAN-018464,2021,EM.11038,9,1,10,266,280,546
TAN-018465,2021,EM.9103,12,4,16,489,523,1012
TAN-018466,2021,EM.7370,4,2,6,284,357,641
TAN-018467,2021,EM.9550,10,6,16,571,701,1272
TAN-018468,2021,EM.2074,10,2,12,553,499,1052
TAN-018469,2021,EM.2170,9,6,15,815,881,1696
TAN-018470,2021,EM.11465,6,3,9,294,354,648
TAN-018471,2021,EM.2829,4,3,7,289,350,639
TAN-018472,2021,EM.5409,7,27,34,820,897,1717
TAN-018475,2021,EM.12234,8,27,35,811,802,1613
TAN-018476,2021,EM.6623,6,13,19,556,596,1152
TAN-018477,2021,EM.12233,9,10,19,529,591,1120
TAN-018478,2021,EM.3361,6,2,8,364,497,861
TAN-018481,2021,EM.3627,7,3,10,299,409,708
TAN-018482,2021,EM.8326,2,18,20,485,524,1009
TAN-018483,2021,EM.12230,3,12,15,285,350,635
TAN-018484,2021,EM.3628,13,32,45,1147,1167,2314
TAN-018485,2021,EM.12860,9,23,32,1184,1209,2393
TAN-018488,2021,EM.9301,5,20,25,752,759,1511
TAN-018489,2021,EM.12231,6,11,17,454,385,839
TAN-018490,2021,EM.9922,6,10,16,450,464,914
TAN-018491,2021,EM.14201,12,1,13,331,336,667
TAN-018492,2021,EM.3947,6,11,17,609,613,1222
TAN-018495,2021,EM.6622,6,1,7,245,313,558
TAN-018498,2021,EM.6625,8,2,10,374,445,819
TAN-018499,2021,EM.412,8,5,13,463,589,1052
TAN-018500,2021,EM.8327,8,7,15,341,367,708
TAN-018501,2021,EM.5410,12,14,26,577,648,1225
TAN-018502,2021,EM.10667,7,1,8,117,189,306
TAN-018503,2021,EM.6628,8,2,10,330,372,702
TAN-018504,2021,EM.6629,12,2,14,404,508,912
TAN-018505,2021,EM.2830,3,2,5,35,26,61
TAN-018506,2021,EM.3948,10,0,10,302,313,615
TAN-018507,2021,EM.7374,8,1,9,307,344,651
TAN-018508,2021,EM.6624,6,10,16,404,433,837
TAN-018509,2021,EM.6626,8,3,11,501,666,1167
TAN-018510,2021,EM.640,10,3,13,521,617,1138
TAN-018511,2021,EM.6627,10,3,13,508,584,1092
TAN-018512,2021,EM.2699,8,2,10,242,283,525
TAN-018513,2021,EM.6632,7,2,9,304,337,641
TAN-018514,2021,EM.4415,11,3,14,355,410,765
TAN-018515,2021,EM.464,6,2,8,181,153,334
TAN-018518,2021,EM.10360,3,1,4,112,104,216
TAN-018521,2021,EM.1987,7,2,9,249,290,539
TAN-018524,2021,EM.934,3,7,10,318,325,643
TAN-018527,2021,EM.5416,6,4,10,275,255,530
TAN-018530,2021,EM.142,5,1,6,180,133,313
TAN-018533,2021,EM.5413,6,2,8,156,124,280
TAN-018536,2021,EM.5414,4,5,9,316,278,594
TAN-018538,2021,EM.8396,5,4,9,204,206,410
TAN-018541,2021,EM.786,4,7,11,138,175,313
TAN-018544,2021,EM.12236,7,0,7,179,188,367
TAN-018545,2021,EM.5423,3,4,7,268,251,519
TAN-018546,2021,EM.8652,4,1,5,228,259,487
TAN-018547,2021,EM.12863,5,1,6,116,123,239
TAN-018548,2021,EM.12864,4,2,6,85,81,166
TAN-018549,2021,EM.8151,2,4,6,241,232,473
TAN-018550,2021,EM.9923,3,6,9,294,289,583
TAN-018551,2021,EM.13388,2,7,9,246,246,492
TAN-018552,2021,EM.164,1,9,10,111,136,247
TAN-018555,2021,EM.9107,2,4,6,115,140,255
TAN-018556,2021,EM.10505,4,4,8,124,117,241
TAN-018557,2021,EM.8870,1,5,6,210,205,415
TAN-018558,2021,EM.8802,2,3,5,114,102,216
TAN-018559,2021,EM.3949,4,4,8,296,293,589
TAN-018560,2021,EM.9552,2,4,6,140,128,268
TAN-018561,2021,EM.8653,4,1,5,158,176,334
TAN-018562,2021,EM.10864,2,4,6,180,204,384
TAN-018563,2021,EM.13780,4,2,6,78,116,194
TAN-018564,2021,EM.2577,2,2,4,116,120,236
TAN-018565,2021,EM.8869,3,0,3,113,125,238
TAN-018566,2021,EM.8726,3,3,6,99,97,196
TAN-018567,2021,EM.10215,4,3,7,155,148,303
TAN-018568,2021,EM.9554,5,1,6,177,170,347
TAN-018569,2021,EM.7916,2,3,5,171,156,327
TAN-018570,2021,EM.935,3,2,5,123,101,224
TAN-018571,2021,EM.8800,6,2,8,267,269,536
TAN-018572,2021,EM.5418,4,1,5,214,234,448
TAN-018573,2021,EM.207,1,3,4,200,190,390
TAN-018574,2021,EM.10669,2,1,3,160,173,333
TAN-018575,2021,EM.14203,5,0,5,114,114,228
TAN-018576,2021,EM.8654,4,2,6,247,249,496
TAN-018577,2021,EM.2308,3,2,5,186,211,397
TAN-018578,2021,EM.5420,2,4,6,214,198,412
TAN-018579,2021,EM.5422,3,2,5,201,193,394
TAN-018580,2021,EM.2420,4,2,6,137,142,279
TAN-018581,2021,EM.10362,3,2,5,102,97,199
TAN-018582,2021,EM.17338,5,0,5,181,196,377
TAN-018583,2021,EM.5424,6,2,8,223,230,453
TAN-018584,2021,EM.5425,4,3,7,311,316,627
TAN-018585,2021,EM.8148,5,1,6,216,219,435
TAN-018586,2021,EM.13390,1,5,6,73,68,141
TAN-018587,2021,EM.3362,1,4,5,167,210,377
TAN-018588,2021,EM.4423,1,5,6,210,215,425
TAN-018589,2021,EM.10504,3,1,4,201,182,383
TAN-018590,2021,EM.9925,4,2,6,107,91,198
TAN-018591,2021,EM.130,3,3,6,194,195,389
TAN-018592,2021,EM.8798,3,2,5,214,175,389
TAN-018593,2021,EM.11042,2,3,5,105,104,209
TAN-018594,2021,EM.2076,2,3,5,199,212,411
TAN-018595,2021,EM.10503,3,2,5,137,119,256
TAN-018596,2021,EM.8655,2,3,5,243,229,472
TAN-018597,2021,EM.8725,2,3,5,169,168,337
TAN-018600,2021,EM.8656,3,3,6,181,188,369
TAN-018601,2021,EM.4420,5,2,7,342,294,636
TAN-018602,2021,EM.11472,1,5,6,108,92,200
TAN-018603,2021,EM.1117,2,3,5,206,206,412
TAN-018604,2021,EM.13393,4,1,5,100,111,211
TAN-018605,2021,EM.8330,2,3,5,170,190,360
TAN-018606,2021,EM.10506,1,6,7,200,214,414
TAN-018607,2021,EM.11039,2,3,5,230,248,478
TAN-018608,2021,EM.14907,4,5,9,348,385,733
TAN-018609,2021,EM.14202,4,1,5,102,86,188
TAN-018610,2021,EM.2307,4,4,8,286,322,608
TAN-018611,2021,EM.8937,2,3,5,102,97,199
TAN-018612,2021,EM.11473,5,1,6,91,71,162
TAN-018613,2021,EM.11474,3,2,5,85,72,157
TAN-018614,2021,EM.8651,3,3,6,188,244,432
TAN-018615,2021,EM.9106,4,0,4,191,195,386
TAN-018616,2021,EM.2700,4,2,6,276,314,590
TAN-018617,2021,EM.4424,2,4,6,236,240,476
TAN-018618,2021,EM.4418,6,3,9,337,337,674
TAN-018619,2021,EM.11041,2,2,4,151,175,326
TAN-018620,2021,EM.1914,3,1,4,166,173,339
TAN-018621,2021,EM.1915,3,4,7,222,225,447
TAN-018622,2021,EM.9396,2,3,5,218,212,430
TAN-018623,2021,EM.7375,4,2,6,198,197,395
TAN-018624,2021,EM.3187,8,8,16,388,345,733
TAN-018625,2021,EM.8149,2,3,5,187,190,377
TAN-018626,2021,EM.6634,2,5,7,236,221,457
TAN-018627,2021,EM.225,3,3,6,331,349,680
TAN-018628,2021,EM.1750,4,1,5,231,209,440
TAN-018629,2021,EM.10507,2,3,5,143,138,281
TAN-018630,2021,EM.13779,1,4,5,99,99,198
TAN-018631,2021,EM.3630,4,2,6,241,237,478
TAN-018632,2021,EM.10501,2,3,5,162,161,323
TAN-018633,2021,EM.11470,5,1,6,152,149,301
TAN-018634,2021,EM.11043,3,3,6,174,191,365
TAN-018635,2021,EM.7917,2,2,4,185,182,367
TAN-018636,2021,EM.641,3,2,5,186,199,385
TAN-018639,2021,EM.5652,6,2,8,222,288,510
TAN-018642,2021,EM.12241,3,2,5,200,169,369
TAN-018643,2021,EM.1913,4,1,5,147,135,282
TAN-018644,2021,EM.10863,4,1,5,256,233,489
TAN-018645,2021,EM.10865,2,3,5,93,65,158
TAN-018646,2021,EM.8150,3,3,6,106,86,192
TAN-018647,2021,EM.10508,3,3,6,139,154,293
TAN-018648,2021,EM.2504,2,4,6,250,249,499
TAN-018649,2021,EM.1989,2,3,5,189,189,378
TAN-018650,2021,EM.10862,3,4,7,123,140,263
TAN-018651,2021,EM.4419,1,3,4,229,265,494
TAN-018652,2021,EM.13391,1,3,4,123,111,234
TAN-018653,2021,EM.8331,4,2,6,226,219,445
TAN-018654,2021,EM.14204,1,4,5,87,109,196
TAN-018655,2021,EM.2505,4,3,7,322,374,696
TAN-018656,2021,EM.14490,4,3,7,162,187,349
TAN-018657,2021,EM.1988,6,1,7,344,297,641
TAN-018658,2021,EM.8332,2,3,5,171,155,326
TAN-018659,2021,EM.465,3,4,7,225,263,488
TAN-018662,2021,EM.539,3,4,7,248,246,494
TAN-018665,2021,EM.5421,6,0,6,190,159,349
TAN-018666,2021,EM.9924,4,0,4,103,122,225
TAN-018667,2021,EM.1118,2,2,4,136,165,301
TAN-018668,2021,EM.10866,5,1,6,86,84,170
TAN-018669,2021,EM.9397,3,2,5,159,164,323
TAN-018670,2021,EM.9398,4,1,5,164,124,288
TAN-018671,2021,EM.14491,5,0,5,64,86,150
TAN-018672,2021,EM.12243,4,1,5,129,140,269
TAN-018673,2021,EM.6636,3,3,6,170,178,348
TAN-018674,2021,EM.13395,3,1,4,68,64,132
TAN-018675,2021,EM.10216,2,3,5,156,148,304
TAN-018676,2021,EM.9400,3,1,4,104,134,238
TAN-018677,2021,EM.4427,4,2,6,134,142,276
TAN-018678,2021,EM.6638,2,9,11,165,183,348
TAN-018679,2021,EM.7378,2,4,6,153,145,298
TAN-018680,2021,EM.9108,2,4,6,159,176,335
TAN-018681,2021,EM.10363,4,2,6,152,141,293
TAN-018684,2021,EM.5426,3,4,7,290,299,589
TAN-018685,2021,EM.6637,4,4,8,328,324,652
TAN-018689,2021,EM.8399,3,3,6,178,186,364
TAN-018693,2021,EM.8658,4,2,6,192,180,372
TAN-018694,2021,EM.10671,3,2,5,109,117,226
TAN-018695,2021,EM.10217,3,1,4,44,48,92
TAN-018696,2021,EM.8871,3,3,6,198,179,377
TAN-018697,2021,EM.7377,2,2,4,126,150,276
TAN-018698,2021,EM.3950,2,5,7,170,173,343
TAN-018699,2021,EM.1751,4,3,7,154,199,353
TAN-018700,2021,EM.7379,2,8,10,164,147,311
TAN-018701,2021,EM.1534,2,4,6,259,223,482
TAN-018704,2021,EM.6644,4,10,14,449,475,924
TAN-018707,2021,EM.9008,3,4,7,156,208,364
TAN-018708,2021,EM.8657,5,0,5,157,137,294
TAN-018709,2021,EM.3951,3,4,7,313,346,659
TAN-018710,2021,EM.10512,2,2,4,150,163,313
TAN-018711,2021,EM.8806,3,2,5,128,122,250
TAN-018712,2021,EM.11044,3,2,5,128,124,252
TAN-018713,2021,EM.14206,6,0,6,154,121,275
TAN-018714,2021,EM.8872,4,2,6,230,268,498
TAN-018715,2021,EM.9399,3,3,6,254,300,554
TAN-018716,2021,EM.2969,1,8,9,434,490,924
TAN-018717,2021,EM.8873,4,2,6,190,202,392
TAN-018718,2021,EM.13396,4,0,4,148,156,304
TAN-018719,2021,EM.12242,3,3,6,81,93,174
TAN-018720,2021,EM.12865,3,2,5,130,124,254
TAN-018721,2021,EM.9302,2,3,5,94,85,179
TAN-018722,2021,EM.4426,1,7,8,341,311,652
TAN-018723,2021,EM.2970,4,8,12,341,379,720
TAN-018724,2021,EM.12866,4,4,8,126,124,250
TAN-018727,2021,EM.4428,5,7,12,355,339,694
TAN-018730,2021,EM.22,6,3,9,360,345,705
TAN-018733,2021,EM.10218,6,11,17,534,547,1081
TAN-018736,2021,EM.529,6,6,12,229,231,460
TAN-018739,2021,EM.6640,4,6,10,246,271,517
TAN-018742,2021,EM.3363,4,4,8,409,404,813
TAN-018745,2021,EM.3364,5,1,6,290,249,539
TAN-018748,2021,EM.8603,3,2,5,184,207,391
TAN-018751,2021,EM.12867,3,2,5,209,224,433
TAN-018754,2021,EM.12869,4,2,6,312,311,623
TAN-018757,2021,EM.2831,5,1,6,180,140,320
TAN-018760,2021,EM.367,4,5,9,378,359,737
TAN-018763,2021,EM.2077,4,1,5,184,189,373
TAN-018766,2021,EM.3955,3,3,6,152,110,262
TAN-018769,2021,EM.10364,4,1,5,150,156,306
TAN-018772,2021,EM.2171,7,1,8,201,242,443
TAN-018775,2021,EM.7922,5,2,7,214,236,450
TAN-018778,2021,EM.13782,5,3,8,150,156,306
TAN-018781,2021,EM.14493,5,1,6,95,77,172
TAN-018783,2021,EM.8938,6,0,6,210,184,394
TAN-018786,2021,EM.11483,5,1,6,102,115,217
TAN-018789,2021,EM.8404,5,0,5,305,305,610
TAN-018792,2021,EM.787,4,3,7,254,259,513
TAN-018795,2021,EM.7920,4,12,16,426,424,850
TAN-018798,2021,EM.1916,6,1,7,260,263,523
TAN-018801,2021,EM.3956,5,3,8,313,330,643
TAN-018804,2021,EM.937,2,5,7,181,211,392
TAN-018807,2021,EM.14210,5,1,6,62,52,114
TAN-018809,2021,EM.13397,2,8,10,332,300,632
TAN-018812,2021,EM.5431,4,3,7,192,194,386
TAN-018815,2021,EM.14214,4,6,10,223,238,461
TAN-018818,2021,EM.10672,3,2,5,89,74,163
TAN-018821,2021,EM.8333,4,1,5,347,394,741
TAN-018824,2021,EM.3633,5,4,9,330,319,649
TAN-018827,2021,EM.714,5,1,6,309,359,668
TAN-018830,2021,EM.4429,4,4,8,435,436,871
TAN-018833,2021,EM.14212,7,0,7,182,174,356
TAN-018834,2021,EM.8727,4,2,6,220,213,433
TAN-018837,2021,EM.7919,5,1,6,301,301,602
TAN-018840,2021,EM.2701,7,1,8,280,346,626
TAN-018843,2021,EM.8604,4,3,7,294,317,611
TAN-018846,2021,EM.11485,4,1,5,65,58,123
TAN-018849,2021,EM.1374,1,5,6,240,200,440
TAN-018852,2021,EM.11481,3,2,5,150,149,299
TAN-018855,2021,EM.8401,5,0,5,194,202,396
TAN-018858,2021,EM.3365,7,2,9,331,412,743
TAN-018861,2021,EM.12250,6,1,7,165,157,322
TAN-018862,2021,EM.11480,5,1,6,96,105,201
TAN-018865,2021,EM.11482,3,3,6,183,197,380
TAN-018868,2021,EM.3188,3,4,7,324,338,662
TAN-018871,2021,EM.5427,4,3,7,386,458,844
TAN-018874,2021,EM.7921,3,3,6,165,147,312
TAN-018877,2021,EM.2971,3,4,7,254,321,575
TAN-018880,2021,EM.14498,3,2,5,93,99,192
TAN-018881,2021,EM.14215,5,1,6,153,151,304
TAN-018884,2021,EM.5428,6,9,15,340,391,731
TAN-018887,2021,EM.8400,5,3,8,128,149,277
TAN-018890,2021,EM.12249,4,5,9,92,101,193
TAN-018893,2021,EM.7380,3,5,8,151,161,312
TAN-018896,2021,EM.14209,2,5,7,167,168,335
TAN-018899,2021,EM.3953,5,1,6,164,172,336
TAN-018902,2021,EM.414,4,6,10,97,99,196
TAN-018905,2021,EM.12248,6,1,7,112,108,220
TAN-018908,2021,EM.6642,3,6,9,247,237,484
TAN-018911,2021,EM.12245,5,2,7,200,192,392
TAN-018914,2021,EM.3632,7,1,8,286,311,597
TAN-018917,2021,EM.8334,5,13,18,462,469,931
TAN-018920,2021,EM.14211,6,8,14,318,365,683
TAN-018923,2021,EM.226,6,11,17,345,350,695
TAN-018926,2021,EM.8335,7,6,13,362,392,754
TAN-018929,2021,EM.7382,8,6,14,621,516,1137
TAN-018932,2021,EM.14495,3,7,10,239,252,491
TAN-018935,2021,EM.3952,6,4,10,300,361,661
TAN-018938,2021,EM.11045,5,3,8,116,124,240
TAN-018941,2021,EM.5430,8,4,12,379,428,807
TAN-018944,2021,EM.12247,3,5,8,183,160,343
TAN-018947,2021,EM.5432,4,6,10,200,236,436
TAN-018950,2021,EM.14213,6,5,11,332,371,703
TAN-018953,2021,EM.5442,5,3,8,395,417,812
TAN-018956,2021,EM.12260,2,4,6,158,132,290
TAN-018959,2021,EM.2424,3,3,6,254,217,471
TAN-018962,2021,EM.328,5,2,7,334,224,558
TAN-018965,2021,EM.5446,5,0,5,242,213,455
TAN-018968,2021,EM.4433,2,3,5,211,203,414
TAN-018971,2021,EM.2174,4,2,6,233,249,482
TAN-018974,2021,EM.8660,4,2,6,271,262,533
TAN-018977,2021,EM.12262,4,2,6,51,54,105
TAN-018980,2021,EM.1917,6,4,10,140,132,272
TAN-018983,2021,EM.940,4,3,7,201,210,411
TAN-018986,2021,EM.939,5,2,7,179,156,335
TAN-018989,2021,EM.11494,4,5,9,108,117,225
TAN-018992,2021,EM.2079,2,4,6,218,228,446
TAN-018995,2021,EM.5444,5,2,7,303,304,607
TAN-018998,2021,EM.8337,5,1,6,120,143,263
TAN-019001,2021,EM.415,5,3,8,355,356,711
TAN-019004,2021,EM.4431,5,4,9,272,257,529
TAN-019007,2021,EM.8407,5,1,6,97,134,231
TAN-019010,2021,EM.3189,4,0,4,108,86,194
TAN-019013,2021,EM.3366,5,2,7,272,281,553
TAN-019016,2021,EM.5441,7,1,8,232,200,432
TAN-019019,2021,EM.1375,5,4,9,226,280,506
TAN-019022,2021,EM.11049,3,3,6,91,109,200
TAN-019025,2021,EM.8338,3,3,6,114,88,202
TAN-019028,2021,EM.228,3,4,7,316,285,601
TAN-019031,2021,EM.1122,3,5,8,298,258,556
TAN-019034,2021,EM.3637,4,2,6,245,239,484
TAN-019037,2021,EM.2974,3,3,6,202,226,428
TAN-019040,2021,EM.12259,4,9,13,232,269,501
TAN-019043,2021,EM.8606,3,10,13,271,279,550
TAN-019046,2021,EM.8245,2,13,15,357,365,722
TAN-019049,2021,EM.13784,5,3,8,73,87,160
TAN-019050,2021,EM.120,4,9,13,288,260,548
TAN-019053,2021,EM.13403,3,15,18,371,380,751
TAN-019056,2021,EM.13406,7,14,21,417,404,821
TAN-019059,2021,EM.8664,3,6,9,256,276,532
TAN-019062,2021,EM.13407,5,13,18,381,429,810
TAN-019063,2021,EM.7388,3,4,7,111,113,224
TAN-019066,2021,EM.8246,5,3,8,266,258,524
TAN-019069,2021,EM.133,2,8,10,245,255,500
TAN-019072,2021,EM.8663,3,4,7,132,159,291
TAN-019075,2021,EM.15833,2,2,4,169,155,324
TAN-019078,2021,EM.12264,4,9,13,517,540,1057
TAN-019081,2021,EM.13786,6,17,23,652,624,1276
TAN-019084,2021,EM.14503,5,9,14,464,485,949
TAN-019087,2021,EM.1682,6,6,12,217,253,470
TAN-019090,2021,EM.5449,1,14,15,273,280,553
TAN-019093,2021,EM.12880,5,11,16,414,375,789
TAN-019096,2021,EM.12873,4,8,12,264,221,485
TAN-019099,2021,EM.7927,4,4,8,173,207,380
TAN-019100,2021,EM.8662,5,3,8,86,99,185
TAN-019103,2021,EM.642,4,13,17,537,541,1078
TAN-019106,2021,EM.5451,1,11,12,252,258,510
TAN-019109,2021,EM.14505,3,11,14,231,226,457
TAN-019112,2021,EM.13405,3,10,13,191,181,372
TAN-019115,2021,EM.9933,5,12,17,389,477,866
TAN-019118,2021,EM.3959,7,9,16,383,372,755
TAN-019121,2021,EM.8247,5,9,14,422,460,882
TAN-019124,2021,EM.2176,4,14,18,242,269,511
TAN-019127,2021,EM.13785,3,4,7,197,194,391
TAN-019130,2021,EM.8875,5,2,7,89,88,177
TAN-019133,2021,EM.5452,3,4,7,155,172,327
TAN-019136,2021,EM.13404,4,15,19,281,276,557
TAN-019139,2021,EM.12876,4,18,22,472,500,972
TAN-019142,2021,EM.9932,4,16,20,318,378,696
TAN-019145,2021,EM.13787,4,3,7,65,66,131
TAN-019148,2021,EM.10220,2,17,19,519,515,1034
TAN-019151,2021,EM.10870,4,12,16,381,414,795
TAN-019154,2021,EM.368,6,21,27,774,758,1532
TAN-019157,2021,EM.12263,6,11,17,552,488,1040
TAN-019160,2021,EM.14502,5,8,13,611,616,1227
TAN-019163,2021,EM.5450,8,15,23,730,671,1401
TAN-019166,2021,EM.5457,6,6,12,544,557,1101
TAN-019169,2021,EM.12881,2,6,8,225,227,452
TAN-019172,2021,EM.5448,9,4,13,264,262,526
TAN-019175,2021,EM.8876,5,3,8,173,183,356
TAN-019178,2021,EM.12879,4,1,5,51,45,96
TAN-019181,2021,EM.9305,6,1,7,130,146,276
TAN-019184,2021,EM.5458,8,1,9,227,259,486
TAN-019187,2021,EM.11050,2,10,12,244,244,488
TAN-019190,2021,EM.643,6,1,7,120,125,245
TAN-019193,2021,EM.10521,6,4,10,287,280,567
TAN-019196,2021,EM.9403,3,5,8,241,241,482
TAN-019199,2021,EM.143,4,13,17,503,477,980
TAN-019202,2021,EM.10222,4,2,6,33,30,63
TAN-019205,2021,EM.4437,5,0,5,90,70,160
TAN-019208,2021,EM.6645,3,2,5,153,153,306
TAN-019211,2021,EM.8341,5,1,6,72,80,152
TAN-019214,2021,EM.1126,4,1,5,178,180,358
TAN-019217,2021,EM.5463,5,1,6,156,206,362
TAN-019220,2021,EM.10221,5,1,6,55,50,105
TAN-019223,2021,EM.5461,2,5,7,203,189,392
TAN-019226,2021,EM.588,4,4,8,303,319,622
TAN-019229,2021,EM.6646,5,2,7,203,171,374
TAN-019232,2021,EM.4441,4,0,4,267,268,535
TAN-019235,2021,EM.1754,5,2,7,290,346,636
TAN-019238,2021,EM.7933,5,2,7,129,141,270
TAN-019241,2021,EM.3962,5,2,7,267,248,515
TAN-019244,2021,EM.2975,5,3,8,480,493,973
TAN-019247,2021,EM.10522,4,2,6,65,62,127
TAN-019250,2021,EM.1377,4,1,5,182,200,382
TAN-019253,2021,EM.6648,4,4,8,241,270,511
TAN-019256,2021,EM.13410,5,0,5,70,100,170
TAN-019257,2021,EM.1125,6,1,7,452,448,900
TAN-019260,2021,EM.941,4,2,6,344,396,740
TAN-019263,2021,EM.5462,5,1,6,177,150,327
TAN-019266,2021,EM.9940,4,2,6,197,178,375
TAN-019269,2021,EM.3639,3,18,21,739,780,1519
TAN-019272,2021,EM.1376,6,0,6,392,398,790
TAN-019275,2021,EM.4442,5,4,9,206,247,453
TAN-019278,2021,EM.13413,5,1,6,117,135,252
TAN-019281,2021,EM.5464,4,1,5,118,126,244
TAN-019284,2021,EM.7936,7,2,9,363,373,736
TAN-019287,2021,EM.9937,4,1,5,88,73,161
TAN-019290,2021,EM.9938,7,2,9,134,133,267
TAN-019293,2021,EM.10369,6,0,6,101,139,240
TAN-019296,2021,EM.1124,4,2,6,176,150,326
TAN-019299,2021,EM.2425,3,4,7,304,294,598
TAN-019302,2021,EM.9939,3,4,7,473,469,942
TAN-019305,2021,EM.7938,3,4,7,325,273,598
TAN-019308,2021,EM.3191,3,1,4,335,295,630
TAN-019311,2021,EM.12883,2,4,6,198,229,427
TAN-019312,2021,EM.9941,4,1,5,101,84,185
TAN-019315,2021,EM.3367,9,2,11,531,541,1072
TAN-019318,2021,EM.7930,2,3,5,90,104,194
TAN-019321,2021,EM.11051,3,2,5,39,75,114
TAN-019324,2021,EM.237,6,3,9,284,329,613
TAN-019327,2021,EM.14220,8,3,11,80,90,170
TAN-019329,2021,EM.13411,3,2,5,41,29,70
TAN-019332,2021,EM.3190,1,12,13,355,387,742
TAN-019335,2021,EM.3192,5,6,11,297,301,598
TAN-019338,2021,EM.10367,4,1,5,163,168,331
TAN-019341,2021,EM.3960,5,0,5,193,200,393
TAN-019344,2021,EM.8153,3,3,6,259,276,535
TAN-019347,2021,EM.10227,3,3,6,243,259,502
TAN-019350,2021,EM.5465,3,2,5,225,218,443
TAN-019353,2021,EM.13409,5,0,5,39,29,68
TAN-019356,2021,EM.7929,6,1,7,222,283,505
TAN-019359,2021,EM.4440,6,0,6,148,153,301
TAN-019362,2021,EM.2178,4,3,7,293,370,663
TAN-019365,2021,EM.7935,2,3,5,292,372,664
TAN-019368,2021,EM.10226,4,2,6,90,72,162
TAN-019371,2021,EM.4446,4,2,6,305,253,558
TAN-019374,2021,EM.716,4,2,6,116,153,269
TAN-019377,2021,EM.6649,3,3,6,165,187,352
TAN-019380,2021,EM.2582,5,0,5,146,120,266
TAN-019383,2021,EM.2426,3,3,6,158,139,297
TAN-019386,2021,EM.5459,3,2,5,389,379,768
TAN-019389,2021,EM.11495,5,1,6,97,84,181
TAN-019392,2021,EM.1378,6,1,7,382,421,803
TAN-019395,2021,EM.13415,4,3,7,299,260,559
TAN-019398,2021,EM.12882,5,1,6,91,91,182
TAN-019399,2021,EM.7937,2,4,6,231,219,450
TAN-019402,2021,EM.7939,6,2,8,451,484,935
TAN-019405,2021,EM.10228,4,4,8,271,275,546
TAN-019408,2021,EM.10223,5,3,8,136,106,242
TAN-019411,2021,EM.7940,5,15,20,499,531,1030
TAN-019414,2021,EM.2080,5,1,6,172,202,374
TAN-019417,2021,EM.7934,4,0,4,138,140,278
TAN-019420,2021,EM.1379,6,1,7,365,412,777
TAN-019423,2021,EM.3963,1,4,5,148,157,305
TAN-019426,2021,EM.2703,3,2,5,187,187,374
TAN-019429,2021,EM.9306,8,3,11,573,595,1168
TAN-019432,2021,EM.13414,6,0,6,194,220,414
TAN-019435,2021,EM.4438,6,0,6,127,147,274
TAN-019438,2021,EM.10224,4,1,5,252,237,489
TAN-019441,2021,EM.329,5,1,6,135,129,264
TAN-019444,2021,EM.3961,4,3,7,184,189,373
TAN-019447,2021,EM.4443,4,1,5,135,125,260
TAN-019450,2021,EM.3640,3,5,8,207,199,406
TAN-019453,2021,EM.8248,4,5,9,363,362,725
TAN-019456,2021,EM.2512,6,13,19,703,709,1412
TAN-019459,2021,EM.7391,3,17,20,710,707,1417
TAN-019462,2021,EM.13417,5,12,17,328,362,690
TAN-019465,2021,EM.4445,4,2,6,285,308,593
TAN-019468,2021,EM.5460,4,3,7,305,293,598
TAN-019471,2021,EM.8940,5,2,7,44,48,92
TAN-019474,2021,EM.2976,5,5,10,248,281,529
TAN-019477,2021,EM.4436,4,3,7,130,137,267
TAN-019480,2021,EM.10366,4,1,5,54,73,127
TAN-019483,2021,EM.12265,5,0,5,70,65,135
TAN-019486,2021,EM.2978,5,3,8,194,207,401
TAN-019489,2021,EM.3641,4,2,6,274,294,568
TAN-019492,2021,EM.8249,3,3,6,203,195,398
TAN-019495,2021,EM.5467,7,13,20,1039,1080,2119
TAN-019496,2021,EM.1128,7,4,11,449,494,943
TAN-019497,2021,EM.9011.,7,2,9,267,265,532
TAN-019498,2021,EM.8607,4,4,8,289,301,590
TAN-019499,2021,EM.268,4,8,12,347,437,784
TAN-019500,2021,EM.12266,4,4,8,350,324,674
TAN-019501,2021,EM.6654,4,4,8,271,265,536
TAN-019502,2021,EM.1129,6,9,15,461,508,969
TAN-019503,2021,EM.8665,4,3,7,236,307,543
TAN-019504,2021,EM.9009,5,6,11,590,572,1162
TAN-019505,2021,EM.7392,4,3,7,314,359,673
TAN-019506,2021,EM.11053,3,10,13,475,541,1016
TAN-019507,2021,EM.1382,4,4,8,337,350,687
TAN-019508,2021,EM.6659,4,4,8,269,287,556
TAN-019509,2021,EM.12267,4,3,7,248,277,525
TAN-019510,2021,EM.792,5,4,9,281,307,588
TAN-019511,2021,EM.5472,6,4,10,331,318,649
TAN-019512,2021,EM.3643,6,3,9,255,318,573
TAN-019513,2021,EM.8608,4,4,8,297,354,651
TAN-019514,2021,EM.717,8,5,13,473,549,1022
TAN-019515,2021,EM.11498,5,2,7,223,218,441
TAN-019516,2021,EM.6657,5,5,10,587,640,1227
TAN-019517,2021,EM.6661,5,4,9,324,379,703
TAN-019518,2021,EM.10675,19,7,26,435,392,827
TAN-019519,2021,EM.2179,3,20,23,478,489,967
TAN-019520,2021,EM.6655,4,19,23,858,888,1746
TAN-019521,2021,EM.105,2,31,33,799,867,1666
TAN-019522,2021,EM.5469,8,24,32,1226,1260,2486
TAN-019523,2021,EM.8879,6,17,23,794,816,1610
TAN-019524,2021,EM.8154,8,12,20,1056,1072,2128
TAN-019525,2021,EM.14708,14,3,17,138,157,295
TAN-019526,2021,EM.9558,6,4,10,262,309,571
TAN-019528,2021,EM.7394,4,4,8,364,336,700
TAN-019529,2021,EM.12891,4,3,7,212,193,405
TAN-019530,2021,EM.7396,5,4,9,341,334,675
TAN-019531,2021,EM.14221,3,6,9,305,348,653
TAN-019532,2021,EM.1381,2,8,10,430,447,877
TAN-019533,2021,EM.5470,2,12,14,628,627,1255
TAN-019534,2021,EM.5471,8,14,22,664,685,1349
TAN-019535,2021,EM.6658,4,2,6,258,311,569
TAN-019536,2021,EM.7395,7,1,8,230,222,452
TAN-019537,2021,EM.8609,5,1,6,302,347,649
TAN-019538,2021,EM.12269,7,22,29,1396,1374,2770
TAN-019539,2021,EM.13418,4,2,6,195,160,355
TAN-019540,2021,EM.8878,3,4,7,280,264,544
TAN-019541,2021,EM.6651,7,1,8,177,227,404
TAN-019542,2021,EM.6653,6,2,8,358,361,719
TAN-019543,2021,EM.791,5,4,9,468,489,957
TAN-019544,2021,EM.6660,6,4,10,470,497,967
TAN-019545,2021,EM.6847,2,9,11,393,402,795
TAN-019546,2021,EM.12268,5,30,35,1137,1220,2357
TAN-019547,2021,EM.9010,6,1,7,270,316,586
TAN-019548,2021,EM.11497,7,0,7,202,216,418
TAN-019549,2021,EM.11054,4,4,8,358,418,776
TAN-019550,2021,EM.5473,4,5,9,414,425,839
TAN-019551,2021,EM.14222,7,2,9,271,285,556
TAN-019552,2021,EM.6652,9,20,29,1676,1864,3540
TAN-019553,2021,EM.1841,3,7,10,325,295,620
TAN-019554,2021,EM.14223,4,4,8,324,319,643
TAN-019555,2021,EM.3964,2,9,11,476,518,994
TAN-019556,2021,EM.1131,7,4,11,525,577,1102
TAN-019557,2021,EM.3194,5,4,9,398,503,901
TAN-019558,2021,EM.6663,6,2,8,408,471,879
TAN-019559,2021,EM.7397,4,0,4,121,123,244
TAN-019560,2021,EM.6665,6,3,9,365,356,721
TAN-019561,2021,EM.6668,4,2,6,180,168,348
TAN-019562,2021,EM.7943,3,6,9,251,230,481
TAN-019563,2021,EM.7398,8,0,8,182,206,388
TAN-019564,2021,EM.7399,4,3,7,286,275,561
TAN-019565,2021,EM.1132,7,2,9,212,198,410
TAN-019566,2021,EM.1684,6,2,8,242,274,516
TAN-019567,2021,EM.1683,6,2,8,405,460,865
TAN-019573,2021,EM.946,6,14,20,679,624,1303
TAN-019579,2021,EM.4542,5,5,10,473,509,982
TAN-019585,2021,EM.5482,5,1,6,237,237,474
TAN-019586,2021,EM.5483,6,0,6,196,263,459
TAN-019587,2021,EM.15166,2,7,9,344,406,750
TAN-019588,2021,EM.8611,4,6,10,236,236,472
TAN-019589,2021,EM.3967,1,7,8,242,239,481
TAN-019590,2021,EM.6674,5,3,8,302,296,598
TAN-019591,2021,EM.3368,5,6,11,366,372,738
TAN-019592,2021,EM.9307,6,0,6,216,208,424
TAN-019593,2021,EM.3644,5,3,8,293,340,633
TAN-019594,2021,EM.2428,4,1,5,297,304,601
TAN-019595,2021,EM.2979,6,3,9,402,399,801
TAN-019596,2021,EM.6681,4,2,6,350,317,667
TAN-019597,2021,EM.6664,3,3,6,253,260,513
TAN-019598,2021,EM.2704,5,2,7,136,171,307
TAN-019599,2021,EM.2705,5,1,6,234,274,508
TAN-019600,2021,EM.3196,6,1,7,289,285,574
TAN-019601,2021,EM.6662,3,5,8,258,276,534
TAN-019602,2021,EM.2180,2,10,12,387,413,800
TAN-019603,2021,EM.7400,4,3,7,459,488,947
TAN-019604,2021,EM.10678,16,12,28,67,84,151
TAN-019605,2021,EM.11499,1,9,10,211,200,411
TAN-019606,2021,EM.416,4,7,11,496,532,1028
TAN-019607,2021,EM.8610,4,2,6,394,398,792
TAN-019608,2021,EM.942,4,2,6,235,223,458
TAN-019609,2021,EM.1990,3,4,7,254,250,504
TAN-019610,2021,EM.6673,4,1,5,249,290,539
TAN-019611,2021,EM.6676,5,1,6,267,257,524
TAN-019612,2021,EM.6682,6,1,7,330,317,647
TAN-019613,2021,EM.2835,7,1,8,392,417,809
TAN-019614,2021,EM.5475,5,1,6,235,241,476
TAN-019615,2021,EM.5481,3,2,5,315,315,630
TAN-019616,2021,EM.8941,3,2,5,247,261,508
TAN-019617,2021,EM.1384,5,3,8,321,419,740
TAN-019619,2021,EM.8250,6,0,6,205,199,404
TAN-019620,2021,EM.5480,4,2,6,150,210,360
TAN-019621,2021,EM.6672,5,0,5,247,246,493
TAN-019622,2021,EM.5476,3,4,7,411,392,803
TAN-019623,2021,EM.5477,5,4,9,354,325,679
TAN-019624,2021,EM.1535,3,7,10,365,405,770
TAN-019625,2021,EM.2181,4,2,6,254,268,522
TAN-019626,2021,EM.6670,3,1,4,234,250,484
TAN-019627,2021,EM.13788,7,0,7,381,389,770
TAN-019628,2021,EM.6679,5,1,6,127,170,297
TAN-019629,2021,EM.6671,6,3,9,408,502,910
TAN-019630,2021,EM.6675,6,1,7,180,182,362
TAN-019631,2021,EM.3195,4,2,6,130,150,280
TAN-019632,2021,EM.5474,3,5,8,332,331,663
TAN-019633,2021,EM.348,3,6,9,301,267,568
TAN-019634,2021,EM.6678,5,1,6,259,349,608
TAN-019635,2021,EM.4449,4,2,6,235,286,521
TAN-019637,2021,EM.269,10,10,20,546,649,1195
TAN-019639,2021,EM.7419,7,1,8,202,218,420
TAN-019641,2021,EM.5506,6,1,7,198,232,430
TAN-019643,2021,EM.5516,7,1,8,270,315,585
TAN-019645,2021,EM.2081,4,7,11,359,412,771
TAN-019648,2021,EM.6702,3,3,6,267,264,531
TAN-019650,2021,EM.2430,6,8,14,575,656,1231
TAN-019652,2021,EM.6711,7,1,8,230,218,448
TAN-019654,2021,EM.5509,4,5,9,251,226,477
TAN-019656,2021,EM.6704,5,3,8,176,204,380
TAN-019658,2021,EM.6707,6,1,7,220,273,493
TAN-019660,2021,EM.5507,2,3,5,133,144,277
TAN-019662,2021,EM.8166,4,1,5,192,220,412
TAN-019664,2021,EM.5513,4,4,8,191,253,444
TAN-019666,2021,EM.7415,7,2,9,213,271,484
TAN-019668,2021,EM.7417,5,6,11,283,350,633
TAN-019670,2021,EM.1842,4,12,16,562,606,1168
TAN-019672,2021,EM.7954,3,4,7,281,360,641
TAN-019674,2021,EM.5508,9,5,14,442,515,957
TAN-019676,2021,EM.3650,4,4,8,302,413,715
TAN-019678,2021,EM.3648,4,2,6,190,247,437
TAN-019680,2021,EM.7418,5,3,8,150,186,336
TAN-019682,2021,EM.6706,3,3,6,191,193,384
TAN-019684,2021,EM.349,3,4,7,240,205,445
TAN-019686,2021,EM.5519,10,6,16,235,237,472
TAN-019688,2021,EM.5504,8,1,9,277,362,639
TAN-019690,2021,EM.1686,6,7,13,468,523,991
TAN-019692,2021,EM.8881,9,2,11,379,423,802
TAN-019694,2021,EM.12899,7,1,8,213,241,454
TAN-019696,2021,EM.10680,8,1,9,344,374,718
TAN-019698,2021,EM.8882,3,3,6,354,370,724
TAN-019700,2021,EM.3970,7,1,8,381,416,797
TAN-019702,2021,EM.5498,8,1,9,284,331,615
TAN-019704,2021,EM.8164,6,1,7,286,333,619
TAN-019706,2021,EM.6708,5,6,11,546,647,1193
TAN-019708,2021,EM.4450,8,3,11,562,566,1128
TAN-019710,2021,EM.13425,5,2,7,183,234,417
TAN-019712,2021,EM.6701,4,6,10,484,473,957
TAN-019714,2021,EM.2707,6,1,7,247,289,536
TAN-019716,2021,EM.1923,8,2,10,276,350,626
TAN-019718,2021,EM.6709,6,2,8,329,363,692
TAN-019720,2021,EM.5492,4,2,6,256,257,513
TAN-019722,2021,EM.5510,6,1,7,188,213,401
TAN-019724,2021,EM.3971,7,2,9,259,327,586
TAN-019726,2021,EM.13426,6,4,10,201,207,408
TAN-019728,2021,EM.1536,5,2,7,278,298,576
TAN-019730,2021,EM.3369,5,2,7,317,358,675
TAN-019732,2021,EM.5495,4,7,11,184,193,377
TAN-019734,2021,EM.5496,5,2,7,293,273,566
TAN-019736,2021,EM.6703,4,5,9,218,274,492
TAN-019738,2021,EM.5494,5,1,6,212,339,551
TAN-019740,2021,EM.8163,5,3,8,123,147,270
TAN-019742,2021,EM.7420,6,3,9,175,230,405
TAN-019744,2021,EM.14225,4,4,8,300,315,615
TAN-019746,2021,EM.7952,4,3,7,251,271,522
TAN-019748,2021,EM.6717,8,5,13,498,543,1041
TAN-019750,2021,EM.6720,9,1,10,432,483,915
TAN-019752,2021,EM.12902,5,3,8,214,206,420
TAN-019754,2021,EM.2311,4,6,10,245,318,563
TAN-019756,2021,EM.5512,5,3,8,239,258,497
TAN-019758,2021,EM.5518,4,5,9,208,237,445
TAN-019760,2021,EM.1134,5,2,7,265,313,578
TAN-019762,2021,EM.7425,6,1,7,193,224,417
TAN-019764,2021,EM.2312,6,2,8,366,444,810
TAN-019766,2021,EM.5515,5,2,7,255,358,613
TAN-019768,2021,EM.5501,5,1,6,59,72,131
TAN-019770,2021,EM.7424,5,2,7,225,218,443
TAN-019772,2021,EM.944,6,2,8,376,434,810
TAN-019774,2021,EM.5511,5,4,9,260,350,610
TAN-019776,2021,EM.3651,7,3,10,304,373,677
TAN-019778,2021,EM.2584,4,5,9,374,400,774
TAN-019780,2021,EM.6724,4,5,9,469,567,1036
TAN-019782,2021,EM.5493,3,3,6,163,158,321
TAN-019784,2021,EM.3649,2,7,9,255,265,520
TAN-019786,2021,EM.6723,6,1,7,259,293,552
TAN-019788,2021,EM.10679,5,6,11,276,329,605
TAN-019790,2021,EM.6705,9,2,11,290,313,603
TAN-019792,2021,EM.7422,5,9,14,513,567,1080
TAN-019794,2021,EM.14227,3,11,14,585,694,1279
TAN-019796,2021,EM.6722,7,1,8,272,285,557
TAN-019798,2021,EM.417,7,4,11,284,274,558
TAN-019800,2021,EM.7416,3,4,7,227,202,429
TAN-019802,2021,EM.7953,1,14,15,258,248,506
TAN-019804,2021,EM.5500,4,12,16,438,409,847
TAN-019806,2021,EM.5502,7,1,8,212,240,452
TAN-019808,2021,EM.8165,5,2,7,169,153,322
TAN-019810,2021,EM.720,3,9,12,408,411,819
TAN-019812,2021,EM.5499,7,4,11,511,567,1078
TAN-019814,2021,EM.5503,5,7,12,560,624,1184
TAN-019816,2021,EM.5505,7,8,15,631,672,1303
TAN-019818,2021,EM.9313,7,1,8,333,310,643
TAN-019820,2021,EM.6713,7,1,8,264,316,580
TAN-019822,2021,EM.1538,5,9,14,746,839,1585
TAN-019824,2021,EM.1758,3,7,10,459,502,961
TAN-019826,2021,EM.1537,6,1,7,363,377,740
TAN-019828,2021,EM.6718,4,1,5,191,202,393
TAN-019830,2021,EM.63,4,12,16,517,512,1029
TAN-019832,2021,EM.13790,4,11,15,499,569,1068
TAN-019834,2021,EM.229,2,8,10,303,333,636
TAN-019836,2021,EM.2310,3,8,11,369,440,809
TAN-019838,2021,EM.5514,4,4,8,179,172,351
TAN-019840,2021,EM.2708,5,2,7,382,364,746
TAN-019842,2021,EM.3972,5,5,10,468,549,1017
TAN-019844,2021,EM.2082,6,2,8,159,136,295
TAN-019846,2021,EM.7421,4,2,6,206,202,408
TAN-019848,2021,EM.5517,3,4,7,119,127,246
TAN-019850,2021,EM.530,5,2,7,218,223,441
TAN-019852,2021,EM.2432,2,15,17,467,413,880
TAN-019854,2021,EM.5522,5,5,10,425,398,823
TAN-019856,2021,EM.12908,2,14,16,472,465,937
TAN-019858,2021,EM.7428,4,5,9,395,332,727
TAN-019860,2021,EM.9314,4,1,5,286,282,568
TAN-019862,2021,EM.12277,2,12,14,364,380,744
TAN-019864,2021,EM.93,7,9,16,562,534,1096
TAN-019866,2021,EM.7427,2,7,9,177,166,343
TAN-019868,2021,EM.5537,4,6,10,316,322,638
TAN-019870,2021,EM.4451,4,15,19,464,480,944
TAN-019872,2021,EM.12278,2,11,13,487,504,991
TAN-019874,2021,EM.5524,6,9,15,172,165,337
TAN-019876,2021,EM.5525,2,11,13,364,344,708
TAN-019878,2021,EM.6726,2,11,13,373,355,728
TAN-019880,2021,EM.5535,6,8,14,213,226,439
TAN-019882,2021,EM.5523,2,8,10,244,241,485
TAN-019884,2021,EM.5526,6,13,19,740,862,1602
TAN-019886,2021,EM.6837,4,3,7,286,315,601
TAN-019888,2021,EM.8960,7,9,16,442,488,930
TAN-019890,2021,EM.3371,4,8,12,300,306,606
TAN-019892,2021,EM.3201,3,10,13,785,661,1446
TAN-019894,2021,EM.7426,5,6,11,440,421,861
TAN-019896,2021,EM.5527,2,8,10,344,327,671
TAN-019898,2021,EM.5538,4,6,10,359,309,668
TAN-019900,2021,EM.6725,1,9,10,225,252,477
TAN-019902,2021,EM.12279,2,10,12,261,274,535
TAN-019904,2021,EM.5529,5,14,19,938,878,1816
TAN-019906,2021,EM.5533,4,11,15,463,471,934
TAN-019907,2021,EM.5521,4,4,8,306,293,599
TAN-019909,2021,EM.5534,3,4,7,542,539,1081
TAN-019911,2021,EM.5536,3,6,9,333,369,702
TAN-019913,2021,EM.7955,3,6,9,244,230,474
TAN-019915,2021,EM.531,4,5,9,382,426,808
TAN-019917,2021,EM.5531,4,9,13,429,470,899
TAN-019919,2021,EM.12907,4,9,13,622,619,1241
TAN-019921,2021,EM.12903,3,15,18,365,391,756
TAN-019922,2021,EM.5530,2,13,15,429,415,844
TAN-019924,2021,EM.1555,3,3,6,324,356,680
TAN-019926,2021,EM.12905,2,14,16,523,536,1059
TAN-019927,2021,EM.12280,3,19,22,794,777,1571
TAN-019929,2021,EM.794,7,10,17,512,563,1075
TAN-019931,2021,EM.9016,6,9,15,480,540,1020
TAN-019933,2021,EM.7438,10,2,12,429,437,866
TAN-019935,2021,EM.2710,11,12,23,863,850,1713
TAN-019937,2021,EM.14233,10,11,21,592,573,1165
TAN-019939,2021,EM.5548,7,6,13,450,495,945
TAN-019941,2021,EM.10376,9,3,12,386,479,865
TAN-019943,2021,EM.7965,11,1,12,551,610,1161
TAN-019945,2021,EM.16519,8,4,12,450,429,879
TAN-019947,2021,EM.16522,8,2,10,479,530,1009
TAN-019949,2021,EM.16523,10,3,13,528,666,1194
TAN-019951,2021,EM.9945,11,2,13,586,715,1301
TAN-019953,2021,EM.7437,8,2,10,267,420,687
TAN-019955,2021,EM.2709,7,4,11,446,586,1032
TAN-019957,2021,EM.6743,6,3,9,527,566,1093
TAN-019959,2021,EM.7441,6,4,10,243,320,563
TAN-019961,2021,EM.6739,9,5,14,591,659,1250
TAN-019963,2021,EM.3655,7,4,11,512,611,1123
TAN-019965,2021,EM.6741,6,3,9,392,421,813
TAN-019967,2021,EM.9949,9,6,15,987,969,1956
TAN-019969,2021,EM.5549,6,5,11,601,674,1275
TAN-019971,2021,EM.5552,11,1,12,480,560,1040
TAN-019973,2021,EM.7966,8,1,9,439,508,947
TAN-019975,2021,EM.9943,14,1,15,936,924,1860
TAN-019977,2021,EM.9946,11,3,14,509,556,1065
TAN-019979,2021,EM.5550,5,7,12,363,555,918
TAN-019981,2021,EM.6736,11,1,12,532,616,1148
TAN-019983,2021,EM.7435,8,3,11,526,574,1100
TAN-019985,2021,EM.14232,7,2,9,325,409,734
TAN-019987,2021,EM.6745,6,3,9,764,772,1536
TAN-019989,2021,EM.5551,7,4,11,436,564,1000
TAN-019991,2021,EM.6746,10,1,11,275,323,598
TAN-019993,2021,EM.5553,5,12,17,591,719,1310
TAN-019995,2021,EM.6747,6,4,10,397,410,807
TAN-019997,2021,EM.5554,5,4,9,158,165,323
TAN-019999,2021,EM.2514,7,3,10,249,255,504
TAN-020001,2021,EM.3202,7,3,10,561,614,1175
TAN-020003,2021,EM.8812,10,1,11,634,692,1326
TAN-020005,2021,EM.14231,11,3,14,362,451,813
TAN-020007,2021,EM.2841,11,5,16,787,887,1674
TAN-020009,2021,EM.3203,10,8,18,507,575,1082
TAN-020011,2021,EM.7440,11,4,15,632,718,1350
TAN-020013,2021,EM.6737,4,10,14,453,439,892
TAN-020015,2021,EM.6744,12,2,14,332,408,740
TAN-020017,2021,EM.9954,8,3,11,406,502,908
TAN-020019,2021,EM.6738,13,6,19,899,981,1880
TAN-020021,2021,EM.7967,11,1,12,573,641,1214
TAN-020023,2021,EM.14709,6,6,12,607,586,1193
TAN-020025,2021,EM.9955,5,5,10,258,295,553
TAN-020027,2021,EM.9956,9,6,15,419,408,827
TAN-020029,2021,EM.9957,6,7,13,594,572,1166
TAN-020031,2021,EM.15859,9,41,50,1313,1324,2637
TAN-020033,2021,EM.15873,5,24,29,763,814,1577
TAN-020035,2021,EM.15854,10,8,18,478,506,984
TAN-020037,2021,EM.15858,7,7,14,635,672,1307
TAN-020039,2021,EM.15860,10,6,16,653,804,1457
TAN-020041,2021,EM.15861,12,10,22,542,572,1114
TAN-020043,2021,EM.15847,6,2,8,381,465,846
TAN-020045,2021,EM.15878,7,1,8,221,249,470
TAN-020047,2021,EM.15862,9,17,26,680,723,1403
TAN-020049,2021,EM.15844,5,18,23,625,660,1285
TAN-020051,2021,EM.15867,11,3,14,355,378,733
TAN-020053,2021,EM.15864,7,9,16,415,472,887
TAN-020055,2021,EM.15865,9,7,16,922,869,1791
TAN-020057,2021,EM.15875,9,4,13,452,576,1028
TAN-020059,2021,EM.15846,6,8,14,482,521,1003
TAN-020061,2021,EM.15870,12,10,22,507,600,1107
TAN-020063,2021,EM.15863,12,0,12,621,669,1290
TAN-020065,2021,EM.15871,6,9,15,583,679,1262
TAN-020067,2021,EM.15874,4,21,25,708,758,1466
TAN-020069,2021,EM.1687,15,0,15,624,613,1237
TAN-020071,2021,EM.3656,15,2,17,671,667,1338
TAN-020073,2021,EM.3659,12,2,14,396,468,864
TAN-020075,2021,EM.8943,5,2,7,198,193,391
TAN-020077,2021,EM.4457,6,3,9,342,395,737
TAN-020079,2021,EM.945,5,3,8,404,392,796
TAN-020081,2021,EM.3658,4,2,6,195,202,397
TAN-020083,2021,EM.8614,4,2,6,197,203,400
TAN-020085,2021,EM.9317,6,1,7,109,110,219
TAN-020087,2021,EM.947,14,2,16,633,625,1258
TAN-020089,2021,EM.3660,6,1,7,238,235,473
TAN-020091,2021,EM.10230,6,1,7,278,294,572
TAN-020093,2021,EM.3657,8,0,8,212,191,403
TAN-020095,2021,EM.13792,11,8,19,1038,1038,2076
TAN-020097,2021,EM.2314,6,4,10,436,457,893
TAN-020099,2021,EM.5557,6,1,7,344,301,645
TAN-020101,2021,EM.3204,6,13,19,501,489,990
TAN-020103,2021,EM.2585,16,5,21,891,973,1864
TAN-020105,2021,EM.5555,2,4,6,276,265,541
TAN-020107,2021,EM.5559,7,4,11,419,382,801
TAN-020109,2021,EM.5561,8,3,11,383,396,779
TAN-020111,2021,EM.12290,5,2,7,220,194,414
TAN-020113,2021,EM.2515,13,5,18,559,577,1136
TAN-020115,2021,EM.5556,5,7,12,560,529,1089
TAN-020117,2021,EM.1843,6,4,10,254,240,494
TAN-020119,2021,EM.13795,8,11,19,377,392,769
TAN-020121,2021,EM.3974,6,2,8,231,218,449
TAN-020123,2021,EM.8168,6,9,15,341,353,694
TAN-020125,2021,EM.14235,6,21,27,1106,1255,2361
TAN-020127,2021,EM.9316,10,7,17,410,404,814
TAN-020129,2021,EM.12287,6,11,17,760,749,1509
TAN-020131,2021,EM.2315,9,8,17,530,561,1091
TAN-020133,2021,EM.5560,12,17,29,965,950,1915
TAN-020135,2021,EM.10229,8,4,12,441,440,881
TAN-020137,2021,EM.12916,10,16,26,1168,1245,2413
TAN-020139,2021,EM.3973,9,3,12,453,403,856
TAN-020141,2021,EM.5562,6,1,7,270,269,539
TAN-020143,2021,EM.10683,3,4,7,300,251,551
TAN-020145,2021,EM.2842,9,0,9,515,531,1046
TAN-020147,2021,EM.8813,6,1,7,223,265,488
TAN-020149,2021,EM.1925,5,1,6,296,272,568
TAN-020151,2021,EM.12288,7,1,8,265,284,549
TAN-020153,2021,EM.12289,8,0,8,254,288,542
TAN-020155,2021,EM.3976,7,1,8,377,437,814
TAN-020157,2021,EM.3977,5,1,6,311,306,617
TAN-020159,2021,EM.2982,7,3,10,421,425,846
TAN-020161,2021,EM.5558,10,2,12,609,648,1257
TAN-020163,2021,EM.13794,5,12,17,373,424,797
TAN-020165,2021,EM.10682,8,6,14,516,408,924
TAN-020167,2021,EM.11059,12,0,12,359,382,741
TAN-020169,2021,EM.4459,10,1,11,276,302,578
TAN-020171,2021,EM.2313,4,13,17,395,415,810
TAN-020173,2021,EM.2843,6,4,10,262,307,569
TAN-020175,2021,EM.2182,7,6,13,255,331,586
TAN-020177,2021,EM.2712,6,4,10,462,469,931
TAN-020179,2021,EM.10377,6,2,8,269,263,532
TAN-020181,2021,EM.9205,8,3,11,536,460,996
TAN-020183,2021,EM.5564,6,7,13,427,438,865
TAN-020185,2021,EM.5565,12,4,16,610,632,1242
TAN-020187,2021,EM.4454,7,1,8,237,216,453
TAN-020189,2021,EM.3975,4,1,5,324,329,653
TAN-020191,2021,EM.5563,5,2,7,225,239,464
TAN-020193,2021,EM.1387,7,0,7,291,377,668
TAN-020195,2021,EM.2316,7,3,10,502,455,957
TAN-020197,2021,EM.4455,7,2,9,355,390,745
TAN-020199,2021,EM.13793,6,2,8,361,319,680
TAN-020201,2021,EM.7442,6,0,6,276,301,577
TAN-020203,2021,EM.6748,5,2,7,201,223,424
TAN-020205,2021,EM.2713,7,3,10,378,361,739
TAN-020207,2021,EM.1844,8,1,9,386,312,698
TAN-020209,2021,EM.7443,14,5,19,394,507,901
TAN-020211,2021,EM.9979,9,8,17,435,580,1015
TAN-020213,2021,EM.9958,11,1,12,553,588,1141
TAN-020215,2021,EM.9959,10,3,13,614,609,1223
TAN-020217,2021,EM.9966,10,3,13,487,527,1014
TAN-020219,2021,EM.2714,7,5,12,556,661,1217
TAN-020221,2021,EM.9987,7,5,12,580,654,1234
TAN-020223,2021,EM.6755,8,2,10,544,575,1119
TAN-020225,2021,EM.6756,8,6,14,782,841,1623
TAN-020227,2021,EM.9968,9,8,17,556,759,1315
TAN-020229,2021,EM.9984,7,7,14,328,430,758
TAN-020231,2021,EM.9993,8,4,12,427,510,937
TAN-020233,2021,EM.10003,9,2,11,394,419,813
TAN-020235,2021,EM.949,10,13,23,832,878,1710
TAN-020237,2021,EM.9991,9,10,19,512,569,1081
TAN-020239,2021,EM.9992,9,6,15,485,617,1102
TAN-020241,2021,EM.9969,6,3,9,543,567,1110
TAN-020243,2021,EM.9970,5,3,8,283,362,645
TAN-020244,2021,EM.10231,15,11,26,621,711,1332
TAN-020246,2021,EM.9976,10,11,21,714,695,1409
TAN-020248,2021,EM.5569,4,9,13,436,530,966
TAN-020250,2021,EM.9973,9,1,10,376,419,795
TAN-020252,2021,EM.6754,7,2,9,296,354,650
TAN-020254,2021,EM.6757,9,1,10,362,479,841
TAN-020256,2021,EM.950,10,4,14,600,707,1307
TAN-020258,2021,EM.6752,10,5,15,645,702,1347
TAN-020260,2021,EM.8344,11,2,13,459,547,1006
TAN-020262,2021,EM.6753,9,8,17,779,978,1757
TAN-020264,2021,EM.7444,12,2,14,631,822,1453
TAN-020266,2021,EM.9983,3,5,8,273,313,586
TAN-020268,2021,EM.9986,7,3,10,378,481,859
TAN-020270,2021,EM.9994,6,6,12,536,599,1135
TAN-020272,2021,EM.9967,5,9,14,544,574,1118
TAN-020274,2021,EM.9985,9,2,11,444,489,933
TAN-020276,2021,EM.9990,10,4,14,534,526,1060
TAN-020278,2021,EM.5568,13,3,16,566,696,1262
TAN-020280,2021,EM.12918,7,3,10,703,788,1491
TAN-020282,2021,EM.9977,9,2,11,573,623,1196
TAN-020284,2021,EM.3978,14,5,19,848,791,1639
TAN-020286,2021,EM.13797,10,1,11,658,734,1392
TAN-020288,2021,EM.1388,13,4,17,573,718,1291
TAN-020290,2021,EM.9997,7,2,9,486,559,1045
TAN-020292,2021,EM.9998,6,5,11,539,520,1059
TAN-020294,2021,EM.9962,9,5,14,368,577,945
TAN-020296,2021,EM.9963,10,2,12,411,528,939
TAN-020298,2021,EM.9964,8,3,11,397,393,790
TAN-020300,2021,EM.9965,8,3,11,244,250,494
TAN-020302,2021,EM.9995,9,2,11,574,692,1266
TAN-020304,2021,EM.9996,4,3,7,293,306,599
TAN-020306,2021,EM.10000,5,5,10,518,581,1099
TAN-020308,2021,EM.10001,3,7,10,443,490,933
TAN-020310,2021,EM.6750,10,10,20,585,685,1270
TAN-020312,2021,EM.10004,5,9,14,551,490,1041
TAN-020314,2021,EM.5566,9,3,12,614,670,1284
TAN-020316,2021,EM.9975,13,7,20,972,946,1918
TAN-020318,2021,EM.6751,6,6,12,493,534,1027
TAN-020320,2021,EM.2586,8,3,11,496,548,1044
TAN-020322,2021,EM.9978,8,2,10,524,484,1008
TAN-020324,2021,EM.10006,5,1,6,245,262,507
TAN-020326,2021,EM.6749,7,3,10,334,390,724
TAN-020328,2021,EM.9972,6,3,9,373,438,811
TAN-020330,2021,EM.1540,12,1,13,509,546,1055
TAN-020332,2021,EM.10232,11,2,13,457,560,1017
TAN-020334,2021,EM.3205,3,4,7,314,381,695
TAN-020336,2021,EM.9319,5,2,7,249,289,538
TAN-020338,2021,EM.4460,5,3,8,302,342,644
TAN-020340,2021,EM.1390,6,2,8,418,485,903
TAN-020342,2021,EM.7971,3,4,7,311,381,692
TAN-020344,2021,EM.7446,7,4,11,354,349,703
TAN-020346,2021,EM.3979,4,8,12,224,196,420
TAN-020348,2021,EM.1543,7,2,9,278,289,567
TAN-020350,2021,EM.4461,5,2,7,252,323,575
TAN-020352,2021,EM.13803,9,2,11,421,444,865
TAN-020354,2021,EM.1392,6,7,13,435,471,906
TAN-020356,2021,EM.1541,7,4,11,332,375,707
TAN-020358,2021,EM.7449,7,4,11,348,384,732
TAN-020360,2021,EM.2184,5,3,8,423,457,880
TAN-020362,2021,EM.9320,3,2,5,174,185,359
TAN-020364,2021,EM.3665,6,0,6,255,304,559
TAN-020366,2021,EM.8169,3,5,8,283,314,597
TAN-020368,2021,EM.7445,7,0,7,462,504,966
TAN-020370,2021,EM.6763,8,2,10,372,384,756
TAN-020372,2021,EM.3663,6,1,7,331,345,676
TAN-020374,2021,EM.6768,4,5,9,375,422,797
TAN-020376,2021,EM.8345,5,1,6,242,302,544
TAN-020378,2021,EM.2320,4,3,7,341,422,763
TAN-020380,2021,EM.12295,2,3,5,269,276,545
TAN-020382,2021,EM.7970,4,2,6,296,387,683
TAN-020384,2021,EM.2984,4,4,8,324,420,744
TAN-020386,2021,EM.3206,6,0,6,150,197,347
TAN-020388,2021,EM.2715,3,4,7,358,321,679
TAN-020390,2021,EM.6760,4,3,7,358,421,779
TAN-020392,2021,EM.8409,6,4,10,232,311,543
TAN-020394,2021,EM.721,2,8,10,403,411,814
TAN-020396,2021,EM.13802,4,2,6,195,250,445
TAN-020398,2021,EM.13436,5,1,6,159,212,371
TAN-020400,2021,EM.646,5,2,7,276,321,597
TAN-020402,2021,EM.13800,7,1,8,185,188,373
TAN-020404,2021,EM.2985,5,6,11,268,336,604
TAN-020406,2021,EM.8173,5,1,6,301,332,633
TAN-020408,2021,EM.10684,6,1,7,421,385,806
TAN-020410,2021,EM.1544,6,2,8,359,362,721
TAN-020412,2021,EM.9110,4,2,6,274,292,566
TAN-020414,2021,EM.11507,9,0,9,425,477,902
TAN-020416,2021,EM.2318,6,8,14,488,546,1034
TAN-020418,2021,EM.1136,7,4,11,572,702,1274
TAN-020420,2021,EM.6765,7,2,9,459,483,942
TAN-020422,2021,EM.4466,7,4,11,747,733,1480
TAN-020424,2021,EM.419,6,4,10,356,322,678
TAN-020426,2021,EM.6759,6,1,7,297,294,591
TAN-020428,2021,EM.4465,3,6,9,262,302,564
TAN-020430,2021,EM.6767,3,16,19,288,283,571
TAN-020432,2021,EM.12294,5,2,7,206,278,484
TAN-020434,2021,EM.13799,5,1,6,178,186,364
TAN-020436,2021,EM.10686,5,2,7,193,188,381
TAN-020438,2021,EM.3207,4,6,10,408,511,919
TAN-020440,2021,EM.2185,9,3,12,321,361,682
TAN-020442,2021,EM.7448,9,1,10,254,267,521
TAN-020444,2021,EM.10687,6,1,7,327,365,692
TAN-020446,2021,EM.6766,10,2,12,404,471,875
TAN-020448,2021,EM.2717,8,5,13,623,712,1335
TAN-020450,2021,EM.2434,6,1,7,290,336,626
TAN-020452,2021,EM.13801,6,2,8,144,178,322
TAN-020454,2021,EM.13804,4,2,6,184,226,410
TAN-020456,2021,EM.2587,6,4,10,261,294,555
TAN-020458,2021,EM.6772,5,7,12,305,365,670
TAN-020460,2021,EM.2986,6,6,12,445,543,988
TAN-020462,2021,EM.13437,6,0,6,115,126,241
TAN-020464,2021,EM.8255,8,1,9,190,196,386
TAN-020466,2021,EM.10691,5,2,7,162,196,358
TAN-020468,2021,EM.1138,6,2,8,226,234,460
TAN-020470,2021,EM.9207,4,0,4,123,149,272
TAN-020472,2021,EM.9036,4,1,5,160,168,328
TAN-020474,2021,EM.5585,4,3,7,174,183,357
TAN-020476,2021,EM.7452,10,4,14,259,358,617
TAN-020478,2021,EM.6782,6,2,8,134,172,306
TAN-020480,2021,EM.5587,3,6,9,259,338,597
TAN-020482,2021,EM.7456,4,2,6,95,119,214
TAN-020484,2021,EM.1845,5,8,13,560,610,1170
TAN-020486,2021,EM.5584,8,4,12,420,398,818
TAN-020488,2021,EM.9114,10,2,12,468,446,914
TAN-020490,2021,EM.9038,12,2,14,441,495,936
TAN-020492,2021,EM.5575,12,3,15,350,455,805
TAN-020494,2021,EM.7973,9,0,9,318,361,679
TAN-020496,2021,EM.9023,7,0,7,209,277,486
TAN-020498,2021,EM.6775,10,5,15,314,363,677
TAN-020500,2021,EM.9321,7,2,9,326,327,653
TAN-020502,2021,EM.10008,10,7,17,527,607,1134
TAN-020504,2021,EM.9033,6,3,9,522,514,1036
TAN-020506,2021,EM.5583,12,1,13,510,565,1075
TAN-020508,2021,EM.8174,7,0,7,220,287,507
TAN-020510,2021,EM.9027,7,0,7,270,298,568
TAN-020512,2021,EM.2719,10,4,14,419,476,895
TAN-020514,2021,EM.9208,5,2,7,207,268,475
TAN-020516,2021,EM.7454,4,6,10,353,405,758
TAN-020518,2021,EM.9032,6,3,9,170,182,352
TAN-020520,2021,EM.2720,4,5,9,326,430,756
TAN-020522,2021,EM.6781,4,3,7,229,255,484
TAN-020524,2021,EM.8946,5,1,6,157,158,315
TAN-020526,2021,EM.9037,5,1,6,154,141,295
TAN-020528,2021,EM.10689,8,0,8,131,164,295
TAN-020530,2021,EM.17348,5,2,7,268,308,576
TAN-020532,2021,EM.6773,7,0,7,190,275,465
TAN-020534,2021,EM.9031,5,1,6,55,72,127
TAN-020536,2021,EM.3667,9,1,10,247,257,504
TAN-020538,2021,EM.8410,6,2,8,218,237,455
TAN-020540,2021,EM.17244,8,0,8,110,120,230
TAN-020542,2021,EM.6780,4,2,6,224,222,446
TAN-020544,2021,EM.5577,6,2,8,223,291,514
TAN-020546,2021,EM.9112,7,1,8,240,265,505
TAN-020548,2021,EM.5576,6,0,6,143,203,346
TAN-020550,2021,EM.9034,7,1,8,219,202,421
TAN-020552,2021,EM.3208,1,4,5,217,344,561
TAN-020554,2021,EM.9322,4,2,6,284,270,554
TAN-020556,2021,EM.9024,5,0,5,123,139,262
TAN-020558,2021,EM.9025,5,2,7,124,131,255
TAN-020560,2021,EM.5579,5,6,11,369,421,790
TAN-020562,2021,EM.5580,4,6,10,290,357,647
TAN-020564,2021,EM.9020,8,6,14,358,395,753
TAN-020566,2021,EM.9323,7,3,10,281,325,606
TAN-020568,2021,EM.9113,8,1,9,169,209,378
TAN-020570,2021,EM.10688,10,9,19,459,585,1044
TAN-020572,2021,EM.6778,6,5,11,443,511,954
TAN-020574,2021,EM.3376,5,9,14,317,389,706
TAN-020576,2021,EM.8885,9,1,10,424,412,836
TAN-020578,2021,EM.8886,6,5,11,245,328,573
TAN-020580,2021,EM.13440,3,1,4,190,239,429
TAN-020582,2021,EM.9017,6,4,10,211,250,461
TAN-020584,2021,EM.14510,4,14,18,475,472,947
TAN-020586,2021,EM.9030,7,10,17,362,381,743
TAN-020588,2021,EM.5578,9,7,16,252,292,544
TAN-020590,2021,EM.5582,6,18,24,624,648,1272
TAN-020592,2021,EM.8814,7,0,7,144,157,301
TAN-020594,2021,EM.9206,5,1,6,74,97,171
TAN-020596,2021,EM.8254,5,1,6,150,180,330
TAN-020598,2021,EM.3668,5,5,10,298,322,620
TAN-020600,2021,EM.9018,4,3,7,218,253,471
TAN-020602,2021,EM.2186,3,6,9,232,303,535
TAN-020604,2021,EM.13438,7,0,7,188,207,395
TAN-020606,2021,EM.2987,2,10,12,279,270,549
TAN-020608,2021,EM.8256,3,3,6,134,137,271
TAN-020610,2021,EM.7451,10,2,12,426,565,991
TAN-020612,2021,EM.9035,7,1,8,301,338,639
TAN-020614,2021,EM.8257,8,1,9,410,551,961
TAN-020616,2021,EM.122,5,1,6,277,355,632
TAN-020618,2021,EM.3666,3,3,6,275,294,569
TAN-020620,2021,EM.6777,3,1,4,145,175,320
TAN-020622,2021,EM.3209,2,6,8,268,360,628
TAN-020624,2021,EM.9019,6,1,7,158,203,361
TAN-020626,2021,EM.9028,6,0,6,207,261,468
TAN-020628,2021,EM.6774,8,0,8,254,267,521
TAN-020630,2021,EM.7974,7,0,7,310,322,632
TAN-020632,2021,EM.7457,6,2,8,377,464,841
TAN-020634,2021,EM.10243,4,3,7,114,126,240
TAN-020637,2021,EM.5594,6,3,9,281,302,583
TAN-020640,2021,EM.1408,9,2,11,240,235,475
TAN-020643,2021,EM.1549,6,4,10,258,246,504
TAN-020646,2021,EM.3681,10,4,14,581,631,1212
TAN-020649,2021,EM.13442,4,4,8,239,263,502
TAN-020652,2021,EM.17350,3,4,7,258,250,508
TAN-020655,2021,EM.3380,6,2,8,213,288,501
TAN-020658,2021,EM.7462,3,3,6,160,181,341
TAN-020661,2021,EM.3378,5,2,7,407,454,861
TAN-020664,2021,EM.2085,5,1,6,299,316,615
TAN-020667,2021,EM.5596,11,16,27,722,783,1505
TAN-020670,2021,EM.3680,5,6,11,395,419,814
TAN-020673,2021,EM.3682,4,2,6,347,385,732
TAN-020676,2021,EM.8411,8,5,13,718,701,1419
TAN-020679,2021,EM.253,11,5,16,602,552,1154
TAN-020682,2021,EM.13812,8,1,9,331,308,639
TAN-020685,2021,EM.11062,7,2,9,286,316,602
TAN-020688,2021,EM.5595,4,5,9,300,275,575
TAN-020691,2021,EM.9212,7,5,12,586,654,1240
TAN-020694,2021,EM.8950,6,2,8,278,250,528
TAN-020697,2021,EM.1409,18,6,24,994,880,1874
TAN-020700,2021,EM.2188,10,5,15,808,721,1529
TAN-020703,2021,EM.2084,9,1,10,258,318,576
TAN-020706,2021,EM.3379,5,6,11,438,458,896
TAN-020709,2021,EM.2436,8,4,12,415,394,809
TAN-020712,2021,EM.13445,3,3,6,118,166,284
TAN-020715,2021,EM.15365,8,0,8,433,445,878
TAN-020717,2021,EM.12301,4,1,5,219,289,508
TAN-020720,2021,EM.1412,6,0,6,100,119,219
TAN-020723,2021,EM.726,4,7,11,396,390,786
TAN-020726,2021,EM.14519,2,6,8,204,216,420
TAN-020729,2021,EM.12303,5,2,7,334,288,622
TAN-020732,2021,EM.6786,5,2,7,293,288,581
TAN-020735,2021,EM.2725,12,5,17,713,853,1566
TAN-020738,2021,EM.7463,6,2,8,284,290,574
TAN-020741,2021,EM.14927,6,1,7,303,315,618
TAN-020743,2021,EM.1759,5,2,7,228,215,443
TAN-020746,2021,EM.14928,10,2,12,288,282,570
TAN-020749,2021,EM.3988,7,1,8,287,299,586
TAN-020752,2021,EM.3381,6,3,9,636,645,1281
TAN-020755,2021,EM.1146,7,3,10,302,312,614
TAN-020758,2021,EM.4484,4,6,10,441,463,904
TAN-020761,2021,EM.9325,6,3,9,267,314,581
TAN-020764,2021,EM.3683,5,4,9,566,521,1087
TAN-020767,2021,EM.14250,6,0,6,287,259,546
TAN-020769,2021,EM.1760,9,3,12,404,522,926
TAN-020772,2021,EM.3684,8,1,9,456,488,944
TAN-020775,2021,EM.962,7,1,8,315,340,655
TAN-020778,2021,EM.11063,4,2,6,209,213,422
TAN-020781,2021,EM.4483,4,3,7,322,379,701
TAN-020784,2021,EM.1147,7,5,12,590,619,1209
TAN-020787,2021,EM.13446,4,1,5,123,115,238
TAN-020790,2021,EM.4485,4,5,9,250,223,473
TAN-020793,2021,EM.13813,6,9,15,419,425,844
TAN-020796,2021,EM.59,5,20,25,464,556,1020
TAN-020799,2021,EM.13449,8,3,11,199,207,406
TAN-020802,2021,EM.4486,3,7,10,200,192,392
TAN-020805,2021,EM.2991,6,22,28,757,791,1548
TAN-020808,2021,EM.13814,8,16,24,512,537,1049
TAN-020811,2021,EM.8744,6,19,25,742,778,1520
TAN-020814,2021,EM.797,6,2,8,304,358,662
TAN-020820,2021,EM.2599,4,13,17,351,342,693
TAN-020826,2021,EM.5597,3,2,5,209,262,471
TAN-020829,2021,EM.535,7,2,9,426,507,933
TAN-020832,2021,EM.7465,6,3,9,222,232,454
TAN-020835,2021,EM.1148,7,4,11,374,404,778
TAN-020838,2021,EM.13448,5,1,6,178,220,398
TAN-020841,2021,EM.12302,6,2,8,195,184,379
TAN-020844,2021,EM.1149,5,6,11,253,234,487
TAN-020847,2021,EM.3213,3,4,7,349,361,710
TAN-020850,2021,EM.3989,6,6,12,482,514,996
TAN-020853,2021,EM.2591,6,2,8,456,534,990
TAN-020856,2021,EM.13444,4,3,7,250,320,570
TAN-020859,2021,EM.961,5,1,6,200,181,381
TAN-020862,2021,EM.3990,7,1,8,357,429,786
TAN-020865,2021,EM.963,6,4,10,382,401,783
TAN-020868,2021,EM.13447,7,3,10,411,427,838
TAN-020871,2021,EM.1150,5,4,9,397,368,765
TAN-020874,2021,EM.2724,4,4,8,372,392,764
TAN-020877,2021,EM.1410,4,1,5,191,300,491
TAN-020880,2021,EM.1151,5,1,6,273,318,591
TAN-020883,2021,EM.14249,3,3,6,187,186,373
TAN-020885,2021,EM.12300,8,2,10,378,423,801
TAN-020888,2021,EM.14251,4,2,6,190,228,418
TAN-020891,2021,EM.6787,7,3,10,439,516,955
TAN-020894,2021,EM.421,2,8,10,172,174,346
TAN-020897,2021,EM.4487,1,10,11,281,308,589
TAN-020900,2021,EM.966,3,7,10,419,412,831
TAN-020901,2021,EM.5604,6,5,11,587,628,1215
TAN-020902,2021,EM.17247,3,5,8,466,530,996
TAN-020903,2021,EM.538,6,4,10,412,422,834
TAN-020906,2021,EM.10246,5,1,6,339,328,667
TAN-020907,2021,EM.12929,1,7,8,170,181,351
TAN-020908,2021,EM.4495,4,5,9,450,433,883
TAN-020909,2021,EM.10244,3,5,8,401,363,764
TAN-020910,2021,EM.10245,5,4,9,268,319,587
TAN-020911,2021,EM.4494,5,3,8,228,207,435
TAN-020912,2021,EM.12924,4,3,7,300,317,617
TAN-020913,2021,EM.1695,9,5,14,332,304,636
TAN-020914,2021,EM.592,2,5,7,371,345,716
TAN-020915,2021,EM.16964,4,3,7,265,287,552
TAN-020916,2021,EM.11509,4,7,11,537,522,1059
TAN-020917,2021,EM.1417,2,4,6,376,372,748
TAN-020918,2021,EM.12928,2,4,6,363,321,684
TAN-020919,2021,EM.7467,8,6,14,661,646,1307
TAN-020920,2021,EM.12305,7,6,13,444,423,867
TAN-020921,2021,EM.970,9,10,19,885,908,1793
TAN-020922,2021,EM.4493,4,4,8,391,457,848
TAN-020925,2021,EM.14520,4,4,8,148,152,300
TAN-020926,2021,EM.12927,4,3,7,401,427,828
TAN-020927,2021,EM.11510,4,3,7,268,249,517
TAN-020928,2021,EM.8414,7,2,9,402,418,820
TAN-020931,2021,EM.3687,7,6,13,635,650,1285
TAN-020932,2021,EM.8952,3,3,6,326,363,689
TAN-020933,2021,EM.5605,4,6,10,511,525,1036
TAN-020934,2021,EM.9214,5,3,8,447,455,902
TAN-020935,2021,EM.968,4,7,11,404,465,869
TAN-020936,2021,EM.1419,6,3,9,629,637,1266
TAN-020937,2021,EM.969,6,4,10,294,306,600
TAN-020938,2021,EM.593,5,3,8,384,375,759
TAN-020939,2021,EM.208,5,3,8,328,332,660
TAN-020940,2021,EM.967,6,2,8,423,387,810
TAN-020941,2021,EM.8415,4,4,8,234,241,475
TAN-020942,2021,EM.10695,5,1,6,377,340,717
TAN-020943,2021,EM.9566,4,3,7,251,272,523
TAN-020944,2021,EM.3215,1,4,5,313,338,651
TAN-020945,2021,EM.3994,5,5,10,462,475,937
TAN-020946,2021,EM.10380,4,2,6,294,260,554
TAN-020947,2021,EM.12306,3,8,11,273,251,524
TAN-020948,2021,EM.3689,5,5,10,353,367,720
TAN-020949,2021,EM.10247,2,12,14,368,353,721
TAN-020950,2021,EM.1155,5,7,12,645,627,1272
TAN-020951,2021,EM.2994,6,3,9,264,313,577
TAN-020952,2021,EM.1418,4,3,7,373,393,766
TAN-020955,2021,EM.8350,7,10,17,637,600,1237
TAN-020956,2021,EM.8953,3,4,7,246,278,524
TAN-020957,2021,EM.10696,4,2,6,304,356,660
TAN-020958,2021,EM.12304,7,1,8,361,401,762
TAN-020959,2021,EM.3688,7,6,13,681,774,1455
TAN-020960,2021,EM.7985,4,6,10,511,590,1101
TAN-020961,2021,EM.14521,5,2,7,333,382,715
TAN-020962,2021,EM.7468,6,1,7,323,338,661
TAN-020963,2021,EM.14260,3,3,6,430,418,848
TAN-020964,2021,EM.14937,8,0,8,328,393,721
TAN-020965,2021,EM.3995,7,1,8,304,328,632
TAN-020966,2021,EM.2993,5,2,7,354,373,727
TAN-020967,2021,EM.8954,4,3,7,304,315,619
TAN-020968,2021,EM.3996,4,7,11,463,523,986
TAN-020969,2021,EM.9326,7,0,7,294,297,591
TAN-020970,2021,EM.16965,5,2,7,253,267,520
TAN-020971,2021,EM.16966,4,3,7,270,266,536
TAN-020972,2021,EM.3690,4,5,9,453,459,912
TAN-020973,2021,EM.12925,2,6,8,242,265,507
TAN-020974,2021,EM.965,8,6,14,473,512,985
TAN-020975,2021,EM.8951,6,1,7,259,330,589
TAN-020976,2021,EM.1551,3,5,8,359,369,728
TAN-020977,2021,EM.8351,4,5,9,394,449,843
TAN-020978,2021,EM.8955,3,3,6,339,300,639
TAN-020979,2021,EM.799,5,5,10,469,479,948
TAN-020980,2021,EM.971,6,10,16,259,249,508
TAN-020983,2021,EM.5607,3,16,19,567,606,1173
TAN-020986,2021,EM.7470,5,16,21,562,590,1152
TAN-020989,2021,EM.12307,4,20,24,908,920,1828
TAN-020992,2021,EM.13452,3,25,28,810,876,1686
TAN-020995,2021,EM.13819,1,9,10,247,279,526
TAN-020998,2021,EM.10381,7,2,9,373,367,740
TAN-021001,2021,EM.648,6,12,18,558,542,1100
TAN-021004,2021,EM.2086,3,17,20,338,381,719
TAN-021007,2021,EM.9040,5,11,16,485,457,942
TAN-021010,2021,EM.10248,6,1,7,191,204,395
TAN-021013,2021,EM.7469,7,6,13,412,400,812
TAN-021016,2021,EM.2087,4,11,15,393,422,815
TAN-021019,2021,EM.5612,5,18,23,487,517,1004
TAN-021022,2021,EM.1552,4,2,6,90,110,200
TAN-021025,2021,EM.5614,5,2,7,121,118,239
TAN-021028,2021,EM.5619,2,3,5,96,108,204
TAN-021031,2021,EM.6796,2,1,3,55,47,102
TAN-021034,2021,EM.5624,1,3,4,87,87,174
TAN-021037,2021,EM.10013,3,1,4,65,44,109
TAN-021040,2021,EM.2727,4,1,5,112,100,212
TAN-021043,2021,EM.4497,2,5,7,350,397,747
TAN-021046,2021,EM.2996,4,3,7,267,291,558
TAN-021049,2021,EM.9116,3,1,4,118,142,260
TAN-021052,2021,EM.2728,4,3,7,186,200,386
TAN-021055,2021,EM.7472,4,1,5,143,197,340
TAN-021058,2021,EM.6801,5,2,7,145,148,293
TAN-021061,2021,EM.9327,5,2,7,126,130,256
TAN-021064,2021,EM.8956,5,0,5,88,90,178
TAN-021067,2021,EM.5618,5,0,5,47,51,98
TAN-021070,2021,EM.1423,2,0,2,97,103,200
TAN-021073,2021,EM.6794,6,1,7,84,86,170
TAN-021076,2021,EM.3998,3,1,4,223,231,454
TAN-021079,2021,EM.8260,3,1,4,68,58,126
TAN-021082,2021,EM.6799,3,1,4,24,29,53
TAN-021085,2021,EM.3997,3,3,6,170,188,358
TAN-021088,2021,EM.2518,3,11,14,366,396,762
TAN-021091,2021,EM.3217,4,2,6,265,252,517
TAN-021094,2021,EM.6800,8,5,13,244,260,504
TAN-021097,2021,EM.10011,3,3,6,121,97,218
TAN-021100,2021,EM.9411,3,2,5,115,139,254
TAN-021103,2021,EM.2593,8,0,8,233,262,495
TAN-021106,2021,EM.8615,4,1,5,147,130,277
TAN-021109,2021,EM.9041,1,3,4,106,118,224
TAN-021112,2021,EM.2088,3,11,14,164,192,356
TAN-021115,2021,EM.10012,3,4,7,75,80,155
TAN-021118,2021,EM.10535,5,8,13,301,349,650
TAN-021121,2021,EM.8180,2,9,11,205,200,405
TAN-021124,2021,EM.8417,3,0,3,130,119,249
TAN-021127,2021,EM.6791,2,3,5,71,76,147
TAN-021130,2021,EM.5620,4,4,8,125,142,267
TAN-021133,2021,EM.1761,2,3,5,98,103,201
TAN-021136,2021,EM.7471,5,0,5,23,26,49
TAN-021139,2021,EM.5622,4,3,7,73,83,156
TAN-021142,2021,EM.5621,3,2,5,66,75,141
TAN-021145,2021,EM.2729,3,1,4,164,152,316
TAN-021148,2021,EM.10014,3,0,3,57,70,127
TAN-021151,2021,EM.5613,6,3,9,171,166,337
TAN-021154,2021,EM.5617,2,2,4,174,164,338
TAN-021157,2021,EM.6798,1,3,4,134,127,261
TAN-021160,2021,EM.12310,3,2,5,53,46,99
TAN-021163,2021,EM.3218,6,2,8,195,196,391
TAN-021166,2021,EM.12312,5,1,6,82,84,166
TAN-021169,2021,EM.5616,3,3,6,74,72,146
TAN-021172,2021,EM.6793,4,1,5,79,90,169
TAN-021175,2021,EM.7986,3,1,4,148,141,289
TAN-021178,2021,EM.6797,3,3,6,78,93,171
TAN-021181,2021,EM.10249,3,1,4,96,95,191
TAN-021184,2021,EM.5615,2,0,2,104,129,233
TAN-021187,2021,EM.8179,3,1,4,68,58,126
TAN-021190,2021,EM.10250,2,2,4,82,96,178
TAN-021193,2021,EM.10533,3,6,9,143,171,314
TAN-021196,2021,EM.8616,4,2,6,157,168,325
TAN-021199,2021,EM.2995,4,4,8,282,265,547
TAN-021202,2021,EM.9042,4,2,6,111,111,222
TAN-021205,2021,EM.5626,3,2,5,196,185,381
TAN-021208,2021,EM.8259,2,4,6,100,94,194
TAN-021211,2021,EM.10382,3,2,5,66,56,122
TAN-021214,2021,EM.3691,4,2,6,290,320,610
TAN-021217,2021,EM.9412,2,2,4,104,80,184
TAN-021220,2021,EM.8416,3,1,4,116,124,240
TAN-021223,2021,EM.8178,3,2,5,98,116,214
TAN-021226,2021,EM.9410,3,3,6,138,106,244
TAN-021229,2021,EM.9215,4,0,4,158,160,318
TAN-021232,2021,EM.5625,2,3,5,88,110,198
TAN-021235,2021,EM.10534,4,0,4,101,91,192
TAN-021238,2021,EM.1698,4,1,5,118,159,277
TAN-021241,2021,EM.8666,3,2,5,229,245,474
TAN-021244,2021,EM.7473,3,1,4,128,145,273
TAN-021247,2021,EM.6792,6,1,7,48,40,88
TAN-021250,2021,EM.3216,1,1,2,111,109,220
TAN-021253,2021,EM.6795,1,0,1,64,69,133
TAN-021256,2021,EM.1847,4,0,4,156,125,281
TAN-021259,2021,EM.5623,3,1,4,147,124,271
TAN-021262,2021,EM.12311,3,1,4,108,93,201
TAN-021265,2021,EM.2997,2,4,6,160,170,330
TAN-021268,2021,EM.3219,6,1,7,213,227,440
TAN-021271,2021,EM.7474,5,6,11,400,432,832
TAN-021273,2021,EM.5631,4,4,8,345,395,740
TAN-021275,2021,EM.6806,7,3,10,470,460,930
TAN-021278,2021,EM.9568,3,3,6,311,281,592
TAN-021280,2021,EM.12317,4,2,6,313,294,607
TAN-021282,2021,EM.7987,5,4,9,274,374,648
TAN-021284,2021,EM.5627,4,8,12,438,468,906
TAN-021286,2021,EM.4498,4,5,9,473,508,981
TAN-021288,2021,EM.1426,9,5,14,410,424,834
TAN-021290,2021,EM.12315,3,8,11,298,369,667
TAN-021292,2021,EM.10016,4,4,8,194,235,429
TAN-021294,2021,EM.7491,5,4,9,413,498,911
TAN-021296,2021,EM.470,9,9,18,481,502,983
TAN-021298,2021,EM.6808,5,10,15,396,426,822
TAN-021301,2021,EM.1553,8,9,17,402,402,804
TAN-021303,2021,EM.7486,5,2,7,177,167,344
TAN-021306,2021,EM.4504,9,6,15,433,526,959
TAN-021308,2021,EM.7493,5,5,10,148,195,343
TAN-021310,2021,EM.3692,2,9,11,257,253,510
TAN-021312,2021,EM.7484,6,6,12,192,191,383
TAN-021314,2021,EM.9569,7,4,11,162,154,316
TAN-021316,2021,EM.4506,6,2,8,203,213,416
TAN-021319,2021,EM.7989,3,6,9,188,218,406
TAN-021321,2021,EM.9413,4,2,6,205,222,427
TAN-021323,2021,EM.6805,4,1,5,160,181,341
TAN-021326,2021,EM.3693,10,3,13,398,413,811
TAN-021329,2021,EM.5639,5,1,6,103,112,215
TAN-021331,2021,EM.9567,5,4,9,283,319,602
TAN-021333,2021,EM.7482,6,1,7,198,184,382
TAN-021335,2021,EM.8957,5,1,6,196,193,389
TAN-021338,2021,EM.2325,7,7,14,315,318,633
TAN-021340,2021,EM.8745,7,3,10,323,264,587
TAN-021342,2021,EM.5628,6,3,9,364,380,744
TAN-021344,2021,EM.5633,5,2,7,167,216,383
TAN-021347,2021,EM.3220,4,7,11,318,380,698
TAN-021349,2021,EM.1425,3,3,6,374,357,731
TAN-021352,2021,EM.7480,5,2,7,253,251,504
TAN-021355,2021,EM.10018,2,3,5,479,416,895
TAN-021357,2021,EM.6803,4,3,7,116,125,241
TAN-021359,2021,EM.4500,3,5,8,356,328,684
TAN-021361,2021,EM.5634,7,2,9,250,240,490
TAN-021364,2021,EM.972,5,11,16,411,363,774
TAN-021366,2021,EM.14719,5,1,6,156,151,307
TAN-021368,2021,EM.4505,3,5,8,198,186,384
TAN-021370,2021,EM.2519,4,2,6,145,167,312
TAN-021373,2021,EM.6812,7,6,13,283,355,638
TAN-021375,2021,EM.7485,3,3,6,236,283,519
TAN-021378,2021,EM.973,8,4,12,275,259,534
TAN-021380,2021,EM.6817,3,3,6,271,233,504
TAN-021382,2021,EM.14713,5,23,28,613,646,1259
TAN-021384,2021,EM.5630,7,6,13,184,187,371
TAN-021386,2021,EM.12313,17,29,46,1090,1262,2352
TAN-021388,2021,EM.7481,10,27,37,753,776,1529
TAN-021390,2021,EM.12314,12,34,46,1009,988,1997
TAN-021392,2021,EM.1427,13,30,43,903,775,1678
TAN-021394,2021,EM.5642,6,9,15,404,469,873
TAN-021396,2021,EM.7476,7,1,8,365,380,745
TAN-021398,2021,EM.7988,5,2,7,256,258,514
TAN-021400,2021,EM.1428,6,1,7,357,363,720
TAN-021402,2021,EM.1429,3,4,7,405,413,818
TAN-021404,2021,EM.6807,6,7,13,559,635,1194
TAN-021406,2021,EM.1159,5,2,7,378,396,774
TAN-021408,2021,EM.5644,4,4,8,412,484,896
TAN-021410,2021,EM.6816,5,2,7,342,406,748
TAN-021412,2021,EM.5647,5,3,8,320,351,671
TAN-021414,2021,EM.7483,6,0,6,74,80,154
TAN-021416,2021,EM.11511,5,1,6,65,47,112
TAN-021418,2021,EM.9219,6,2,8,152,184,336
TAN-021420,2021,EM.6815,4,9,13,205,173,378
TAN-021422,2021,EM.4507,5,8,13,296,308,604
TAN-021424,2021,EM.2326,8,6,14,151,164,315
TAN-021426,2021,EM.7475,4,2,6,70,77,147
TAN-021428,2021,EM.1157,5,1,6,147,101,248
TAN-021430,2021,EM.5637,5,2,7,317,326,643
TAN-021432,2021,EM.5638,5,4,9,247,219,466
TAN-021434,2021,EM.5645,4,3,7,200,222,422
TAN-021436,2021,EM.7489,5,1,6,204,176,380
TAN-021438,2021,EM.10017,3,4,7,153,145,298
TAN-021440,2021,EM.3694,3,2,5,109,101,210
TAN-021442,2021,EM.10383,3,2,5,112,130,242
TAN-021444,2021,EM.4502,7,3,10,240,302,542
TAN-021446,2021,EM.2845,6,26,32,748,765,1513
TAN-021448,2021,EM.5632,9,16,25,359,450,809
TAN-021451,2021,EM.12316,1,23,24,504,539,1043
TAN-021453,2021,EM.1158,8,21,29,372,395,767
TAN-021455,2021,EM.974,4,9,13,229,230,459
TAN-021457,2021,EM.1430,9,3,12,529,564,1093
TAN-021459,2021,EM.2730,8,1,9,339,365,704
TAN-021461,2021,EM.5657,9,0,9,331,343,674
TAN-021463,2021,EM.1431,7,7,14,463,481,944
TAN-021465,2021,EM.12935,3,3,6,224,218,442
TAN-021467,2021,EM.3385,7,3,10,549,483,1032
TAN-021469,2021,EM.6823,6,3,9,347,344,691
TAN-021471,2021,EM.7500,8,3,11,279,272,551
TAN-021473,2021,EM.7501,4,2,6,146,167,313
TAN-021475,2021,EM.5651,2,4,6,198,313,511
TAN-021477,2021,EM.1928,3,3,6,294,309,603
TAN-021479,2021,EM.6820,8,4,12,326,456,782
TAN-021481,2021,EM.4509,5,2,7,262,312,574
TAN-021483,2021,EM.423,7,4,11,576,587,1163
TAN-021485,2021,EM.3384,8,0,8,154,137,291
TAN-021487,2021,EM.7496,4,3,7,172,201,373
TAN-021489,2021,EM.12319,4,2,6,154,144,298
TAN-021491,2021,EM.5658,7,0,7,157,170,327
TAN-021493,2021,EM.10251,6,2,8,182,200,382
TAN-021495,2021,EM.7991,7,1,8,328,330,658
TAN-021497,2021,EM.2439,4,4,8,273,301,574
TAN-021499,2021,EM.8261,4,4,8,329,381,710
TAN-021501,2021,EM.7498,4,2,6,244,251,495
TAN-021503,2021,EM.2440,4,2,6,333,331,664
TAN-021505,2021,EM.4000,5,1,6,259,282,541
TAN-021507,2021,EM.7494,7,0,7,216,191,407
TAN-021509,2021,EM.1432,6,5,11,413,419,832
TAN-021511,2021,EM.5653,6,0,6,176,230,406
TAN-021513,2021,EM.8746,6,0,6,115,150,265
TAN-021515,2021,EM.2327,4,2,6,172,279,451
TAN-021517,2021,EM.3000,5,2,7,212,239,451
TAN-021519,2021,EM.13822,7,1,8,244,226,470
TAN-021521,2021,EM.8958,6,1,7,193,157,350
TAN-021523,2021,EM.471,7,5,12,474,553,1027
TAN-021525,2021,EM.6824,3,5,8,331,329,660
TAN-021527,2021,EM.7495,6,0,6,155,156,311
TAN-021529,2021,EM.8670,7,1,8,158,157,315
TAN-021531,2021,EM.7497,6,2,8,198,213,411
TAN-021533,2021,EM.2328,5,5,10,489,440,929
TAN-021535,2021,EM.9220,6,0,6,164,185,349
TAN-021537,2021,EM.5649,7,1,8,145,175,320
TAN-021539,2021,EM.7992,5,6,11,192,187,379
TAN-021541,2021,EM.14264,5,3,8,115,115,230
TAN-021543,2021,EM.1433,12,10,22,415,430,845
TAN-021545,2021,EM.1849,9,6,15,609,622,1231
TAN-021547,2021,EM.5650,12,6,18,528,566,1094
TAN-021549,2021,EM.5654,8,6,14,477,508,985
TAN-021551,2021,EM.6819,2,6,8,267,291,558
TAN-021553,2021,EM.8669,3,3,6,189,194,383
TAN-021555,2021,EM.4508,6,4,10,349,374,723
TAN-021557,2021,EM.4001,5,3,8,184,240,424
TAN-021559,2021,EM.5656,7,8,15,425,449,874
TAN-021561,2021,EM.540,4,2,6,161,215,376
TAN-021564,2021,EM.10699,6,0,6,197,234,431
TAN-021567,2021,EM.8418,5,1,6,247,271,518
TAN-021570,2021,EM.14726,3,3,6,137,156,293
TAN-021571,2021,EM.3696,5,3,8,378,433,811
TAN-021574,2021,EM.13454,4,3,7,140,181,321
TAN-021577,2021,EM.8893,3,2,5,81,85,166
TAN-021580,2021,EM.3697,5,3,8,489,561,1050
TAN-021583,2021,EM.9222,5,0,5,189,219,408
TAN-021586,2021,EM.13823,6,0,6,109,115,224
TAN-021589,2021,EM.5660,2,2,4,260,351,611
TAN-021592,2021,EM.11514,3,3,6,133,166,299
TAN-021595,2021,EM.9416,3,4,7,300,307,607
TAN-021598,2021,EM.14725,4,2,6,248,299,547
TAN-021600,2021,EM.2329,5,2,7,111,79,190
TAN-021603,2021,EM.5659,7,1,8,382,304,686
TAN-021606,2021,EM.10384,5,1,6,318,319,637
TAN-021609,2021,EM.10700,6,6,12,586,586,1172
TAN-021612,2021,EM.12320,5,7,12,581,579,1160
TAN-021615,2021,EM.4002,6,11,17,610,717,1327
TAN-021618,2021,EM.3698,4,2,6,258,240,498
TAN-021621,2021,EM.8890,5,1,6,262,315,577
TAN-021624,2021,EM.372,6,2,8,219,250,469
TAN-021627,2021,EM.9415,3,3,6,220,276,496
TAN-021630,2021,EM.4510,5,2,7,419,415,834
TAN-021633,2021,EM.9044,3,3,6,140,181,321
TAN-021636,2021,EM.8181,7,6,13,444,561,1005
TAN-021639,2021,EM.7995,2,4,6,148,182,330
TAN-021642,2021,EM.2520,5,2,7,327,368,695
TAN-021645,2021,EM.5661,4,5,9,294,224,518
TAN-021647,2021,EM.7506,5,2,7,407,402,809
TAN-021649,2021,EM.13825,3,3,6,89,124,213
TAN-021651,2021,EM.13456,5,4,9,295,276,571
TAN-021653,2021,EM.4511,6,10,16,467,556,1023
TAN-021655,2021,EM.10386,6,4,10,143,143,286
TAN-021658,2021,EM.10388,5,2,7,127,126,253
TAN-021661,2021,EM.2332,4,2,6,146,119,265
TAN-021664,2021,EM.10394,6,1,7,140,169,309
TAN-021667,2021,EM.10387,8,2,10,277,263,540
TAN-021670,2021,EM.11521,3,3,6,198,193,391
TAN-021673,2021,EM.13843,7,0,7,163,178,341
TAN-021676,2021,EM.13845,3,2,5,184,155,339
TAN-021679,2021,EM.3229,3,6,9,374,381,755
TAN-021682,2021,EM.14536,5,2,7,58,78,136
TAN-021684,2021,EM.13844,7,1,8,144,166,310
TAN-021686,2021,EM.8010,3,5,8,288,287,575
TAN-021689,2021,EM.5706,3,4,7,197,204,401
TAN-021692,2021,EM.13841,5,1,6,95,84,179
TAN-021695,2021,EM.10401,3,4,7,196,226,422
TAN-021698,2021,EM.10393,4,2,6,393,354,747
TAN-021701,2021,EM.5708,5,6,11,637,575,1212
TAN-021704,2021,EM.13835,6,0,6,367,318,685
TAN-021707,2021,EM.10391,3,4,7,486,472,958
TAN-021710,2021,EM.13846,5,3,8,332,316,648
TAN-021713,2021,EM.4016,1,6,7,202,200,402
TAN-021716,2021,EM.13840,2,2,4,189,232,421
TAN-021719,2021,EM.12948,3,3,6,89,127,216
TAN-021722,2021,EM.10878,3,4,7,205,186,391
TAN-021725,2021,EM.13465,5,1,6,167,135,302
TAN-021728,2021,EM.9573,6,6,12,679,689,1368
TAN-021731,2021,EM.13837,5,2,7,111,108,219
TAN-021734,2021,EM.14279,6,0,6,184,164,348
TAN-021737,2021,EM.13466,1,5,6,146,110,256
TAN-021740,2021,EM.6876,5,1,6,420,369,789
TAN-021743,2021,EM.4543,5,3,8,308,292,600
TAN-021746,2021,EM.10398,4,2,6,268,244,512
TAN-021749,2021,EM.6875,2,6,8,152,126,278
TAN-021752,2021,EM.425,3,11,14,462,515,977
TAN-021755,2021,EM.12330,3,2,5,389,369,758
TAN-021758,2021,EM.13838,4,2,6,148,125,273
TAN-021761,2021,EM.10255,4,5,9,313,282,595
TAN-021764,2021,EM.14277,5,1,6,149,155,304
TAN-021766,2021,EM.13842,3,2,5,140,176,316
TAN-021769,2021,EM.10542,5,1,6,127,144,271
TAN-021772,2021,EM.10400,5,3,8,136,160,296
TAN-021775,2021,EM.17259,6,1,7,134,117,251
TAN-021778,2021,EM.12950,4,2,6,169,163,332
TAN-021781,2021,EM.4545,3,3,6,195,180,375
TAN-021784,2021,EM.12947,8,7,15,779,923,1702
TAN-021787,2021,EM.11524,5,2,7,391,468,859
TAN-021790,2021,EM.13849,6,4,10,273,287,560
TAN-021793,2021,EM.12951,4,2,6,274,237,511
TAN-021796,2021,EM.4544,6,2,8,383,321,704
TAN-021799,2021,EM.12946,3,11,14,552,533,1085
TAN-021802,2021,EM.10395,6,10,16,726,797,1523
TAN-021805,2021,EM.5707,2,4,6,139,120,259
TAN-021808,2021,EM.12945,3,6,9,411,446,857
TAN-021811,2021,EM.10397,8,3,11,428,419,847
TAN-021814,2021,EM.12949,3,8,11,656,727,1383
TAN-021817,2021,EM.10403,4,11,15,664,726,1390
TAN-021820,2021,EM.10703,5,0,5,158,175,333
TAN-021823,2021,EM.13847,5,1,6,211,226,437
TAN-021826,2021,EM.7531,5,2,7,324,317,641
TAN-021829,2021,EM.3230,3,4,7,286,298,584
TAN-021832,2021,EM.9445,5,6,11,109,136,245
TAN-021835,2021,EM.9446,3,12,15,419,423,842
TAN-021838,2021,EM.2443,9,8,17,198,225,423
TAN-021844,2021,EM.2336,3,9,12,301,256,557
TAN-021847,2021,EM.14282,3,2,5,237,233,470
TAN-021850,2021,EM.9437,2,5,7,123,145,268
TAN-021853,2021,EM.9418,3,16,19,513,519,1032
TAN-021856,2021,EM.9428,4,2,6,117,100,217
TAN-021859,2021,EM.9439,4,4,8,460,457,917
TAN-021862,2021,EM.8011,6,1,7,265,263,528
TAN-021865,2021,EM.12331,5,1,6,66,68,134
TAN-021868,2021,EM.10543,4,3,7,165,155,320
TAN-021871,2021,EM.9424,5,1,6,258,279,537
TAN-021874,2021,EM.9434,6,0,6,333,320,653
TAN-021877,2021,EM.9443,5,1,6,212,234,446
TAN-021880,2021,EM.9433,2,3,5,187,187,374
TAN-021883,2021,EM.9452,3,4,7,239,219,458
TAN-021886,2021,EM.12954,7,0,7,471,451,922
TAN-021889,2021,EM.2333,9,7,16,46,43,89
TAN-021892,2021,EM.16976,4,10,14,278,322,600
TAN-021895,2021,EM.2334,6,20,26,509,544,1053
TAN-021898,2021,EM.5709,8,8,16,503,534,1037
TAN-021901,2021,EM.13850,2,11,13,628,568,1196
TAN-021904,2021,EM.9441,3,19,22,528,491,1019
TAN-021907,2021,EM.8012,3,8,11,587,613,1200
TAN-021910,2021,EM.13468,6,18,24,998,1092,2090
TAN-021913,2021,EM.2739,5,9,14,522,524,1046
TAN-021916,2021,EM.9421,4,2,6,184,190,374
TAN-021919,2021,EM.9429,2,4,6,234,219,453
TAN-021922,2021,EM.9444,5,2,7,204,225,429
TAN-021925,2021,EM.9442,4,33,37,1108,1159,2267
TAN-021928,2021,EM.12953,2,16,18,556,619,1175
TAN-021931,2021,EM.14281,5,0,5,132,146,278
TAN-021934,2021,EM.9427,3,3,6,334,303,637
TAN-021937,2021,EM.9431,5,0,5,105,113,218
TAN-021940,2021,EM.5711,5,1,6,186,188,374
TAN-021943,2021,EM.3390,4,2,6,223,207,430
TAN-021946,2021,EM.9432,5,1,6,202,218,420
TAN-021952,2021,EM.9440,4,1,5,121,127,248
TAN-021955,2021,EM.9426,8,1,9,285,275,560
TAN-021958,2021,EM.9435,3,3,6,178,204,382
TAN-021961,2021,EM.5719,4,10,14,384,425,809
TAN-021964,2021,EM.4022,2,6,8,336,374,710
TAN-021965,2021,EM.9575,6,3,9,351,327,678
TAN-021966,2021,EM.8676,6,3,9,309,306,615
TAN-021967,2021,EM.5722,4,4,8,178,180,358
TAN-021968,2021,EM.13481,4,5,9,222,213,435
TAN-021969,2021,EM.6893,5,2,7,193,223,416
TAN-021970,2021,EM.6892,7,4,11,362,402,764
TAN-021971,2021,EM.13482,8,0,8,415,459,874
TAN-021972,2021,EM.10705,7,1,8,182,197,379
TAN-021973,2021,EM.5721,5,3,8,286,325,611
TAN-021974,2021,EM.5723,4,4,8,186,208,394
TAN-021980,2021,EM.8023,3,4,7,269,258,527
TAN-021981,2021,EM.14736,4,3,7,118,108,226
TAN-021982,2021,EM.14734,7,0,7,159,177,336
TAN-021983,2021,EM.14735,5,1,6,160,219,379
TAN-021984,2021,EM.8270,3,4,7,125,137,262
TAN-021985,2021,EM.12335,7,3,10,387,503,890
TAN-021986,2021,EM.14542,4,2,6,284,315,599
TAN-021987,2021,EM.13858,6,3,9,404,432,836
TAN-021988,2021,EM.5725,8,4,12,333,368,701
TAN-021989,2021,EM.5720,4,4,8,426,467,893
TAN-021990,2021,EM.14543,5,1,6,225,251,476
TAN-021991,2021,EM.11068,9,3,12,457,474,931
TAN-021992,2021,EM.10881,8,2,10,217,230,447
TAN-021993,2021,EM.6891,5,4,9,233,264,497
TAN-021994,2021,EM.10405,5,3,8,277,248,525
TAN-021995,2021,EM.3233,4,3,7,74,82,156
TAN-021996,2021,EM.6890,5,17,22,451,478,929
TAN-021997,2021,EM.13857,2,26,28,687,707,1394
TAN-021998,2021,EM.8186,1,14,15,376,374,750
TAN-021999,2021,EM.10023,8,18,26,650,619,1269
TAN-022000,2021,EM.4551,6,2,8,304,315,619
TAN-022003,2021,EM.5724,8,2,10,316,341,657
TAN-022004,2021,EM.3007,3,4,7,304,302,606
TAN-022005,2021,EM.13859,7,0,7,173,178,351
TAN-022006,2021,EM.2524,6,4,10,405,457,862
TAN-022007,2021,EM.8267,5,2,7,243,263,506
TAN-022008,2021,EM.8268,6,6,12,428,466,894
TAN-022009,2021,EM.12965,3,4,7,113,125,238
TAN-022010,2021,EM.84,7,2,9,307,322,629
TAN-022011,2021,EM.12334,10,5,15,738,844,1582
TAN-022012,2021,EM.14952,5,1,6,251,266,517
TAN-022013,2021,EM.13480,8,1,9,452,440,892
TAN-022014,2021,EM.3008,4,5,9,445,555,1000
TAN-022016,2021,EM.4549,6,8,14,535,555,1090
TAN-022017,2021,EM.3717,6,7,13,335,321,656
TAN-022018,2021,EM.8269,4,3,7,229,269,498
TAN-022019,2021,EM.9122,5,3,8,226,218,444
TAN-022020,2021,EM.8024,6,5,11,325,337,662
TAN-022021,2021,EM.4553,5,2,7,383,432,815
TAN-022022,2021,EM.10704,2,8,10,250,255,505
TAN-022023,2021,EM.5727,4,6,10,298,309,607
TAN-022024,2021,EM.5714,10,6,16,824,916,1740
TAN-022027,2021,EM.11528,5,5,10,338,338,676
TAN-022030,2021,EM.803,8,2,10,496,490,986
TAN-022033,2021,EM.7533,9,3,12,446,514,960
TAN-022036,2021,EM.1439,5,2,7,505,561,1066
TAN-022039,2021,EM.8621,6,3,9,427,429,856
TAN-022042,2021,EM.6879,10,4,14,578,643,1221
TAN-022043,2021,EM.9121,8,8,16,732,762,1494
TAN-022046,2021,EM.12962,2,3,5,195,208,403
TAN-022049,2021,EM.94,4,5,9,379,453,832
TAN-022052,2021,EM.6880,5,1,6,292,306,598
TAN-022055,2021,EM.8354,6,0,6,231,243,474
TAN-022058,2021,EM.7535,6,4,10,304,264,568
TAN-022061,2021,EM.10258,9,2,11,425,455,880
TAN-022064,2021,EM.3006,6,2,8,340,294,634
TAN-022067,2021,EM.14733,5,2,7,148,162,310
TAN-022069,2021,EM.4547,3,2,5,273,297,570
TAN-022072,2021,EM.14288,6,1,7,327,315,642
TAN-022075,2021,EM.3391,3,2,5,277,305,582
TAN-022078,2021,EM.5716,5,3,8,383,352,735
TAN-022081,2021,EM.8355,4,2,6,163,177,340
TAN-022084,2021,EM.5717,5,2,7,193,183,376
TAN-022087,2021,EM.9120,5,2,7,269,284,553
TAN-022090,2021,EM.3231,5,9,14,435,454,889
TAN-022093,2021,EM.5715,4,7,11,437,412,849
TAN-022096,2021,EM.8014,6,4,10,175,199,374
TAN-022099,2021,EM.7536,4,7,11,294,353,647
TAN-022102,2021,EM.14537,6,5,11,293,335,628
TAN-022105,2021,EM.10880,7,3,10,437,416,853
TAN-022108,2021,EM.14541,4,13,17,560,617,1177
TAN-022110,2021,EM.3392,6,6,12,930,807,1737
TAN-022113,2021,EM.4548,10,8,18,279,307,586
TAN-022116,2021,EM.4020,8,8,16,620,655,1275
TAN-022119,2021,EM.8018,10,3,13,407,340,747
TAN-022122,2021,EM.12961,7,2,9,702,571,1273
TAN-022125,2021,EM.14538,22,10,32,693,735,1428
TAN-022128,2021,EM.8017,7,4,11,563,585,1148
TAN-022131,2021,EM.8020,6,6,12,473,530,1003
TAN-022134,2021,EM.13856,6,0,6,226,223,449
TAN-022137,2021,EM.11526,5,1,6,232,273,505
TAN-022140,2021,EM.729,7,11,18,553,596,1149
TAN-022143,2021,EM.6889,11,2,13,422,362,784
TAN-022146,2021,EM.7534,5,4,9,320,315,635
TAN-022149,2021,EM.12957,13,5,18,779,840,1619
TAN-022152,2021,EM.2523,6,6,12,383,377,760
TAN-022155,2021,EM.3393,5,4,9,277,272,549
TAN-022158,2021,EM.13471,7,3,10,256,298,554
TAN-022161,2021,EM.11529,12,6,18,1140,1076,2216
TAN-022164,2021,EM.14539,6,0,6,156,170,326
TAN-022167,2021,EM.12333,4,12,16,1053,935,1988
TAN-022170,2021,EM.14283,4,2,6,254,255,509
TAN-022171,2021,EM.6882,3,3,6,191,182,373
TAN-022174,2021,EM.1851,5,6,11,423,428,851
TAN-022177,2021,EM.3715,4,2,6,333,354,687
TAN-022180,2021,EM.13477,4,3,7,219,227,446
TAN-022183,2021,EM.13854,5,4,9,458,477,935
TAN-022186,2021,EM.12958,8,4,12,444,412,856
TAN-022189,2021,EM.3716,11,13,24,1250,1259,2509
TAN-022192,2021,EM.14287,8,0,8,256,258,514
TAN-022195,2021,EM.10022,6,6,12,330,292,622
TAN-022198,2021,EM.12955,6,0,6,232,223,455
TAN-022201,2021,EM.8019,4,4,8,326,340,666
TAN-022204,2021,EM.4021,8,6,14,573,628,1201
TAN-022207,2021,EM.8015,8,1,9,390,395,785
TAN-022210,2021,EM.13476,10,1,11,487,536,1023
TAN-022213,2021,EM.6887,5,10,15,835,937,1772
TAN-022216,2021,EM.13469,4,3,7,234,229,463
TAN-022219,2021,EM.13473,6,1,7,211,195,406
TAN-022222,2021,EM.6888,6,6,12,500,513,1013
TAN-022225,2021,EM.17260,5,10,15,758,788,1546
TAN-022228,2021,EM.2089,6,1,7,110,110,220
TAN-022231,2021,EM.6884,3,3,6,177,162,339
TAN-022234,2021,EM.2596,5,0,5,147,172,319
TAN-022237,2021,EM.13474,3,3,6,122,115,237
TAN-022240,2021,EM.1441,4,7,11,240,232,472
TAN-022243,2021,EM.8961,5,3,8,366,355,721
TAN-022246,2021,EM.5713,3,3,6,196,223,419
TAN-022249,2021,EM.6886,5,3,8,335,334,669
TAN-022252,2021,EM.8021,4,2,6,353,344,697
TAN-022255,2021,EM.1442,6,4,10,237,229,466
TAN-022258,2021,EM.4555,4,12,16,615,763,1378
TAN-022261,2021,EM.12973,3,8,11,417,422,839
TAN-022264,2021,EM.12976,4,3,7,128,171,299
TAN-022267,2021,EM.8027,5,4,9,358,368,726
TAN-022270,2021,EM.3719,2,6,8,251,264,515
TAN-022273,2021,EM.4557,8,4,12,545,622,1167
TAN-022276,2021,EM.3398,4,3,7,251,264,515
TAN-022279,2021,EM.12337,6,1,7,402,391,793
TAN-022282,2021,EM.14544,3,3,6,300,297,597
TAN-022285,2021,EM.1764,7,9,16,777,868,1645
TAN-022288,2021,EM.4023,3,2,5,267,293,560
TAN-022291,2021,EM.23,3,3,6,300,282,582
TAN-022294,2021,EM.11533,6,1,7,186,177,363
TAN-022297,2021,EM.4559,4,5,9,469,586,1055
TAN-022300,2021,EM.14290,2,3,5,107,132,239
TAN-022302,2021,EM.543,6,1,7,314,336,650
TAN-022305,2021,EM.8026,4,2,6,322,372,694
TAN-022308,2021,EM.5728,4,3,7,210,193,403
TAN-022311,2021,EM.14292,3,3,6,167,158,325
TAN-022313,2021,EM.12971,1,5,6,143,145,288
TAN-022316,2021,EM.4556,4,9,13,494,481,975
TAN-022319,2021,EM.1701,6,0,6,201,251,452
TAN-022322,2021,EM.11070,6,3,9,204,235,439
TAN-022325,2021,EM.1443,8,4,12,552,620,1172
TAN-022328,2021,EM.255,13,1,14,370,348,718
TAN-022331,2021,EM.12344,11,1,12,607,630,1237
TAN-022334,2021,EM.8028,6,1,7,210,244,454
TAN-022337,2021,EM.12974,5,1,6,173,179,352
TAN-022340,2021,EM.544,5,2,7,328,308,636
TAN-022343,2021,EM.7538,4,1,5,241,249,490
TAN-022346,2021,EM.473,2,5,7,524,528,1052
TAN-022349,2021,EM.8189,4,1,5,166,202,368
TAN-022352,2021,EM.3234,6,1,7,278,336,614
TAN-022355,2021,EM.12343,3,1,4,167,143,310
TAN-022358,2021,EM.3009,6,1,7,429,368,797
TAN-022361,2021,EM.12977,2,2,4,160,139,299
TAN-022364,2021,EM.10259,2,4,6,105,85,190
TAN-022367,2021,EM.3396,4,8,12,371,401,772
TAN-022370,2021,EM.8190,2,6,8,157,173,330
TAN-022373,2021,EM.8962,5,2,7,282,239,521
TAN-022376,2021,EM.375,5,11,16,476,470,946
TAN-022379,2021,EM.3397,5,7,12,865,912,1777
TAN-022382,2021,EM.8025,3,2,5,221,222,443
TAN-022385,2021,EM.11069,4,1,5,216,214,430
TAN-022388,2021,EM.12970,6,0,6,326,346,672
TAN-022391,2021,EM.12979,5,0,5,50,53,103
TAN-022394,2021,EM.4558,3,2,5,82,71,153
TAN-022397,2021,EM.10406,7,1,8,296,312,608
TAN-022400,2021,EM.12339,4,8,12,383,407,790
TAN-022403,2021,EM.12969,3,3,6,219,228,447
TAN-022406,2021,EM.14296,4,1,5,107,171,278
TAN-022408,2021,EM.7539,4,4,8,411,564,975
TAN-022411,2021,EM.12983,6,1,7,373,391,764
TAN-022414,2021,EM.3720,6,3,9,494,614,1108
TAN-022417,2021,EM.14291,7,8,15,422,443,865
TAN-022419,2021,EM.14294,5,3,8,181,150,331
TAN-022422,2021,EM.1929,4,15,19,972,954,1926
TAN-022425,2021,EM.12980,6,3,9,255,184,439
TAN-022428,2021,EM.10708,8,10,18,928,1014,1942
TAN-022431,2021,EM.3235,8,16,24,732,798,1530
TAN-022434,2021,EM.14289,8,2,10,332,335,667
TAN-022437,2021,EM.11532,5,1,6,165,225,390
TAN-022440,2021,EM.10024,2,1,3,434,418,852
TAN-022443,2021,EM.74,5,1,6,211,193,404
TAN-022446,2021,EM.1996,10,3,13,763,816,1579
TAN-022449,2021,EM.44,7,2,9,675,687,1362
TAN-022452,2021,EM.12967,5,6,11,287,312,599
TAN-022455,2021,EM.9454,4,9,13,515,438,953
TAN-022458,2021,EM.5729,3,11,14,328,320,648
TAN-022461,2021,EM.2527,6,1,7,312,274,586
TAN-022464,2021,EM.6894,10,14,24,804,768,1572
TAN-022467,2021,EM.3010,5,7,12,424,430,854
TAN-022470,2021,EM.9047,5,2,7,163,239,402
TAN-022473,2021,EM.12966,6,0,6,244,308,552
TAN-022474,2021,EM.7537,4,10,14,484,433,917
TAN-022477,2021,EM.49,4,8,12,426,476,902
TAN-022480,2021,EM.12341,4,4,8,143,155,298
TAN-022483,2021,EM.14295,6,1,7,107,117,224
TAN-022485,2021,EM.10707,5,2,7,230,240,470
TAN-022488,2021,EM.1444,8,3,11,438,513,951
TAN-022491,2021,EM.13485,1,9,10,223,188,411
TAN-022494,2021,EM.12986,3,9,12,177,185,362
TAN-022497,2021,EM.7540,5,10,15,201,221,422
TAN-022500,2021,EM.13486,4,10,14,349,378,727
TAN-022503,2021,EM.12988,4,14,18,434,444,878
TAN-022506,2021,EM.12984,6,2,8,231,198,429
TAN-022509,2021,EM.144,2,6,8,212,199,411
TAN-022512,2021,EM.14298,5,1,6,103,105,208
TAN-022514,2021,EM.1166,2,5,7,197,180,377
TAN-022517,2021,EM.10709,4,8,12,371,330,701
TAN-022520,2021,EM.3236,2,11,13,333,295,628
TAN-022523,2021,EM.7542,6,6,12,357,357,714
TAN-022526,2021,EM.1997,5,5,10,257,267,524
TAN-022529,2021,EM.7547,6,8,14,364,332,696
TAN-022532,2021,EM.26,4,4,8,315,330,645
TAN-022535,2021,EM.11535,5,2,7,234,178,412
TAN-022538,2021,EM.3399,6,4,10,422,375,797
TAN-022541,2021,EM.651,10,9,19,713,711,1424
TAN-022544,2021,EM.3400,5,10,15,849,974,1823
TAN-022547,2021,EM.8963,1,5,6,265,249,514
TAN-022550,2021,EM.10547,4,2,6,149,176,325
TAN-022553,2021,EM.5733,5,6,11,668,786,1454
TAN-022556,2021,EM.11072,5,2,7,272,301,573
TAN-022557,2021,EM.10025,7,2,9,275,324,599
TAN-022560,2021,EM.12349,7,0,7,147,178,325
TAN-022563,2021,EM.804,13,9,22,678,779,1457
TAN-022566,2021,EM.14301,6,2,8,271,254,525
TAN-022568,2021,EM.7545,4,1,5,235,224,459
TAN-022571,2021,EM.652,5,1,6,178,209,387
TAN-022574,2021,EM.12346,11,3,14,526,586,1112
TAN-022577,2021,EM.10407,4,1,5,148,152,300
TAN-022580,2021,EM.14304,4,0,4,111,122,233
TAN-022582,2021,EM.8679,6,0,6,124,127,251
TAN-022585,2021,EM.12990,7,4,11,270,316,586
TAN-022588,2021,EM.545,3,3,6,233,306,539
TAN-022591,2021,EM.14547,4,0,4,235,232,467
TAN-022592,2021,EM.5734,7,1,8,378,451,829
TAN-022593,2021,EM.14550,5,0,5,129,112,241
TAN-022596,2021,EM.14551,5,1,6,188,220,408
TAN-022599,2021,EM.3402,5,1,6,393,404,797
TAN-022602,2021,EM.8271,4,2,6,215,271,486
TAN-022605,2021,EM.14300,6,0,6,288,282,570
TAN-022608,2021,EM.12347,6,2,8,150,144,294
TAN-022611,2021,EM.14302,5,1,6,159,136,295
TAN-022613,2021,EM.179,4,4,8,196,204,400
TAN-022616,2021,EM.10261,4,4,8,353,382,735
TAN-022619,2021,EM.1703,6,9,15,356,383,739
TAN-022622,2021,EM.8356,7,8,15,705,707,1412
TAN-022625,2021,EM.11074,8,4,12,218,280,498
TAN-022628,2021,EM.11540,2,6,8,222,276,498
TAN-022631,2021,EM.10710,5,1,6,88,136,224
TAN-022634,2021,EM.653,6,1,7,308,328,636
TAN-022635,2021,EM.10545,5,1,6,93,116,209
TAN-022636,2021,EM.14305,4,1,5,166,184,350
TAN-022638,2021,EM.12348,4,0,4,128,173,301
TAN-022641,2021,EM.805,6,0,6,367,316,683
TAN-022642,2021,EM.1445,6,1,7,339,362,701
TAN-022645,2021,EM.10883,4,1,5,138,162,300
TAN-022648,2021,EM.12352,5,0,5,132,116,248
TAN-022651,2021,EM.13488,6,0,6,277,297,574
TAN-022654,2021,EM.6895,3,7,10,620,589,1209
TAN-022657,2021,EM.293,4,2,6,316,357,673
TAN-022660,2021,EM.11538,5,5,10,513,525,1038
TAN-022663,2021,EM.12353,5,1,6,150,216,366
TAN-022666,2021,EM.13489,7,5,12,278,340,618
TAN-022669,2021,EM.12350,6,0,6,232,205,437
TAN-022672,2021,EM.13492,7,4,11,305,465,770
TAN-022675,2021,EM.13487,10,4,14,366,410,776
TAN-022678,2021,EM.11536,5,4,9,367,363,730
TAN-022681,2021,EM.12994,1,5,6,163,208,371
TAN-022682,2021,EM.7546,4,4,8,327,365,692
TAN-022685,2021,EM.376,4,10,14,429,468,897
TAN-022688,2021,EM.1446,9,7,16,593,699,1292
TAN-022691,2021,EM.654,7,8,15,797,955,1752
TAN-022694,2021,EM.10408,4,5,9,290,380,670
TAN-022697,2021,EM.13491,5,1,6,179,141,320
TAN-022698,2021,EM.12993,6,0,6,301,328,629
TAN-022699,2021,EM.7543,3,4,7,308,360,668
TAN-022702,2021,EM.7544,7,0,7,198,248,446
TAN-022703,2021,EM.1704,10,6,16,932,1005,1937
TAN-022706,2021,EM.4024,6,4,10,587,571,1158
TAN-022709,2021,EM.11537,5,0,5,170,201,371
TAN-022712,2021,EM.12351,3,3,6,184,190,374
TAN-022715,2021,EM.7548,4,4,8,239,255,494
TAN-022718,2021,EM.8964,5,0,5,157,84,241
TAN-022721,2021,EM.8822,6,2,8,137,78,215
TAN-022724,2021,EM.981,6,14,20,753,814,1567
TAN-022727,2021,EM.11073,3,3,6,255,266,521
TAN-022728,2021,EM.14549,2,4,6,265,274,539
TAN-022730,2021,EM.10713,4,2,6,188,233,421
TAN-022733,2021,EM.982,3,5,8,183,219,402
TAN-022736,2021,EM.4565,4,2,6,154,180,334
TAN-022738,2021,EM.5747,3,4,7,67,97,164
TAN-022741,2021,EM.7558,3,3,6,161,160,321
TAN-022743,2021,EM.3243,2,3,5,181,129,310
TAN-022745,2021,EM.4561,2,8,10,290,241,531
TAN-022748,2021,EM.11541,1,5,6,106,119,225
TAN-022750,2021,EM.5740,3,1,4,223,170,393
TAN-022752,2021,EM.5744,3,5,8,272,252,524
TAN-022754,2021,EM.2744,3,3,6,134,127,261
TAN-022756,2021,EM.107,3,3,6,299,321,620
TAN-022758,2021,EM.13000,3,2,5,123,120,243
TAN-022760,2021,EM.546,5,2,7,153,155,308
TAN-022762,2021,EM.5750,5,2,7,239,215,454
TAN-022764,2021,EM.2850,4,3,7,220,195,415
TAN-022766,2021,EM.6901,2,4,6,168,137,305
TAN-022768,2021,EM.5742,3,3,6,303,291,594
TAN-022770,2021,EM.5748,4,1,5,135,107,242
TAN-022772,2021,EM.3238,7,1,8,490,444,934
TAN-022774,2021,EM.5737,6,1,7,79,116,195
TAN-022776,2021,EM.9125,6,2,8,254,253,507
TAN-022778,2021,EM.4562,2,4,6,131,115,246
TAN-022780,2021,EM.3724,3,5,8,166,133,299
TAN-022782,2021,EM.7557,4,2,6,128,112,240
TAN-022784,2021,EM.3731,4,2,6,126,102,228
TAN-022786,2021,EM.1998,3,6,9,250,264,514
TAN-022788,2021,EM.5739,3,2,5,74,52,126
TAN-022790,2021,EM.2741,5,2,7,210,191,401
TAN-022792,2021,EM.2528,6,2,8,253,258,511
TAN-022794,2021,EM.8034,4,3,7,127,104,231
TAN-022796,2021,EM.64,5,5,10,167,148,315
TAN-022798,2021,EM.6903,4,1,5,62,59,121
TAN-022800,2021,EM.1853,6,0,6,63,60,123
TAN-022803,2021,EM.7550,4,1,5,342,381,723
TAN-022805,2021,EM.2740,4,5,9,447,456,903
TAN-022807,2021,EM.3725,4,3,7,315,326,641
TAN-022809,2021,EM.7554,2,4,6,70,81,151
TAN-022811,2021,EM.3726,3,3,6,326,300,626
TAN-022813,2021,EM.8751,4,3,7,230,229,459
TAN-022815,2021,EM.17261,3,3,6,179,172,351
TAN-022818,2021,EM.5745,1,12,13,387,368,755
TAN-022820,2021,EM.17268,1,9,10,454,416,870
TAN-022822,2021,EM.3723,4,1,5,197,161,358
TAN-022824,2021,EM.8032,4,3,7,341,291,632
TAN-022827,2021,EM.6900,3,4,7,344,341,685
TAN-022829,2021,EM.598,5,4,9,427,465,892
TAN-022831,2021,EM.7549,0,6,6,179,190,369
TAN-022833,2021,EM.7552,4,2,6,126,123,249
TAN-022835,2021,EM.6898,6,1,7,235,217,452
TAN-022837,2021,EM.16985,2,2,4,14,15,29
TAN-022839,2021,EM.427,4,1,5,163,160,323
TAN-022844,2021,EM.2747,5,7,12,596,515,1111
TAN-022849,2021,EM.428,4,1,5,129,116,245
TAN-022851,2021,EM.3242,2,4,6,104,112,216
TAN-022853,2021,EM.6896,2,5,7,369,323,692
TAN-022855,2021,EM.3727,3,2,5,166,159,325
TAN-022857,2021,EM.3728,4,2,6,163,168,331
TAN-022859,2021,EM.2852,1,5,6,232,188,420
TAN-022861,2021,EM.10026,6,1,7,121,95,216
TAN-022863,2021,EM.6897,3,5,8,179,186,365
TAN-022866,2021,EM.1167,4,3,7,358,343,701
TAN-022868,2021,EM.11542,2,6,8,229,205,434
TAN-022870,2021,EM.4563,4,11,15,392,434,826
TAN-022872,2021,EM.2444,6,1,7,121,101,222
TAN-022874,2021,EM.13867,1,8,9,244,239,483
TAN-022876,2021,EM.1766,2,11,13,402,417,819
TAN-022878,2021,EM.1999,1,7,8,120,119,239
TAN-022880,2021,EM.10262,0,14,14,469,447,916
TAN-022882,2021,EM.13495,0,8,8,281,287,568
TAN-022884,2021,EM.6899,4,2,6,217,216,433
TAN-022886,2021,EM.2742,4,2,6,310,273,583
TAN-022888,2021,EM.2445,5,3,8,422,411,833
TAN-022890,2021,EM.3730,3,2,5,238,232,470
TAN-022892,2021,EM.13865,4,1,5,128,110,238
TAN-022894,2021,EM.5741,5,0,5,188,202,390
TAN-022896,2021,EM.983,2,5,7,102,97,199
TAN-022898,2021,EM.984,5,3,8,311,395,706
TAN-022900,2021,EM.9127,4,3,7,276,271,547
TAN-022902,2021,EM.8035,4,1,5,174,177,351
TAN-022904,2021,EM.5736,3,3,6,72,63,135
TAN-022906,2021,EM.1765,6,0,6,128,167,295
TAN-022908,2021,EM.2597,5,0,5,68,51,119
TAN-022910,2021,EM.13001,8,2,10,73,84,157
TAN-022912,2021,EM.254,4,0,4,154,172,326
TAN-022914,2021,EM.1854,1,3,4,181,146,327
TAN-022916,2021,EM.5754,6,13,19,263,236,499
TAN-022919,2021,EM.209,11,4,15,385,368,753
TAN-022922,2021,EM.4025,7,2,9,159,172,331
TAN-022925,2021,EM.5752,9,17,26,396,385,781
TAN-022928,2021,EM.985,5,5,10,189,181,370
TAN-022931,2021,EM.2000,10,12,22,451,417,868
TAN-022934,2021,EM.2193,5,10,15,273,258,531
TAN-022937,2021,EM.6908,7,1,8,95,101,196
TAN-022940,2021,EM.2194,5,6,11,161,156,317
TAN-022943,2021,EM.1705,6,1,7,103,94,197
TAN-022946,2021,EM.8036,7,18,25,276,315,591
TAN-022949,2021,EM.6906,6,1,7,148,138,286
TAN-022952,2021,EM.5755,5,10,15,291,300,591
TAN-022955,2021,EM.6905,5,9,14,219,220,439
TAN-022958,2021,EM.6907,7,3,10,183,188,371
TAN-022961,2021,EM.168,8,11,19,282,227,509
TAN-022964,2021,EM.13005,2,6,8,59,65,124
TAN-022967,2021,EM.2092,3,5,8,196,254,450
TAN-022968,2021,EM.5756,4,3,7,161,157,318
TAN-022969,2021,EM.2093,4,4,8,242,273,515
TAN-022970,2021,EM.1935,2,6,8,276,268,544
TAN-022971,2021,EM.986,3,7,10,203,206,409
TAN-022972,2021,EM.12357,4,8,12,231,242,473
TAN-022973,2021,EM.1855,4,8,12,400,438,838
TAN-022974,2021,EM.1856,2,8,10,194,156,350
TAN-022975,2021,EM.13875,2,5,7,156,136,292
TAN-022976,2021,EM.601,3,3,6,251,236,487
TAN-022977,2021,EM.13869,4,1,5,190,176,366
TAN-022978,2021,EM.1931,3,1,4,257,235,492
TAN-022979,2021,EM.2002,2,3,5,182,188,370
TAN-022980,2021,EM.7562,6,0,6,256,249,505
TAN-022981,2021,EM.10264,4,2,6,201,193,394
TAN-022982,2021,EM.7564,1,4,5,253,256,509
TAN-022983,2021,EM.3404,5,1,6,229,202,431
TAN-022987,2021,EM.11544,5,0,5,192,216,408
TAN-022988,2021,EM.3733,4,1,5,292,302,594
TAN-022989,2021,EM.11079,5,1,6,280,247,527
TAN-022990,2021,EM.13870,7,1,8,187,158,345
TAN-022991,2021,EM.8037,5,2,7,214,206,420
TAN-022992,2021,EM.2745,2,9,11,161,167,328
TAN-022993,2021,EM.11077,3,6,9,228,248,476
TAN-022994,2021,EM.11547,3,2,5,194,183,377
TAN-022995,2021,EM.6921,3,1,4,252,236,488
TAN-022998,2021,EM.11081,5,1,6,290,300,590
TAN-022999,2021,EM.6923,3,3,6,313,318,631
TAN-023002,2021,EM.12356,6,1,7,156,153,309
TAN-023003,2021,EM.6913,5,5,10,264,233,497
TAN-023004,2021,EM.1453,2,6,8,193,178,371
TAN-023005,2021,EM.1706,5,6,11,224,291,515
TAN-023006,2021,EM.4567,4,2,6,200,200,400
TAN-023007,2021,EM.2853,2,4,6,186,196,382
TAN-023008,2021,EM.5765,3,2,5,262,219,481
TAN-023009,2021,EM.8425,3,4,7,208,235,443
TAN-023010,2021,EM.3732,7,3,10,421,378,799
TAN-023011,2021,EM.14557,4,5,9,140,140,280
TAN-023012,2021,EM.5760,5,11,16,593,593,1186
TAN-023015,2021,EM.9576,5,4,9,347,313,660
TAN-023016,2021,EM.13007,5,1,6,199,177,376
TAN-023017,2021,EM.2446,6,1,7,168,179,347
TAN-023018,2021,EM.1450,5,6,11,737,749,1486
TAN-023021,2021,EM.8966,6,2,8,140,161,301
TAN-023022,2021,EM.655,5,0,5,203,169,372
TAN-023023,2021,EM.2340,3,18,21,303,270,573
TAN-023026,2021,EM.1451,7,16,23,374,370,744
TAN-023029,2021,EM.6915,1,14,15,270,282,552
TAN-023030,2021,EM.12358,2,17,19,272,230,502
TAN-023031,2021,EM.6927,3,17,20,368,303,671
TAN-023032,2021,EM.2001,3,3,6,328,370,698
TAN-023033,2021,EM.11545,5,1,6,389,423,812
TAN-023034,2021,EM.11546,5,0,5,191,221,412
TAN-023035,2021,EM.4568,6,1,7,299,285,584
TAN-023036,2021,EM.8426,5,0,5,274,282,556
TAN-023037,2021,EM.2447,4,5,9,273,263,536
TAN-023040,2021,EM.5761,4,5,9,325,328,653
TAN-023041,2021,EM.9129,5,3,8,243,332,575
TAN-023042,2021,EM.11548,5,3,8,178,205,383
TAN-023043,2021,EM.3011,3,5,8,300,320,620
TAN-023044,2021,EM.1452,9,3,12,416,476,892
TAN-023045,2021,EM.600,4,5,9,280,267,547
TAN-023048,2021,EM.1933,2,6,8,304,319,623
TAN-023049,2021,EM.2004,6,4,10,258,306,564
TAN-023050,2021,EM.6922,6,4,10,333,316,649
TAN-023051,2021,EM.2448,4,2,6,277,265,542
TAN-023052,2021,EM.1707,6,7,13,604,623,1227
TAN-023053,2021,EM.10263,4,4,8,283,329,612
TAN-023054,2021,EM.11076,2,3,5,237,260,497
TAN-023055,2021,EM.6914,2,6,8,416,480,896
TAN-023058,2021,EM.3734,7,0,7,350,362,712
TAN-023059,2021,EM.12359,5,3,8,263,308,571
TAN-023060,2021,EM.6918,6,4,10,358,432,790
TAN-023063,2021,EM.731,4,3,7,146,178,324
TAN-023066,2021,EM.8191,4,1,5,204,176,380
TAN-023067,2021,EM.13873,6,3,9,267,268,535
TAN-023068,2021,EM.2529,9,2,11,447,450,897
TAN-023072,2021,EM.8274,3,16,19,510,532,1042
TAN-023076,2021,EM.3246,6,0,6,263,320,583
TAN-023077,2021,EM.6926,5,1,6,151,133,284
TAN-023078,2021,EM.5767,5,1,6,385,386,771
TAN-023079,2021,EM.429,3,7,10,187,191,378
TAN-023082,2021,EM.333,3,3,6,190,175,365
TAN-023083,2021,EM.6920,4,1,5,191,184,375
TAN-023084,2021,EM.6924,3,4,7,135,148,283
TAN-023085,2021,EM.2196,2,4,6,336,290,626
TAN-023088,2021,EM.987,1,6,7,282,305,587
TAN-023089,2021,EM.5766,2,4,6,266,280,546
TAN-023092,2021,EM.6911,5,2,7,303,264,567
TAN-023093,2021,EM.1449,8,6,14,481,503,984
TAN-023096,2021,EM.7563,5,3,8,348,367,715
TAN-023097,2021,EM.5762,6,2,8,204,155,359
TAN-023098,2021,EM.13006,4,8,12,127,119,246
TAN-023099,2021,EM.6919,6,3,9,323,299,622
TAN-023100,2021,EM.8965,5,1,6,81,71,152
TAN-023101,2021,EM.5763,4,1,5,355,348,703
TAN-023102,2021,EM.95,2,6,8,420,363,783
TAN-023103,2021,EM.5764,5,2,7,116,117,233
TAN-023104,2021,EM.5757,1,4,5,201,235,436
TAN-023105,2021,EM.13872,3,3,6,156,157,313
TAN-023106,2021,EM.1932,3,4,7,245,226,471
TAN-023107,2021,EM.2197,4,5,9,308,324,632
TAN-023108,2021,EM.2094,2,7,9,151,182,333
TAN-023109,2021,EM.7559,5,6,11,217,252,469
TAN-023110,2021,EM.988,5,5,10,193,169,362
TAN-023111,2021,EM.13008,0,13,13,215,224,439
TAN-023112,2021,EM.6909,5,1,6,156,191,347
TAN-023113,2021,EM.6912,4,3,7,243,198,441
TAN-023114,2021,EM.86,3,4,7,195,189,384
TAN-023117,2021,EM.13877,4,0,4,159,159,318
TAN-023118,2021,EM.599,3,2,5,246,254,500
TAN-023119,2021,EM.3244,4,7,11,540,557,1097
TAN-023122,2021,EM.7560,4,2,6,148,132,280
TAN-023123,2021,EM.6925,3,4,7,341,317,658
TAN-023124,2021,EM.2005,6,4,10,525,535,1060
TAN-023125,2021,EM.2195,8,2,10,335,312,647
TAN-023126,2021,EM.4566,6,8,14,430,493,923
TAN-023127,2021,EM.9456,6,6,12,477,465,942
TAN-023128,2021,EM.10027,3,9,12,398,433,831
TAN-023129,2021,EM.5759,3,2,5,242,313,555
TAN-023132,2021,EM.1558,3,3,6,330,382,712
TAN-023135,2021,EM.13876,2,4,6,346,382,728
TAN-023136,2021,EM.2198,4,2,6,266,315,581
TAN-023137,2021,EM.9226,4,11,15,307,322,629
TAN-023138,2021,EM.6916,4,5,9,158,149,307
TAN-023139,2021,EM.732,5,16,21,309,296,605
TAN-023142,2021,EM.2341,5,1,6,237,251,488
TAN-023145,2021,EM.7565,4,0,4,270,216,486
TAN-023148,2021,EM.377,5,1,6,255,281,536
TAN-023151,2021,EM.28,5,1,6,184,195,379
TAN-023154,2021,EM.13880,4,1,5,132,138,270
TAN-023157,2021,EM.3735,8,4,12,325,289,614
TAN-023160,2021,EM.7567,4,2,6,95,112,207
TAN-023163,2021,EM.2449,3,4,7,282,318,600
TAN-023166,2021,EM.10028,5,2,7,377,367,744
TAN-023169,2021,EM.5772,7,1,8,127,143,270
TAN-023172,2021,EM.13498,5,1,6,163,137,300
TAN-023175,2021,EM.3736,3,3,6,337,277,614
TAN-023178,2021,EM.9457,4,5,9,429,439,868
TAN-023181,2021,EM.9131,5,2,7,114,106,220
TAN-023184,2021,EM.11550,5,1,6,92,78,170
TAN-023187,2021,EM.2096,2,2,4,95,92,187
TAN-023190,2021,EM.8039,2,6,8,95,92,187
TAN-023193,2021,EM.9130,3,2,5,155,167,322
TAN-023196,2021,EM.1454,4,2,6,35,39,74
TAN-023199,2021,EM.13496,5,1,6,98,109,207
TAN-023202,2021,EM.1559,1,8,9,185,181,366
TAN-023205,2021,EM.8038,4,1,5,179,159,338
TAN-023208,2021,EM.5769,4,2,6,120,126,246
TAN-023211,2021,EM.8045,1,4,5,82,103,185
TAN-023214,2021,EM.1858,3,6,9,266,285,551
TAN-023217,2021,EM.8041,4,5,9,263,231,494
TAN-023220,2021,EM.10265,2,3,5,206,132,338
TAN-023223,2021,EM.7570,7,0,7,69,80,149
TAN-023226,2021,EM.1936,4,4,8,280,290,570
TAN-023229,2021,EM.5770,4,4,8,136,134,270
TAN-023232,2021,EM.8044,4,2,6,112,92,204
TAN-023235,2021,EM.13010,2,3,5,143,117,260
TAN-023238,2021,EM.25,4,6,10,255,223,478
TAN-023241,2021,EM.8042,2,6,8,274,267,541
TAN-023244,2021,EM.13009,4,9,13,380,370,750
TAN-023247,2021,EM.5771,2,3,5,103,92,195
TAN-023250,2021,EM.13011,1,7,8,232,242,474
TAN-023253,2021,EM.7568,3,2,5,126,90,216
TAN-023256,2021,EM.8043,4,1,5,226,221,447
TAN-023259,2021,EM.430,5,0,5,231,203,434
TAN-023262,2021,EM.3406,4,2,6,189,197,386
TAN-023265,2021,EM.5768,6,3,9,83,80,163
TAN-023268,2021,EM.135,2,3,5,144,144,288
TAN-023271,2021,EM.2199,4,4,8,165,180,345
TAN-023274,2021,EM.2095,3,3,6,82,99,181
TAN-023277,2021,EM.12360,3,4,7,161,149,310
TAN-023280,2021,EM.3738,4,2,6,141,143,284
TAN-023283,2021,EM.4026,2,3,5,265,267,532
TAN-023286,2021,EM.1859,2,4,6,338,317,655
TAN-023289,2021,EM.2006,2,16,18,524,481,1005
TAN-023292,2021,EM.602,4,2,6,351,282,633
TAN-023295,2021,EM.8193,5,0,5,305,263,568
TAN-023298,2021,EM.1170,3,4,7,227,228,455
TAN-023301,2021,EM.8427,5,1,6,153,143,296
TAN-023304,2021,EM.7566,4,2,6,160,150,310
TAN-023307,2021,EM.2201,3,4,7,234,242,476
TAN-023310,2021,EM.3739,7,1,8,181,130,311
TAN-023313,2021,EM.8047,4,2,6,116,91,207
TAN-023316,2021,EM.2097,2,4,6,217,190,407
TAN-023319,2021,EM.7586,4,2,6,134,130,264
TAN-023322,2021,EM.2206,2,3,5,126,105,231
TAN-023325,2021,EM.14749,3,1,4,51,53,104
TAN-023328,2021,EM.7576,0,7,7,204,219,423
TAN-023331,2021,EM.7578,3,3,6,97,94,191
TAN-023334,2021,EM.2207,4,4,8,225,226,451
TAN-023337,2021,EM.8681,3,2,5,145,111,256
TAN-023340,2021,EM.334,3,3,6,428,432,860
TAN-023343,2021,EM.12362,4,1,5,114,112,226
TAN-023346,2021,EM.13021,7,2,9,121,95,216
TAN-023349,2021,EM.733,1,5,6,109,103,212
TAN-023352,2021,EM.7574,1,7,8,208,194,402
TAN-023355,2021,EM.7577,2,6,8,234,229,463
TAN-023358,2021,EM.5776,7,1,8,204,208,412
TAN-023361,2021,EM.7593,2,3,5,129,117,246
TAN-023364,2021,EM.4571,3,2,5,174,143,317
TAN-023367,2021,EM.6929,4,2,6,235,233,468
TAN-023370,2021,EM.3020,4,2,6,128,137,265
TAN-023373,2021,EM.7571,3,3,6,130,128,258
TAN-023376,2021,EM.5774,3,5,8,290,282,572
TAN-023379,2021,EM.7582,4,3,7,131,117,248
TAN-023382,2021,EM.3017,6,2,8,246,231,477
TAN-023385,2021,EM.13014,3,9,12,235,227,462
TAN-023388,2021,EM.8194,3,4,7,127,73,200
TAN-023391,2021,EM.1708,3,8,11,181,165,346
TAN-023394,2021,EM.7580,1,9,10,255,258,513
TAN-023397,2021,EM.6930,3,6,9,180,202,382
TAN-023400,2021,EM.4027,1,6,7,231,202,433
TAN-023403,2021,EM.47,3,5,8,229,196,425
TAN-023406,2021,EM.8197,3,4,7,124,114,238
TAN-023409,2021,EM.7573,3,2,5,105,80,185
TAN-023412,2021,EM.65,4,0,4,139,102,241
TAN-023415,2021,EM.8198,4,2,6,356,312,668
TAN-023418,2021,EM.13013,1,12,13,258,269,527
TAN-023421,2021,EM.5777,4,12,16,387,341,728
TAN-023424,2021,EM.13017,4,8,12,280,282,562
TAN-023427,2021,EM.734,4,12,16,533,496,1029
TAN-023430,2021,EM.13020,12,1,13,214,197,411
TAN-023433,2021,EM.7583,4,3,7,154,126,280
TAN-023436,2021,EM.4570,4,4,8,152,155,307
TAN-023439,2021,EM.5778,4,2,6,150,163,313
TAN-023442,2021,EM.3407,1,3,4,171,187,358
TAN-023445,2021,EM.2746,8,4,12,107,112,219
TAN-023448,2021,EM.14747,3,3,6,179,162,341
TAN-023450,2021,EM.2205,3,3,6,303,301,604
TAN-023453,2021,EM.13018,3,2,5,128,105,233
TAN-023456,2021,EM.8196,3,5,8,249,236,485
TAN-023459,2021,EM.7587,4,3,7,408,353,761
TAN-023462,2021,EM.1455,4,4,8,314,318,632
TAN-023465,2021,EM.1860,0,5,5,104,84,188
TAN-023468,2021,EM.11551,2,11,13,360,267,627
TAN-023471,2021,EM.136,6,2,8,227,219,446
TAN-023474,2021,EM.7581,3,3,6,81,86,167
TAN-023477,2021,EM.13881,5,0,5,104,86,190
TAN-023480,2021,EM.2098,4,1,5,117,115,232
TAN-023483,2021,EM.6928,2,6,8,168,174,342
TAN-023486,2021,EM.14564,4,4,8,152,130,282
TAN-023488,2021,EM.1937,4,4,8,248,287,535
TAN-023491,2021,EM.2007,4,2,6,122,99,221
TAN-023494,2021,EM.3247,4,1,5,125,114,239
TAN-023497,2021,EM.13019,2,12,14,342,343,685
TAN-023500,2021,EM.13022,0,8,8,298,279,577
TAN-023503,2021,EM.3016,3,4,7,216,181,397
TAN-023506,2021,EM.43,3,6,9,191,160,351
TAN-023509,2021,EM.1769,3,4,7,194,196,390
TAN-023512,2021,EM.7572,3,6,9,179,152,331
TAN-023515,2021,EM.13012,2,3,5,92,74,166
TAN-023518,2021,EM.7575,3,1,4,108,109,217
TAN-023521,2021,EM.3013,2,4,6,119,130,249
TAN-023524,2021,EM.5775,3,3,6,106,75,181
TAN-023527,2021,EM.3019,3,2,5,228,236,464
TAN-023530,2021,EM.14745,3,3,6,259,236,495
TAN-023533,2021,EM.5773,4,2,6,245,215,460
TAN-023536,2021,EM.14746,4,1,5,112,90,202
TAN-023539,2021,EM.7588,6,1,7,129,117,246
TAN-023542,2021,EM.378,2,8,10,249,240,489
TAN-023545,2021,EM.7595,4,2,6,187,175,362
TAN-023548,2021,EM.8046,2,4,6,224,203,427
TAN-023551,2021,EM.2203,2,3,5,87,77,164
TAN-023554,2021,EM.3014,5,2,7,144,161,305
TAN-023557,2021,EM.60,2,4,6,233,266,499
TAN-023560,2021,EM.13015,3,0,3,95,106,201
TAN-023563,2021,EM.3740,5,1,6,328,308,636
TAN-023566,2021,EM.3248,3,1,4,199,197,396
TAN-023569,2021,EM.6932,4,2,6,124,107,231
TAN-023572,2021,EM.3743,2,3,5,202,195,397
TAN-023575,2021,EM.13023,2,3,5,187,179,366
TAN-023578,2021,EM.13024,5,1,6,129,130,259
TAN-023581,2021,EM.10885,2,8,10,130,149,279
TAN-023584,2021,EM.379,3,9,12,635,653,1288
TAN-023587,2021,EM.108,4,2,6,251,270,521
TAN-023590,2021,EM.9577,3,1,4,112,122,234
TAN-023593,2021,EM.4573,3,3,6,96,109,205
TAN-023596,2021,EM.7597,5,0,5,191,193,384
TAN-023599,2021,EM.6933,5,1,6,122,96,218
TAN-023602,2021,EM.2208,2,3,5,193,218,411
TAN-023605,2021,EM.9227,4,2,6,153,149,302
TAN-023608,2021,EM.11552,3,3,6,105,119,224
TAN-023611,2021,EM.2855,4,2,6,126,100,226
TAN-023614,2021,EM.7596,5,2,7,132,135,267
TAN-023617,2021,EM.3249,4,1,5,121,129,250
TAN-023620,2021,EM.431,5,5,10,351,390,741
TAN-023623,2021,EM.7598,4,1,5,44,54,98
TAN-023626,2021,EM.6934,5,3,8,112,102,214
TAN-023629,2021,EM.1938,4,16,20,623,620,1243
TAN-023632,2021,EM.6931,2,17,19,294,296,590
TAN-023635,2021,EM.3742,3,2,5,82,84,166
TAN-023638,2021,EM.5781,3,2,5,201,163,364
TAN-023641,2021,EM.2598,4,1,5,104,74,178
TAN-023644,2021,EM.3744,4,2,6,172,169,341
TAN-023647,2021,EM.432,3,24,27,579,588,1167
TAN-023650,2021,EM.3252,3,21,24,530,473,1003
TAN-023653,2021,EM.6935,6,1,7,148,159,307
TAN-023656,2021,EM.9229,7,1,8,140,133,273
TAN-023659,2021,EM.2010,7,4,11,224,212,436
TAN-023662,2021,EM.2530,1,8,9,212,219,431
TAN-023665,2021,EM.2531,3,13,16,283,272,555
TAN-023668,2021,EM.12367,3,6,9,189,184,373
TAN-023671,2021,EM.1862,2,12,14,294,281,575
TAN-023674,2021,EM.1456,3,5,8,198,198,396
TAN-023677,2021,EM.4574,11,18,29,932,932,1864
TAN-023680,2021,EM.2099,3,21,24,514,540,1054
TAN-023683,2021,EM.12369,4,14,18,472,502,974
TAN-023686,2021,EM.13882,5,3,8,176,151,327
TAN-023689,2021,EM.4575,3,10,13,324,338,662
TAN-023692,2021,EM.9458,4,4,8,149,134,283
TAN-023695,2021,EM.1560,6,1,7,193,191,384
TAN-023698,2021,EM.3251,6,2,8,255,228,483
TAN-023701,2021,EM.8049,7,1,8,293,272,565
TAN-023704,2021,EM.12366,2,15,17,348,399,747
TAN-023707,2021,EM.9132,2,11,13,428,445,873
TAN-023710,2021,EM.8967,4,12,16,353,346,699
TAN-023713,2021,EM.2209,2,11,13,283,241,524
TAN-023716,2021,EM.12370,2,11,13,322,313,635
TAN-023719,2021,EM.12372,3,20,23,533,506,1039
TAN-023722,2021,EM.3021,7,1,8,183,197,380
TAN-023725,2021,EM.9228,3,4,7,172,141,313
TAN-023728,2021,EM.5785,6,7,13,398,392,790
TAN-023731,2021,EM.13025,11,23,34,168,183,351
TAN-023734,2021,EM.2749,1,7,8,221,181,402
TAN-023737,2021,EM.2008,2,7,9,159,168,327
TAN-023740,2021,EM.2751,2,8,10,117,134,251
TAN-023743,2021,EM.12364,5,14,19,372,372,744
TAN-023746,2021,EM.2750,2,11,13,386,348,734
TAN-023749,2021,EM.2100,2,16,18,457,424,881
TAN-023752,2021,EM.2009,5,0,5,64,70,134
TAN-023755,2021,EM.380,9,2,11,353,322,675
TAN-023758,2021,EM.5782,3,23,26,519,496,1015
TAN-023761,2021,EM.13883,5,24,29,602,605,1207
TAN-023764,2021,EM.8050,1,7,8,116,93,209
TAN-023767,2021,EM.9049,5,14,19,444,433,877
TAN-023770,2021,EM.210,4,14,18,409,386,795
TAN-023773,2021,EM.12368,4,9,13,351,318,669
TAN-023776,2021,EM.1863,3,10,13,332,326,658
TAN-023779,2021,EM.2752,4,14,18,416,444,860
TAN-023782,2021,EM.2748,3,11,14,373,317,690
TAN-023785,2021,EM.9332,7,12,19,560,543,1103
TAN-023788,2021,EM.5786,5,3,8,143,132,275
TAN-023791,2021,EM.9333,4,2,6,142,127,269
TAN-023794,2021,EM.4029,2,21,23,403,422,825
TAN-023797,2021,EM.5783,7,3,10,274,227,501
TAN-023800,2021,EM.9578,4,6,10,197,199,396
TAN-023803,2021,EM.1939,9,22,31,552,539,1091
TAN-023806,2021,EM.1561,3,16,19,507,519,1026
TAN-023809,2021,EM.381,7,24,31,815,802,1617
TAN-023812,2021,EM.7601,4,20,24,666,688,1354
TAN-023815,2021,EM.7599,2,4,6,142,137,279
TAN-023818,2021,EM.8053,6,1,7,145,149,294
TAN-023821,2021,EM.989,6,3,9,139,131,270
TAN-023824,2021,EM.2753,9,22,31,393,357,750
